21916 1340 24751
1340 21916 24751
24751 1340 21916
23797 2289 7644
2289 7644 23797
7644 2289 23797
20099 564 3873
564 3873 20099
3873 564 20099
10564 7974 24341
24341 7974 10564
7974 10564 24341
21165 21328 28581
28581 21165 21328
21328 21165 28581
4504 19471 24991
19471 4504 24991
24991 4504 19471
19875 8112 27854
27854 8112 19875
8112 19875 27854
25637 19510 24434
24434 19510 25637
19510 24434 25637
9556 18300 24828
24828 9556 18300
18300 9556 24828
23580 14490 24924
24924 14490 23580
14490 23580 24924
27671 6572 23203
6572 23203 27671
23203 6572 27671
9573 1076 6119
6119 1076 9573
1076 6119 9573
23970 4198 8973
4198 8973 23970
8973 4198 23970
21658 9458 28484
9458 21658 28484
28484 9458 21658
9795 11336 19687
11336 9795 19687
19687 9795 11336
19495 23706 26939
23706 19495 26939
26939 19495 23706
6048 15294 28066
28066 6048 15294
15294 6048 28066
25618 4086 5310
4086 5310 25618
5310 4086 25618
23751 6500 14756
6500 14756 23751
14756 6500 23751
19755 2269 22797
2269 19755 22797
22797 2269 19755
12185 10971 11095
11095 10971 12185
10971 11095 12185
21770 16642 19499
16642 19499 21770
19499 16642 21770
2799 3521 18308
3521 2799 18308
18308 2799 3521
24450 25478 25835
25478 24450 25835
25835 24450 25478
24058 4497 15742
4497 15742 24058
15742 4497 24058
19826 6402 10726
6402 10726 19826
10726 6402 19826
18085 13776 29501
29501 13776 18085
13776 18085 29501
2561 4120 23667
4120 2561 23667
23667 2561 4120
20492 13368 16550
13368 16550 20492
16550 13368 20492
24832 7557 13522
13522 7557 24832
7557 13522 24832
13021 8547 25642
25642 8547 13021
8547 13021 25642
18764 21856 24634
24634 18764 21856
21856 18764 24634
19757 832 9530
9530 832 19757
832 9530 19757
26946 7459 27308
27308 7459 26946
7459 26946 27308
25068 10081 19668
19668 10081 25068
10081 19668 25068
17057 4270 9660
9660 4270 17057
4270 9660 17057
2619 24760 26865
24760 2619 26865
26865 2619 24760
11413 7184 24164
7184 11413 24164
24164 7184 11413
1411 5081 13263
5081 1411 13263
13263 1411 5081
6955 8129 24716
8129 6955 24716
24716 6955 8129
28372 10765 19648
19648 10765 28372
10765 19648 28372
11523 5166 9424
9424 5166 11523
5166 9424 11523
18297 20529 26969
20529 18297 26969
26969 18297 20529
23249 2006 23784
2006 23249 23784
23784 2006 23249
2488 8296 11662
11662 2488 8296
8296 2488 11662
2087 16183 26266
26266 2087 16183
16183 2087 26266
26416 6020 20289
20289 6020 26416
6020 20289 26416
15219 21 28286
28286 21 15219
21 15219 28286
29611 24145 27357
27357 24145 29611
24145 27357 29611
14097 2852 23081
23081 2852 14097
2852 14097 23081
25669 5119 18288
18288 5119 25669
5119 18288 25669
6128 4040 27560
4040 6128 27560
27560 4040 6128
8587 1253 21880
21880 1253 8587
1253 8587 21880
24696 14331 19859
14331 19859 24696
19859 14331 24696
9186 10037 10058
10058 9186 10037
10037 9186 10058
11629 15614 18587
18587 11629 15614
15614 11629 18587
22394 9444 26572
9444 22394 26572
26572 9444 22394
12788 2117 24864
2117 12788 24864
24864 2117 12788
29330 3642 26082
26082 3642 29330
3642 26082 29330
10149 479 25153
479 10149 25153
25153 479 10149
10232 17672 19959
17672 10232 19959
19959 10232 17672
14350 4296 24573
24573 4296 14350
4296 14350 24573
15698 7187 26206
26206 7187 15698
7187 15698 26206
11879 12555 20789
12555 11879 20789
20789 11879 12555
21081 15819 26978
26978 15819 21081
15819 21081 26978
24721 8760 22303
22303 8760 24721
8760 22303 24721
1239 9081 15847
9081 1239 15847
15847 1239 9081
27680 13512 22879
22879 13512 27680
13512 22879 27680
16072 5210 29249
29249 5210 16072
5210 16072 29249
8249 9952 21085
9952 8249 21085
21085 8249 9952
17673 1728 6200
1728 6200 17673
6200 1728 17673
7003 3204 29338
3204 7003 29338
29338 3204 7003
24993 7256 16848
16848 7256 24993
7256 16848 24993
8659 6705 26748
6705 8659 26748
26748 6705 8659
3867 5502 27688
27688 3867 5502
5502 3867 27688
15827 4582 6482
6482 4582 15827
4582 6482 15827
465 3261 8872
3261 465 8872
8872 465 3261
4375 6554 8285
8285 4375 6554
6554 4375 8285
6685 13242 20563
13242 6685 20563
20563 6685 13242
11106 4324 6603
6603 4324 11106
4324 6603 11106
105 6258 26337
26337 105 6258
6258 105 26337
3445 3545 8350
8350 3445 3545
3545 3445 8350
19432 19893 23894
23894 19432 19893
19893 19432 23894
10427 21312 22512
22512 10427 21312
21312 10427 22512
16645 15520 28718
15520 16645 28718
28718 15520 16645
26516 2219 11783
11783 2219 26516
2219 11783 26516
27044 15410 23695
23695 15410 27044
15410 23695 27044
22864 18243 28450
28450 18243 22864
18243 22864 28450
26143 1037 22081
1037 22081 26143
22081 1037 26143
6575 7572 20725
7572 6575 20725
20725 6575 7572
24921 9805 19521
9805 19521 24921
19521 9805 24921
19406 12036 18757
12036 18757 19406
18757 12036 19406
9314 3391 22195
3391 9314 22195
22195 3391 9314
4052 4896 5007
4896 4052 5007
5007 4052 4896
11010 20277 27977
20277 11010 27977
27977 11010 20277
28254 4986 15625
4986 15625 28254
15625 4986 28254
20830 162 8979
8979 162 20830
162 8979 20830
16231 2532 12303
2532 12303 16231
12303 2532 16231
3758 12353 18029
12353 3758 18029
18029 3758 12353
24396 11389 27072
27072 11389 24396
11389 24396 27072
2126 2606 13270
2606 2126 13270
13270 2126 2606
22123 2076 19363
2076 19363 22123
19363 2076 22123
17855 8358 10436
10436 8358 17855
8358 10436 17855
3679 15664 22360
22360 3679 15664
15664 3679 22360
19908 10490 15938
10490 15938 19908
15938 10490 19908
13765 14582 25693
14582 13765 25693
25693 13765 14582
10159 10442 17076
10442 10159 17076
17076 10159 10442
18853 3647 17784
3647 17784 18853
17784 3647 18853
3110 23282 25374
23282 3110 25374
25374 3110 23282
9440 21087 27098
21087 9440 27098
27098 9440 21087
5423 23906 29199
29199 5423 23906
23906 5423 29199
11326 14777 19004
14777 11326 19004
19004 11326 14777
5816 10313 20599
20599 5816 10313
10313 5816 20599
25771 1986 19865
19865 1986 25771
1986 19865 25771
14917 5267 28092
5267 14917 28092
28092 5267 14917
766 13777 18495
18495 766 13777
13777 766 18495
11154 3148 13322
13322 3148 11154
3148 11154 13322
5712 24777 26326
24777 5712 26326
26326 5712 24777
26252 3947 24183
24183 3947 26252
3947 24183 26252
15507 10426 24228
24228 10426 15507
10426 15507 24228
11051 14380 27622
27622 11051 14380
14380 11051 27622
10166 16890 22664
16890 10166 22664
22664 10166 16890
14033 23486 25668
25668 14033 23486
23486 14033 25668
17198 1081 14512
1081 14512 17198
14512 1081 17198
3853 14363 15972
14363 3853 15972
15972 3853 14363
5820 20932 22595
22595 5820 20932
20932 5820 22595
23408 14082 17279
17279 14082 23408
14082 17279 23408
28798 18016 23350
18016 23350 28798
23350 18016 28798
16160 7394 27159
7394 16160 27159
27159 7394 16160
21281 17688 24611
24611 17688 21281
17688 21281 24611
12664 507 9732
507 9732 12664
9732 507 12664
13100 4087 15287
4087 13100 15287
15287 4087 13100
18720 5256 8597
5256 8597 18720
8597 5256 18720
11069 13589 16236
16236 11069 13589
13589 11069 16236
24214 13899 26965
26965 13899 24214
13899 24214 26965
18871 7560 26799
26799 7560 18871
7560 18871 26799
3893 5613 12996
12996 3893 5613
5613 3893 12996
4563 10877 25884
25884 4563 10877
10877 4563 25884
29735 831 2275
2275 831 29735
831 2275 29735
21461 19514 20561
20561 19514 21461
19514 20561 21461
22183 979 20270
20270 979 22183
979 20270 22183
24796 5758 25456
5758 24796 25456
25456 5758 24796
20477 4046 8611
8611 4046 20477
4046 8611 20477
15295 3982 9080
3982 9080 15295
9080 3982 15295
2715 20079 27741
27741 2715 20079
20079 2715 27741
3022 17664 26035
17664 3022 26035
26035 3022 17664
15206 5969 12937
5969 12937 15206
12937 5969 15206
23040 1620 20572
20572 1620 23040
1620 20572 23040
28904 22834 23090
22834 23090 28904
23090 22834 28904
2336 7553 26066
26066 2336 7553
7553 2336 26066
20283 12684 14850
14850 12684 20283
12684 14850 20283
9272 8287 20478
20478 8287 9272
8287 9272 20478
29497 3997 10203
10203 3997 29497
3997 10203 29497
3102 4452 27077
4452 3102 27077
27077 3102 4452
12195 4876 15073
15073 4876 12195
4876 12195 15073
26343 1610 25364
25364 1610 26343
1610 25364 26343
16107 11952 13836
13836 11952 16107
11952 13836 16107
18580 7143 15737
7143 15737 18580
15737 7143 18580
11845 2317 8879
2317 8879 11845
8879 2317 11845
21601 7643 14857
7643 14857 21601
14857 7643 21601
20237 716 3134
3134 716 20237
716 3134 20237
26464 150 3508
3508 150 26464
150 3508 26464
28030 11780 17954
11780 17954 28030
17954 11780 28030
5133 785 1836
1836 785 5133
785 1836 5133
9902 5893 14763
5893 9902 14763
14763 5893 9902
14558 11550 14914
14914 11550 14558
11550 14558 14914
1604 1123 27715
27715 1123 1604
1123 1604 27715
11987 18598 26608
18598 11987 26608
26608 11987 18598
6682 9338 25757
25757 6682 9338
9338 6682 25757
19704 4078 6118
4078 6118 19704
6118 4078 19704
18439 3662 9169
9169 3662 18439
3662 9169 18439
23794 20269 28883
28883 20269 23794
20269 23794 28883
27022 13088 23827
23827 13088 27022
13088 23827 27022
6795 6785 8703
6785 6795 8703
8703 6785 6795
28368 2620 25272
2620 25272 28368
25272 2620 28368
8483 26288 26721
26288 8483 26721
26721 8483 26288
19789 1280 6868
6868 1280 19789
1280 6868 19789
4732 1543 18082
1543 4732 18082
18082 1543 4732
21132 11023 22750
22750 11023 21132
11023 21132 22750
19602 3168 25740
25740 3168 19602
3168 19602 25740
5384 5350 11621
11621 5350 5384
5350 5384 11621
7076 19380 28138
19380 7076 28138
28138 7076 19380
27373 4770 8638
4770 8638 27373
8638 4770 27373
25346 1170 20870
1170 20870 25346
20870 1170 25346
22929 15967 28102
15967 22929 28102
28102 15967 22929
25943 17071 23386
17071 23386 25943
23386 17071 25943
25847 7842 8768
8768 7842 25847
7842 8768 25847
1624 7241 12821
7241 1624 12821
12821 1624 7241
6165 526 2903
2903 526 6165
526 2903 6165
15682 13212 23753
13212 15682 23753
23753 13212 15682
9993 10800 14694
14694 9993 10800
10800 9993 14694
28596 4925 5403
5403 4925 28596
4925 5403 28596
15522 10394 26731
10394 15522 26731
26731 10394 15522
5417 17618 28152
28152 5417 17618
17618 5417 28152
26278 8478 25995
25995 8478 26278
8478 25995 26278
22417 985 4434
4434 985 22417
985 4434 22417
19031 23376 26239
23376 19031 26239
26239 19031 23376
11215 2592 18888
18888 2592 11215
2592 11215 18888
12070 14669 19383
19383 12070 14669
14669 12070 19383
19064 14783 16158
16158 14783 19064
14783 16158 19064
18886 9662 21720
21720 9662 18886
9662 18886 21720
5950 5952 18245
18245 5950 5952
5952 5950 18245
1479 3885 10652
10652 1479 3885
3885 1479 10652
17617 2787 29793
29793 2787 17617
2787 17617 29793
15809 3704 7494
3704 7494 15809
7494 3704 15809
15458 15308 15349
15308 15349 15458
15349 15308 15458
13510 8500 24043
24043 8500 13510
8500 13510 24043
27906 16162 23942
16162 23942 27906
23942 16162 27906
8687 15598 18063
18063 8687 15598
15598 8687 18063
19232 11255 16969
16969 11255 19232
11255 16969 19232
9779 19770 23207
23207 9779 19770
19770 9779 23207
12818 13010 21818
13010 12818 21818
21818 12818 13010
10850 2506 6461
2506 6461 10850
6461 2506 10850
13548 9845 11703
11703 9845 13548
9845 11703 13548
11510 612 25945
25945 612 11510
612 11510 25945
14163 17761 27073
27073 14163 17761
17761 14163 27073
22761 17314 28182
28182 17314 22761
17314 22761 28182
27633 2402 29520
2402 27633 29520
29520 2402 27633
29216 8503 16074
16074 8503 29216
8503 16074 29216
23451 11826 14007
14007 11826 23451
11826 14007 23451
14254 10683 27146
10683 14254 27146
27146 10683 14254
26348 14091 16437
16437 14091 26348
14091 16437 26348
8515 12369 17810
12369 8515 17810
17810 8515 12369
15775 18875 24453
24453 15775 18875
18875 15775 24453
22567 17464 22385
17464 22385 22567
22385 17464 22567
12557 7062 15172
15172 7062 12557
7062 12557 15172
14247 15413 23946
23946 14247 15413
15413 14247 23946
29858 10809 21657
10809 21657 29858
21657 10809 29858
17902 5290 10077
5290 10077 17902
10077 5290 17902
27328 15105 23752
15105 23752 27328
23752 15105 27328
21510 12229 18198
12229 18198 21510
18198 12229 21510
20092 18567 25508
25508 18567 20092
18567 20092 25508
16022 13004 19157
13004 16022 19157
19157 13004 16022
25019 12190 19975
19975 12190 25019
12190 19975 25019
15103 809 27272
809 15103 27272
27272 809 15103
26694 20169 26234
20169 26234 26694
26234 20169 26694
13872 14356 21837
14356 13872 21837
21837 13872 14356
23003 8027 11329
8027 11329 23003
11329 8027 23003
29882 21383 21484
21484 21383 29882
21383 21484 29882
10139 14925 29616
14925 10139 29616
29616 10139 14925
13606 1623 12066
12066 1623 13606
1623 12066 13606
28971 11520 23831
11520 23831 28971
23831 11520 28971
15302 5776 26574
5776 15302 26574
26574 5776 15302
23421 21290 29845
29845 21290 23421
21290 23421 29845
15626 8619 13832
13832 8619 15626
8619 13832 15626
5013 3528 22877
3528 5013 22877
22877 3528 5013
2695 18544 28901
18544 2695 28901
28901 2695 18544
22701 8727 23235
23235 8727 22701
8727 22701 23235
29053 1242 10250
10250 1242 29053
1242 10250 29053
17853 12946 24615
12946 17853 24615
24615 12946 17853
19278 5223 19409
19409 5223 19278
5223 19278 19409
22612 3023 24332
24332 3023 22612
3023 22612 24332
20101 2437 21746
21746 2437 20101
2437 20101 21746
12032 16228 26047
26047 12032 16228
16228 12032 26047
2857 14552 27818
27818 2857 14552
14552 2857 27818
15674 1647 6580
6580 1647 15674
1647 6580 15674
7709 4233 10153
10153 4233 7709
4233 7709 10153
19177 10212 29395
10212 19177 29395
29395 10212 19177
29086 2382 25315
2382 25315 29086
25315 2382 29086
13381 16384 26940
26940 13381 16384
16384 13381 26940
13820 16626 27976
16626 13820 27976
27976 13820 16626
17112 1900 7138
1900 7138 17112
7138 1900 17112
25467 720 16029
16029 720 25467
720 16029 25467
2361 548 19995
548 2361 19995
19995 548 2361
29463 3280 25292
25292 3280 29463
3280 25292 29463
16221 394 20589
20589 394 16221
394 16221 20589
2399 3754 20342
3754 2399 20342
20342 2399 3754
7225 5124 9218
9218 5124 7225
5124 7225 9218
1094 5587 29583
29583 1094 5587
5587 1094 29583
16979 1382 28281
1382 16979 28281
28281 1382 16979
25893 693 23880
23880 693 25893
693 23880 25893
16108 12444 16372
12444 16108 16372
16372 12444 16108
21028 10494 18239
10494 18239 21028
18239 10494 21028
18061 8360 25967
8360 18061 25967
25967 8360 18061
11311 13430 23913
13430 11311 23913
23913 11311 13430
13619 3665 5330
5330 3665 13619
3665 5330 13619
3772 12899 15025
15025 3772 12899
12899 3772 15025
9292 23153 26145
23153 9292 26145
26145 9292 23153
3030 788 29504
788 3030 29504
29504 788 3030
1496 9671 21623
9671 1496 21623
21623 1496 9671
26824 26879 28957
26879 26824 28957
28957 26824 26879
13153 8880 26741
26741 8880 13153
8880 13153 26741
13978 3485 17207
3485 13978 17207
17207 3485 13978
1738 7148 19213
7148 1738 19213
19213 1738 7148
28546 3767 20501
20501 3767 28546
3767 20501 28546
10141 4574 23267
23267 4574 10141
4574 10141 23267
8870 4196 4600
4600 4196 8870
4196 4600 8870
19710 13741 26189
13741 19710 26189
26189 13741 19710
7609 7860 29966
7860 7609 29966
29966 7609 7860
8561 18401 24694
18401 8561 24694
24694 8561 18401
19241 1998 29790
1998 19241 29790
29790 1998 19241
26034 16262 27845
27845 16262 26034
16262 26034 27845
17477 8071 25891
8071 17477 25891
25891 8071 17477
19942 2081 2455
2455 2081 19942
2081 2455 19942
15732 13655 25059
25059 13655 15732
13655 15732 25059
8903 3790 11094
3790 8903 11094
11094 3790 8903
1145 3680 18527
18527 1145 3680
3680 1145 18527
24931 23644 28788
28788 23644 24931
23644 24931 28788
5622 1102 26693
26693 1102 5622
1102 5622 26693
1446 6086 20234
20234 1446 6086
6086 1446 20234
3550 19093 22043
22043 3550 19093
19093 3550 22043
25633 649 14229
14229 649 25633
649 14229 25633
17283 21099 28100
28100 17283 21099
21099 17283 28100
22531 18453 27758
27758 18453 22531
18453 22531 27758
24162 25361 26238
26238 24162 25361
25361 24162 26238
27783 8085 13458
8085 13458 27783
13458 8085 27783
16271 1178 8346
8346 1178 16271
1178 8346 16271
23380 6952 24253
24253 6952 23380
6952 23380 24253
4312 21608 26095
26095 4312 21608
21608 4312 26095
1747 2480 25620
2480 1747 25620
25620 1747 2480
18317 5630 29913
5630 18317 29913
29913 5630 18317
24672 7396 12772
12772 7396 24672
7396 12772 24672
5322 20600 24467
20600 5322 24467
24467 5322 20600
532 1934 27123
27123 532 1934
1934 532 27123
14519 3709 25420
3709 14519 25420
25420 3709 14519
21503 24040 29243
29243 21503 24040
24040 21503 29243
12367 1447 20020
20020 1447 12367
1447 12367 20020
22472 5993 14595
5993 14595 22472
14595 5993 22472
24319 9518 11685
11685 9518 24319
9518 11685 24319
15305 16852 20281
16852 15305 20281
20281 15305 16852
14890 1318 29728
29728 1318 14890
1318 14890 29728
25387 4393 10940
10940 4393 25387
4393 10940 25387
366 7801 7999
7801 366 7999
7999 366 7801
1088 4062 6808
4062 1088 6808
6808 1088 4062
3917 10450 24591
10450 3917 24591
24591 3917 10450
14167 285 2918
2918 285 14167
285 2918 14167
17237 12888 27595
27595 12888 17237
12888 17237 27595
7343 3634 17773
17773 3634 7343
3634 7343 17773
6507 8736 9247
8736 6507 9247
9247 6507 8736
20801 11873 27012
11873 20801 27012
27012 11873 20801
7659 15179 18383
15179 7659 18383
18383 7659 15179
5750 5888 10634
10634 5750 5888
5888 5750 10634
28588 16765 18833
18833 16765 28588
16765 18833 28588
7261 3818 7099
3818 7099 7261
7099 3818 7261
27740 10375 20557
10375 20557 27740
20557 10375 27740
16252 1302 18666
18666 1302 16252
1302 16252 18666
25856 20704 29763
29763 20704 25856
20704 25856 29763
8048 5394 26749
5394 8048 26749
26749 5394 8048
13346 19679 24259
24259 13346 19679
19679 13346 24259
2642 17184 28511
28511 2642 17184
17184 2642 28511
13864 10744 15925
15925 10744 13864
10744 13864 15925
14988 15537 21814
21814 14988 15537
15537 14988 21814
10044 583 18885
18885 583 10044
583 10044 18885
17227 8242 16689
16689 8242 17227
8242 16689 17227
24440 6787 11888
11888 6787 24440
6787 11888 24440
14936 8934 10467
8934 10467 14936
10467 8934 14936
8082 13752 20384
13752 8082 20384
20384 8082 13752
4439 28670 28914
28670 4439 28914
28914 4439 28670
7849 2684 20042
2684 7849 20042
20042 2684 7849
25440 6147 20800
20800 6147 25440
6147 20800 25440
21506 17919 19118
17919 19118 21506
19118 17919 21506
13584 4297 20817
20817 4297 13584
4297 13584 20817
21991 259 11000
11000 259 21991
259 11000 21991
18864 12458 26255
26255 12458 18864
12458 18864 26255
20247 11275 27062
11275 20247 27062
27062 11275 20247
2213 19243 26513
19243 2213 26513
26513 2213 19243
14662 17055 29825
17055 14662 29825
29825 14662 17055
8523 8945 26509
26509 8523 8945
8945 8523 26509
723 10465 29926
29926 723 10465
10465 723 29926
25885 27288 29936
29936 25885 27288
27288 25885 29936
18459 6296 10333
6296 10333 18459
10333 6296 18459
24363 8332 23887
8332 23887 24363
23887 8332 24363
17083 23340 24880
24880 17083 23340
23340 17083 24880
17362 8021 9280
9280 8021 17362
8021 9280 17362
26862 11149 23520
11149 23520 26862
23520 11149 26862
12394 22331 22912
22912 12394 22331
22331 12394 22912
26735 1424 23499
23499 1424 26735
1424 23499 26735
28238 19178 26442
26442 19178 28238
19178 26442 28238
28516 10538 13184
13184 10538 28516
10538 13184 28516
18514 27372 28207
27372 18514 28207
28207 18514 27372
4889 9054 10457
9054 4889 10457
10457 4889 9054
25336 2850 14128
14128 2850 25336
2850 14128 25336
2308 23315 25390
25390 2308 23315
23315 2308 25390
23243 2306 13783
2306 13783 23243
13783 2306 23243
26346 5031 28922
28922 5031 26346
5031 26346 28922
15032 9313 26603
9313 15032 26603
26603 9313 15032
3971 760 16634
16634 760 3971
760 3971 16634
3418 17570 29325
17570 3418 29325
29325 3418 17570
13487 20846 24143
24143 13487 20846
20846 13487 24143
21734 21587 27106
21587 21734 27106
27106 21587 21734
16208 18625 20459
20459 16208 18625
18625 16208 20459
24766 10348 14318
14318 10348 24766
10348 14318 24766
24368 413 27169
27169 413 24368
413 24368 27169
22341 12045 17809
12045 17809 22341
17809 12045 22341
14768 3668 27634
3668 14768 27634
27634 3668 14768
11385 9728 17557
9728 11385 17557
17557 9728 11385
26872 7735 21564
21564 7735 26872
7735 21564 26872
2997 17768 28220
17768 2997 28220
28220 2997 17768
9391 10107 22528
10107 9391 22528
22528 9391 10107
2129 6012 6175
6012 2129 6175
6175 2129 6012
6420 11874 18246
11874 6420 18246
18246 6420 11874
11495 344 12524
12524 344 11495
344 11495 12524
15666 12676 22403
12676 15666 22403
22403 12676 15666
29829 10892 26507
26507 10892 29829
10892 26507 29829
3978 11479 19536
11479 3978 19536
19536 3978 11479
8777 12439 24977
24977 8777 12439
12439 8777 24977
339 3190 29775
29775 339 3190
3190 339 29775
19784 4392 28270
28270 4392 19784
4392 19784 28270
12737 2118 7921
7921 2118 12737
2118 7921 12737
8688 11870 19525
11870 8688 19525
19525 8688 11870
7903 12736 23709
23709 7903 12736
12736 7903 23709
20041 4772 24728
4772 20041 24728
24728 4772 20041
7948 12249 17446
12249 7948 17446
17446 7948 12249
1802 3020 26223
3020 1802 26223
26223 1802 3020
15927 9110 21684
21684 9110 15927
9110 15927 21684
14922 9781 10697
10697 9781 14922
9781 10697 14922
26895 2127 16295
2127 16295 26895
16295 2127 26895
29446 2089 10059
10059 2089 29446
2089 10059 29446
4808 1866 4401
4401 1866 4808
1866 4401 4808
19466 318 9170
318 9170 19466
9170 318 19466
21111 22354 23025
23025 21111 22354
22354 21111 23025
25690 13706 16902
16902 13706 25690
13706 16902 25690
2540 6675 10889
6675 2540 10889
10889 2540 6675
13996 15380 21462
21462 13996 15380
15380 13996 21462
2160 8108 15885
15885 2160 8108
8108 2160 15885
21213 5345 23063
5345 21213 23063
23063 5345 21213
25667 13520 16562
16562 13520 25667
13520 16562 25667
18900 3184 15233
15233 3184 18900
3184 15233 18900
1350 16729 23697
16729 1350 23697
23697 1350 16729
7020 142 22781
22781 142 7020
142 7020 22781
23929 3264 18880
3264 18880 23929
18880 3264 23929
1745 2468 18510
18510 1745 2468
2468 1745 18510
25369 6880 29380
6880 25369 29380
29380 6880 25369
1356 10587 14445
14445 1356 10587
10587 1356 14445
15635 1422 7760
1422 7760 15635
7760 1422 15635
22580 20795 28530
28530 20795 22580
20795 22580 28530
28416 17939 20603
17939 20603 28416
20603 17939 28416
13565 15802 29710
15802 13565 29710
29710 13565 15802
22184 1726 16997
1726 16997 22184
16997 1726 22184
12183 22990 25505
25505 12183 22990
22990 12183 25505
28200 10369 15793
10369 15793 28200
15793 10369 28200
25238 6357 21762
21762 6357 25238
6357 21762 25238
19608 4657 21123
21123 4657 19608
4657 19608 21123
5247 1221 3371
3371 1221 5247
1221 3371 5247
28006 3037 14309
3037 14309 28006
14309 3037 28006
9105 10684 15194
15194 9105 10684
10684 9105 15194
2038 26486 28312
26486 2038 28312
28312 2038 26486
5360 11856 25905
25905 5360 11856
11856 5360 25905
11160 22120 28642
28642 11160 22120
22120 11160 28642
4338 15035 24858
24858 4338 15035
15035 4338 24858
20126 20363 24345
20363 20126 24345
24345 20126 20363
27142 11663 22274
22274 11663 27142
11663 22274 27142
14508 6760 29986
6760 14508 29986
29986 6760 14508
8404 9775 27782
27782 8404 9775
9775 8404 27782
6777 10882 21476
21476 6777 10882
10882 6777 21476
29580 4815 7664
7664 4815 29580
4815 7664 29580
3049 7852 21597
7852 3049 21597
21597 3049 7852
12643 21066 26485
21066 12643 26485
26485 12643 21066
21861 24798 25548
24798 21861 25548
25548 21861 24798
9870 23846 28940
28940 9870 23846
23846 9870 28940
21960 6322 23105
23105 6322 21960
6322 21960 23105
1254 16232 24759
24759 1254 16232
16232 1254 24759
22004 2827 19907
2827 19907 22004
19907 2827 22004
9642 235 26708
26708 235 9642
235 9642 26708
28924 6892 25120
6892 25120 28924
25120 6892 28924
635 6663 13320
6663 635 13320
13320 635 6663
25769 7480 18615
7480 18615 25769
18615 7480 25769
21652 7350 14135
7350 14135 21652
14135 7350 21652
22202 4850 20507
4850 20507 22202
20507 4850 22202
4468 9007 22449
9007 4468 22449
22449 4468 9007
9837 3953 12350
3953 9837 12350
12350 3953 9837
6851 3795 11053
11053 3795 6851
3795 6851 11053
13976 22608 24756
22608 13976 24756
24756 13976 22608
11878 2800 26292
2800 11878 26292
26292 2800 11878
12085 13923 26918
13923 12085 26918
26918 12085 13923
1907 13384 25955
25955 1907 13384
13384 1907 25955
5691 9316 25886
9316 5691 25886
25886 5691 9316
6940 7508 20137
20137 6940 7508
7508 6940 20137
28896 15367 22013
15367 22013 28896
22013 15367 28896
23828 1444 5913
5913 1444 23828
1444 5913 23828
12271 17797 23411
17797 12271 23411
23411 12271 17797
14544 14189 18224
14189 14544 18224
18224 14189 14544
13497 25787 27963
27963 13497 25787
25787 13497 27963
15409 12119 20762
12119 15409 20762
20762 12119 15409
15431 4763 27842
27842 4763 15431
4763 15431 27842
22883 11001 27571
27571 11001 22883
11001 22883 27571
904 15857 17984
17984 904 15857
15857 904 17984
19428 12726 22342
12726 19428 22342
22342 12726 19428
15004 11828 22584
11828 15004 22584
22584 11828 15004
29468 18613 29451
18613 29451 29468
29451 18613 29468
1574 7593 19971
19971 1574 7593
7593 1574 19971
26271 3564 25941
3564 25941 26271
25941 3564 26271
25326 85 19405
85 19405 25326
19405 85 25326
514 6442 11846
11846 514 6442
6442 514 11846
20423 10480 23175
10480 20423 23175
23175 10480 20423
23008 4597 13217
4597 13217 23008
13217 4597 23008
26878 6084 23515
23515 6084 26878
6084 23515 26878
2989 15067 15207
15207 2989 15067
15067 2989 15207
4787 1913 10175
1913 4787 10175
10175 1913 4787
28040 13408 21367
21367 13408 28040
13408 21367 28040
26294 9351 28338
9351 26294 28338
28338 9351 26294
13823 25338 26080
25338 13823 26080
26080 13823 25338
21936 7504 24506
24506 7504 21936
7504 21936 24506
13035 6080 16553
6080 13035 16553
16553 6080 13035
18682 5428 20189
20189 5428 18682
5428 18682 20189
24281 5975 21748
5975 21748 24281
21748 5975 24281
20701 4508 17619
17619 4508 20701
4508 17619 20701
17498 25433 29080
25433 17498 29080
29080 17498 25433
12291 3376 26370
26370 3376 12291
3376 12291 26370
368 3819 5704
3819 368 5704
5704 368 3819
9244 22463 26152
22463 9244 26152
26152 9244 22463
7636 861 6230
6230 861 7636
861 6230 7636
25921 22395 26211
22395 25921 26211
26211 22395 25921
13533 8061 25763
25763 8061 13533
8061 13533 25763
14868 27438 28212
27438 14868 28212
28212 14868 27438
19236 17849 20958
20958 17849 19236
17849 19236 20958
15446 11619 18417
18417 11619 15446
11619 15446 18417
25708 1992 17975
17975 1992 25708
1992 17975 25708
1533 9957 11037
11037 1533 9957
9957 1533 11037
4681 20223 21000
21000 4681 20223
20223 4681 21000
15019 18017 24504
24504 15019 18017
18017 15019 24504
13563 7513 23801
7513 13563 23801
23801 7513 13563
2234 19850 22263
22263 2234 19850
19850 2234 22263
2314 4568 8724
8724 2314 4568
4568 2314 8724
21841 12631 16554
16554 12631 21841
12631 16554 21841
17091 7370 9734
9734 7370 17091
7370 9734 17091
6372 11092 29979
11092 6372 29979
29979 6372 11092
25493 4799 13598
13598 4799 25493
4799 13598 25493
17258 22573 24182
22573 17258 24182
24182 17258 22573
8435 19854 22450
22450 8435 19854
19854 8435 22450
16636 18572 28166
18572 16636 28166
28166 16636 18572
19231 14764 23419
14764 19231 23419
23419 14764 19231
12776 11290 18632
18632 11290 12776
11290 12776 18632
18528 19543 28502
28502 18528 19543
19543 18528 28502
24262 7186 26114
26114 7186 24262
7186 24262 26114
24604 6335 11064
11064 6335 24604
6335 11064 24604
15423 12028 16806
16806 12028 15423
12028 15423 16806
26333 26276 27027
26276 26333 27027
27027 26276 26333
9072 8050 22660
8050 9072 22660
22660 8050 9072
15247 2210 10164
10164 2210 15247
2210 10164 15247
10322 19435 19752
19435 10322 19752
19752 10322 19435
13944 12395 26669
26669 12395 13944
12395 13944 26669
20346 6290 28174
6290 20346 28174
28174 6290 20346
13896 14797 25617
25617 13896 14797
14797 13896 25617
11258 397 24404
397 11258 24404
24404 397 11258
21614 6062 8426
8426 6062 21614
6062 8426 21614
11214 6632 11776
11776 6632 11214
6632 11214 11776
14121 1764 21495
1764 14121 21495
21495 1764 14121
34 488 15581
488 34 15581
15581 34 488
16468 5171 22260
22260 5171 16468
5171 16468 22260
16919 14511 26311
14511 16919 26311
26311 14511 16919
22952 18877 29746
29746 18877 22952
18877 22952 29746
11401 17324 26092
17324 11401 26092
26092 11401 17324
11097 2818 24461
24461 2818 11097
2818 11097 24461
19554 370 26279
370 19554 26279
26279 370 19554
21752 20850 29607
29607 20850 21752
20850 21752 29607
6957 5898 24704
5898 6957 24704
24704 5898 6957
23180 3999 24408
24408 3999 23180
3999 23180 24408
20416 12916 26604
12916 20416 26604
26604 12916 20416
26822 14209 16665
14209 16665 26822
16665 14209 26822
1831 10805 16555
16555 1831 10805
10805 1831 16555
6145 16344 19247
16344 6145 19247
19247 6145 16344
5589 4406 18560
4406 5589 18560
18560 4406 5589
20633 7943 13628
13628 7943 20633
7943 13628 20633
26126 5111 21114
21114 5111 26126
5111 21114 26126
21686 9366 12467
12467 9366 21686
9366 12467 21686
13139 12568 26406
12568 13139 26406
26406 12568 13139
25982 14144 24067
14144 24067 25982
24067 14144 25982
28357 10636 14581
10636 14581 28357
14581 10636 28357
7468 355 2505
355 2505 7468
2505 355 7468
17396 6463 20248
6463 17396 20248
20248 6463 17396
7507 11799 20465
11799 7507 20465
20465 7507 11799
13594 20034 21464
21464 13594 20034
20034 13594 21464
2512 12805 19426
19426 2512 12805
12805 2512 19426
12609 5725 21854
5725 12609 21854
21854 5725 12609
11284 10397 23738
10397 11284 23738
23738 10397 11284
18835 4672 22440
4672 18835 22440
22440 4672 18835
18410 15656 29844
29844 15656 18410
15656 18410 29844
23822 2913 25106
2913 23822 25106
25106 2913 23822
2103 6746 20104
20104 2103 6746
6746 2103 20104
28432 9268 19969
9268 19969 28432
19969 9268 28432
3861 12181 14012
14012 3861 12181
12181 3861 14012
8519 1839 3562
1839 3562 8519
3562 1839 8519
15140 7678 14572
14572 7678 15140
7678 14572 15140
26236 8063 16810
16810 8063 26236
8063 16810 26236
21349 19976 29432
19976 21349 29432
29432 19976 21349
19468 5148 10114
5148 10114 19468
10114 5148 19468
24851 7570 9677
9677 7570 24851
7570 9677 24851
24060 28193 28885
28885 24060 28193
28193 24060 28885
21029 5306 14774
14774 5306 21029
5306 14774 21029
21010 15612 26093
26093 15612 21010
15612 21010 26093
22835 1155 21052
1155 21052 22835
21052 1155 22835
28014 1418 20271
1418 20271 28014
20271 1418 28014
4355 1198 10895
1198 4355 10895
10895 1198 4355
26454 17691 26764
26764 17691 26454
17691 26454 26764
22322 4639 11147
11147 4639 22322
4639 11147 22322
12704 21386 27677
27677 12704 21386
21386 12704 27677
24101 72 28555
28555 72 24101
72 24101 28555
13680 12831 24017
12831 13680 24017
24017 12831 13680
24343 14049 22366
22366 14049 24343
14049 22366 24343
12342 125 7914
125 7914 12342
7914 125 12342
6907 3847 11943
3847 6907 11943
11943 3847 6907
22788 16930 18761
18761 16930 22788
16930 18761 22788
5751 2200 27085
27085 2200 5751
2200 5751 27085
12877 20291 26806
26806 12877 20291
20291 12877 26806
14596 15375 25432
15375 14596 25432
25432 14596 15375
26853 8692 15952
8692 15952 26853
15952 8692 26853
3042 20062 29310
29310 3042 20062
20062 3042 29310
1654 14653 18922
18922 1654 14653
14653 1654 18922
8267 9502 17074
17074 8267 9502
9502 8267 17074
19021 5814 7969
5814 7969 19021
7969 5814 19021
379 16247 23154
23154 379 16247
16247 379 23154
20998 4394 16836
4394 16836 20998
16836 4394 20998
3522 4675 12386
4675 3522 12386
12386 3522 4675
3426 1601 21802
21802 1601 3426
1601 3426 21802
279 22156 26723
22156 279 26723
26723 279 22156
26356 14223 24002
14223 24002 26356
24002 14223 26356
6213 4734 21374
4734 6213 21374
21374 4734 6213
5895 28355 29044
29044 5895 28355
28355 5895 29044
4780 14592 24202
14592 4780 24202
24202 4780 14592
25780 7172 24868
7172 24868 25780
24868 7172 25780
4957 13630 26876
26876 4957 13630
13630 4957 26876
6965 16976 20536
16976 6965 20536
20536 6965 16976
17118 2205 3664
3664 2205 17118
2205 3664 17118
5872 6364 14441
6364 5872 14441
14441 5872 6364
8923 6135 9664
6135 8923 9664
9664 6135 8923
21293 17567 20112
20112 17567 21293
17567 20112 21293
13780 9641 20212
9641 13780 20212
20212 9641 13780
26166 16698 23609
16698 23609 26166
23609 16698 26166
9024 27024 27991
27024 9024 27991
27991 9024 27024
21217 12518 26713
12518 21217 26713
26713 12518 21217
18610 10533 27492
27492 10533 18610
10533 18610 27492
29890 1152 5968
1152 5968 29890
5968 1152 29890
3603 4071 28566
4071 3603 28566
28566 3603 4071
1460 20451 21289
21289 1460 20451
20451 1460 21289
4202 11263 11889
11889 4202 11263
11263 4202 11889
14284 237 23067
23067 237 14284
237 14284 23067
23971 19046 24238
19046 23971 24238
24238 19046 23971
23868 3349 22640
3349 22640 23868
22640 3349 23868
8464 11408 14085
11408 8464 14085
14085 8464 11408
2889 3066 24795
24795 2889 3066
3066 2889 24795
8583 22413 28076
28076 8583 22413
22413 8583 28076
28965 6151 16283
6151 16283 28965
16283 6151 28965
24933 4960 10417
10417 4960 24933
4960 10417 24933
12338 417 29917
417 12338 29917
29917 417 12338
3359 8147 16880
8147 3359 16880
16880 3359 8147
24158 24366 29097
24366 24158 29097
29097 24158 24366
1225 5380 23783
5380 1225 23783
23783 1225 5380
9251 3167 20516
20516 3167 9251
3167 9251 20516
25550 12549 22088
22088 12549 25550
12549 22088 25550
26194 9579 27292
9579 26194 27292
27292 9579 26194
11146 2400 26808
2400 11146 26808
26808 2400 11146
14996 5280 24146
24146 5280 14996
5280 14996 24146
5047 15151 15953
15953 5047 15151
15151 5047 15953
5569 659 2046
2046 659 5569
659 2046 5569
17292 7615 29225
29225 7615 17292
7615 17292 29225
10364 11643 20473
20473 10364 11643
11643 10364 20473
29833 14691 19885
14691 19885 29833
19885 14691 29833
28751 9445 27139
9445 27139 28751
27139 9445 28751
14176 3072 10202
3072 10202 14176
10202 3072 14176
28363 20682 29839
29839 20682 28363
20682 28363 29839
13583 15356 24545
24545 13583 15356
15356 13583 24545
14647 4307 21331
4307 14647 21331
21331 4307 14647
10002 25528 26746
25528 10002 26746
26746 10002 25528
334 2429 11048
11048 334 2429
2429 334 11048
3543 3483 6391
3483 3543 6391
6391 3483 3543
11565 16820 20067
20067 11565 16820
16820 11565 20067
2068 14560 29755
14560 2068 29755
29755 2068 14560
7963 5700 5831
5831 5700 7963
5700 5831 7963
20602 187 15801
15801 187 20602
187 15801 20602
12415 8304 13387
8304 12415 13387
13387 8304 12415
20637 12419 17525
17525 12419 20637
12419 17525 20637
2490 5426 19664
5426 2490 19664
19664 2490 5426
11126 1795 19145
1795 11126 19145
19145 1795 11126
27630 3719 21994
21994 3719 27630
3719 21994 27630
23461 18895 24928
24928 18895 23461
18895 23461 24928
8715 2972 27459
27459 2972 8715
2972 8715 27459
8482 4345 8606
4345 8482 8606
8606 4345 8482
19818 13370 27449
27449 13370 19818
13370 19818 27449
19814 13725 19700
19700 13725 19814
13725 19700 19814
12594 11340 18465
11340 12594 18465
18465 11340 12594
6311 15374 19210
19210 6311 15374
15374 6311 19210
8621 271 18934
271 8621 18934
18934 271 8621
28777 9053 13635
9053 13635 28777
13635 9053 28777
29523 1954 14481
1954 14481 29523
14481 1954 29523
29911 11887 21866
11887 21866 29911
21866 11887 29911
8819 10452 27128
10452 8819 27128
27128 8819 10452
6387 8566 15220
15220 6387 8566
8566 6387 15220
4686 5659 29659
29659 4686 5659
5659 4686 29659
10096 10163 23707
23707 10096 10163
10163 10096 23707
3313 11959 22317
11959 3313 22317
22317 3313 11959
13538 4308 17014
17014 4308 13538
4308 13538 17014
20453 13190 17042
13190 17042 20453
17042 13190 20453
1126 26331 26639
26639 1126 26331
26331 1126 26639
6205 13350 26744
13350 6205 26744
26744 6205 13350
20061 7811 13020
7811 13020 20061
13020 7811 20061
13740 15981 16824
15981 13740 16824
16824 13740 15981
14090 24531 24790
24531 14090 24790
24790 14090 24531
12429 21326 28245
21326 12429 28245
28245 12429 21326
24288 10624 10645
10624 10645 24288
10645 10624 24288
19050 424 14839
424 14839 19050
14839 424 19050
5229 9160 17860
17860 5229 9160
9160 5229 17860
28955 19558 23286
19558 23286 28955
23286 19558 28955
27497 15780 27579
15780 27497 27579
27579 15780 27497
12427 23101 27149
27149 12427 23101
23101 12427 27149
15889 5241 26385
5241 15889 26385
26385 5241 15889
1390 1696 23122
1696 1390 23122
23122 1390 1696
13336 16989 22145
16989 13336 22145
22145 13336 16989
26214 5027 14733
5027 14733 26214
14733 5027 26214
18910 15862 24196
24196 15862 18910
15862 18910 24196
20377 9152 14821
14821 9152 20377
9152 14821 20377
4837 2637 3154
2637 3154 4837
3154 2637 4837
13715 2668 21557
2668 13715 21557
21557 2668 13715
6455 3047 21388
21388 3047 6455
3047 6455 21388
21166 11746 25901
25901 11746 21166
11746 21166 25901
18606 19882 22860
19882 18606 22860
22860 18606 19882
14462 15204 20348
20348 14462 15204
15204 14462 20348
23565 22250 23379
23379 22250 23565
22250 23379 23565
7042 19089 22683
19089 7042 22683
22683 7042 19089
15649 14474 19791
14474 15649 19791
19791 14474 15649
25275 18746 21859
21859 18746 25275
18746 21859 25275
6946 13272 20714
20714 6946 13272
13272 6946 20714
8756 536 24009
536 8756 24009
24009 536 8756
10728 5698 24860
24860 5698 10728
5698 10728 24860
6635 22338 25942
25942 6635 22338
22338 6635 25942
12797 1100 10793
10793 1100 12797
1100 10793 12797
13871 7449 10779
10779 7449 13871
7449 10779 13871
8546 16062 24912
24912 8546 16062
16062 8546 24912
19611 23151 24812
23151 19611 24812
24812 19611 23151
5136 6473 18998
18998 5136 6473
6473 5136 18998
3635 371 20541
20541 371 3635
371 3635 20541
10775 17299 24962
17299 10775 24962
24962 10775 17299
14459 15643 24753
24753 14459 15643
15643 14459 24753
4044 449 4959
449 4044 4959
4959 449 4044
3477 12015 17614
17614 3477 12015
12015 3477 17614
24248 17491 25026
25026 17491 24248
17491 24248 25026
18806 16947 17931
16947 17931 18806
17931 16947 18806
26071 3448 15513
15513 3448 26071
3448 15513 26071
27442 8675 24309
8675 24309 27442
24309 8675 27442
9929 6431 21370
21370 6431 9929
6431 9929 21370
23720 11551 29264
29264 11551 23720
11551 23720 29264
10284 7821 24424
7821 10284 24424
24424 7821 10284
15627 13091 28384
13091 15627 28384
28384 13091 15627
9947 1426 2333
2333 1426 9947
1426 2333 9947
3901 9311 24893
24893 3901 9311
9311 3901 24893
12322 1351 12918
1351 12322 12918
12918 1351 12322
2394 23510 27752
23510 2394 27752
27752 2394 23510
10092 22982 28506
28506 10092 22982
22982 10092 28506
15556 10497 27112
10497 15556 27112
27112 10497 15556
28298 13848 28970
28970 13848 28298
13848 28298 28970
21430 6658 11557
11557 6658 21430
6658 11557 21430
12573 14347 16049
14347 12573 16049
16049 12573 14347
22057 11464 25744
11464 22057 25744
25744 11464 22057
27721 5499 11989
5499 11989 27721
11989 5499 27721
15163 2304 16894
16894 2304 15163
2304 15163 16894
16205 12330 24838
24838 12330 16205
12330 16205 24838
7321 2612 14642
14642 2612 7321
2612 7321 14642
28943 9021 27454
27454 9021 28943
9021 27454 28943
6284 12240 24072
24072 6284 12240
12240 6284 24072
17682 21667 28237
21667 17682 28237
28237 17682 21667
12521 7536 17288
7536 12521 17288
17288 7536 12521
23673 7535 10380
7535 10380 23673
10380 7535 23673
18109 459 2520
2520 459 18109
459 2520 18109
18630 7785 25958
25958 7785 18630
7785 18630 25958
1367 5378 29495
29495 1367 5378
5378 1367 29495
1089 15929 20523
15929 1089 20523
20523 1089 15929
21962 8215 22285
8215 21962 22285
22285 8215 21962
14131 13241 28923
13241 14131 28923
28923 13241 14131
10188 571 2258
571 2258 10188
2258 571 10188
29795 7858 27624
7858 27624 29795
27624 7858 29795
17545 24622 29180
29180 17545 24622
24622 17545 29180
753 6918 8139
8139 753 6918
6918 753 8139
6377 15404 20791
15404 6377 20791
20791 6377 15404
26275 21277 27446
21277 26275 27446
27446 21277 26275
27996 4027 24285
24285 4027 27996
4027 24285 27996
17792 26477 29618
29618 17792 26477
26477 17792 29618
13314 12313 16418
12313 13314 16418
16418 12313 13314
7311 16021 25558
16021 7311 25558
25558 7311 16021
14431 4784 22506
22506 4784 14431
4784 14431 22506
1644 7385 8128
8128 1644 7385
7385 1644 8128
19161 11244 14885
11244 14885 19161
14885 11244 19161
3499 17296 25985
17296 3499 25985
25985 3499 17296
24472 21051 24347
24347 21051 24472
21051 24347 24472
21183 12327 26596
12327 21183 26596
26596 12327 21183
18691 9377 19082
19082 9377 18691
9377 18691 19082
15950 22923 25215
25215 15950 22923
22923 15950 25215
1810 11110 16508
16508 1810 11110
11110 1810 16508
25220 762 26630
762 25220 26630
26630 762 25220
12931 9842 27966
9842 12931 27966
27966 9842 12931
8216 8472 13942
13942 8216 8472
8472 8216 13942
3396 1173 28334
1173 3396 28334
28334 1173 3396
17209 16526 28134
16526 17209 28134
28134 16526 17209
28474 3896 20970
3896 20970 28474
20970 3896 28474
182 14794 28973
28973 182 14794
14794 182 28973
5925 3434 27283
27283 3434 5925
3434 5925 27283
17148 23121 28002
23121 17148 28002
28002 17148 23121
15932 9392 17766
