2804 747 1003
747 1003 2804
1003 747 2804
7 1284 2199
1284 7 2199
2199 7 1284
2869 2071 2580
2071 2580 2869
2580 2071 2869
1510 927 2878
2878 927 1510
927 1510 2878
228 825 2317
825 228 2317
2317 228 825
1371 662 836
662 836 1371
836 662 1371
2788 1048 1341
1341 1048 2788
1048 1341 2788
1942 402 1456
1456 402 1942
402 1456 1942
592 890 1715
890 592 1715
1715 592 890
1957 571 2951
2951 571 1957
571 1957 2951
1197 145 1751
1751 145 1197
145 1197 1751
1635 1131 2819
2819 1131 1635
1131 1635 2819
2255 157 1901
157 1901 2255
1901 157 2255
2556 946 1252
946 1252 2556
1252 946 2556
541 1219 2701
1219 541 2701
2701 541 1219
919 1149 2883
1149 919 2883
2883 919 1149
1775 1376 1479
1479 1376 1775
1376 1479 1775
435 1684 2344
2344 435 1684
1684 435 2344
750 130 1127
130 750 1127
1127 130 750
2062 103 394
103 394 2062
394 103 2062
481 1026 1514
1514 481 1026
1026 481 1514
851 1079 1094
1094 851 1079
1079 851 1094
2088 371 1107
1107 371 2088
371 1107 2088
1382 300 491
491 300 1382
300 491 1382
2050 305 2107
305 2050 2107
2107 305 2050
230 79 914
914 79 230
79 230 914
2190 2365 2604
2604 2190 2365
2365 2190 2604
2962 618 1050
618 1050 2962
1050 618 2962
737 1837 2539
1837 737 2539
2539 737 1837
1144 555 1549
1549 555 1144
555 1144 1549
2578 1309 1825
1309 1825 2578
1825 1309 2578
1755 664 1777
1777 664 1755
664 1755 1777
500 677 756
677 500 756
756 500 677
2835 308 1319
308 1319 2835
1319 308 2835
1231 562 1873
562 1231 1873
1873 562 1231
1224 1487 2468
2468 1224 1487
1487 1224 2468
696 2405 2434
2434 696 2405
2405 696 2434
823 1361 1545
1361 823 1545
1545 823 1361
1827 1731 1909
1909 1731 1827
1731 1827 1909
2069 2118 2275
2275 2069 2118
2118 2069 2275
2801 1068 2852
2852 1068 2801
1068 2801 2852
2335 139 1330
139 1330 2335
1330 139 2335
605 1475 1794
1475 605 1794
1794 605 1475
2478 1636 2972
2972 1636 2478
1636 2478 2972
849 1795 1998
1795 849 1998
1998 849 1795
2441 1771 2606
2606 1771 2441
1771 2441 2606
2318 735 1892
1892 735 2318
735 1892 2318
2797 2106 2547
2106 2547 2797
2547 2106 2797
50 1044 2986
2986 50 1044
1044 50 2986
1263 565 1978
565 1263 1978
1978 565 1263
1286 1488 2068
1488 1286 2068
2068 1286 1488
2931 1807 1940
1940 1807 2931
1807 1940 2931
2724 1008 2383
1008 2383 2724
2383 1008 2724
1435 2085 2244
2085 1435 2244
2244 1435 2085
2894 1270 1854
1854 1270 2894
1270 1854 2894
1186 1748 2718
2718 1186 1748
1748 1186 2718
2406 1982 2450
2450 1982 2406
1982 2406 2450
2971 1427 2561
1427 2561 2971
2561 1427 2971
116 809 2841
2841 116 809
809 116 2841
1574 259 1869
259 1574 1869
1869 259 1574
2404 2060 2560
2060 2404 2560
2560 2060 2404
1598 23 2571
2571 23 1598
23 1598 2571
2412 1064 2844
2844 1064 2412
1064 2412 2844
2051 360 903
903 360 2051
360 903 2051
78 704 875
875 78 704
704 78 875
1933 1182 2525
2525 1182 1933
1182 1933 2525
1949 1678 2299
2299 1678 1949
1678 1949 2299
2666 171 920
920 171 2666
171 920 2666
2103 759 1589
759 1589 2103
1589 759 2103
1681 889 2611
2611 889 1681
889 1681 2611
1477 255 2510
2510 255 1477
255 1477 2510
1419 258 1126
1126 258 1419
258 1126 1419
4 611 1750
1750 4 611
611 4 1750
2990 1273 2516
2516 1273 2990
1273 2516 2990
2614 534 1253
534 1253 2614
1253 534 2614
1020 343 1163
343 1020 1163
1163 343 1020
2169 1961 2007
2007 1961 2169
1961 2007 2169
2016 2686 2955
2955 2016 2686
2686 2016 2955
2138 497 2193
2193 497 2138
497 2138 2193
645 1117 1233
1233 645 1117
1117 645 1233
2668 1986 2635
1986 2635 2668
2635 1986 2668
1385 1298 1968
1968 1298 1385
1298 1385 1968
1430 2251 2534
2534 1430 2251
2251 1430 2534
2923 1142 1440
1142 1440 2923
1440 1142 2923
1556 75 525
525 75 1556
75 525 1556
1887 511 1443
511 1443 1887
1443 511 1887
1661 271 2362
2362 271 1661
271 1661 2362
223 159 369
369 159 223
159 223 369
2863 45 2546
2546 45 2863
45 2546 2863
543 777 944
777 543 944
944 543 777
318 198 2997
198 318 2997
2997 198 318
2291 2710 2911
2911 2291 2710
2710 2291 2911
1786 2345 2733
2345 1786 2733
2733 1786 2345
1914 2258 2572
2258 1914 2572
2572 1914 2258
1764 81 1484
81 1484 1764
1484 81 1764
28 319 2097
2097 28 319
319 28 2097
348 240 791
791 240 348
240 348 791
782 2458 2999
2458 782 2999
2999 782 2458
1585 1129 2140
1129 1585 2140
2140 1129 1585
1528 1180 2659
1180 1528 2659
2659 1180 1528
12 755 1345
1345 12 755
755 12 1345
1448 1501 2280
1501 1448 2280
2280 1448 1501
1999 603 2487
603 1999 2487
2487 603 1999
1207 80 1824
1824 80 1207
80 1207 1824
2855 633 1587
633 1587 2855
1587 633 2855
2168 285 1742
285 1742 2168
1742 285 2168
104 167 754
167 104 754
754 104 167
1243 1767 2711
2711 1243 1767
1767 1243 2711
2329 1046 2226
1046 2226 2329
2226 1046 2329
1089 1905 2006
2006 1089 1905
1905 1089 2006
2814 378 1900
1900 378 2814
378 1900 2814
1015 219 1499
219 1015 1499
1499 219 1015
769 1596 2719
2719 769 1596
1596 769 2719
937 654 2247
2247 654 937
654 937 2247
2815 852 1985
1985 852 2815
852 1985 2815
1301 542 2408
542 1301 2408
2408 542 1301
2641 766 1511
1511 766 2641
766 1511 2641
1347 811 2613
811 1347 2613
2613 811 1347
144 802 1218
802 144 1218
1218 144 802
886 13 2002
2002 13 886
13 886 2002
1551 2042 2505
2042 1551 2505
2505 1551 2042
2349 1307 2177
1307 2177 2349
2177 1307 2349
600 226 2617
2617 226 600
226 600 2617
2248 2858 2969
2969 2248 2858
2858 2248 2969
1552 22 574
22 574 1552
574 22 1552
1664 60 197
60 197 1664
197 60 1664
1269 2239 2282
2282 1269 2239
2239 1269 2282
2545 215 993
993 215 2545
215 993 2545
660 557 638
638 557 660
557 638 660
1818 613 1619
1619 613 1818
613 1619 1818
984 265 1581
265 984 1581
1581 265 984
1648 451 2732
2732 451 1648
451 1648 2732
1436 108 2481
2481 108 1436
108 1436 2481
774 2284 2684
2284 774 2684
2684 774 2284
2361 403 2900
2900 403 2361
403 2361 2900
190 1690 2622
2622 190 1690
1690 190 2622
2947 25 2326
2326 25 2947
25 2326 2947
476 468 1365
1365 468 476
468 476 1365
1022 797 2918
2918 797 1022
797 1022 2918
2862 1717 2542
1717 2542 2862
2542 1717 2862
324 10 744
10 324 744
744 10 324
2053 26 652
26 652 2053
652 26 2053
1271 1847 2567
1847 1271 2567
2567 1271 1847
1848 411 1481
1481 411 1848
411 1481 1848
126 1327 1881
1881 126 1327
1327 126 1881
2432 1291 1300
1300 1291 2432
1291 1300 2432
52 819 2172
2172 52 819
819 52 2172
2070 596 1191
1191 596 2070
596 1191 2070
2266 878 2707
2707 878 2266
878 2266 2707
2557 344 1974
1974 344 2557
344 1974 2557
671 1228 2728
2728 671 1228
1228 671 2728
1588 983 2477
983 1588 2477
2477 983 1588
1370 1030 1507
1030 1370 1507
1507 1030 1370
193 1921 2059
1921 193 2059
2059 193 1921
2028 724 1980
724 1980 2028
1980 724 2028
1354 1245 2892
2892 1245 1354
1245 1354 2892
238 527 2860
2860 238 527
527 238 2860
2273 212 2503
2503 212 2273
212 2273 2503
1937 1517 2867
2867 1517 1937
1517 1937 2867
1995 66 1472
1472 66 1995
66 1472 1995
1312 1413 2456
1413 1312 2456
2456 1312 1413
2891 880 2945
880 2891 2945
2945 880 2891
2019 1749 2147
2147 1749 2019
1749 2019 2147
465 204 2816
2816 204 465
204 465 2816
2748 322 1911
1911 322 2748
322 1911 2748
1150 930 2381
2381 930 1150
930 1150 2381
1973 1536 2780
2780 1536 1973
1536 1973 2780
748 683 1821
683 748 1821
1821 683 748
2228 2143 2848
2848 2143 2228
2143 2228 2848
1002 1993 2618
1993 1002 2618
2618 1002 1993
700 1701 1733
1701 700 1733
1733 700 1701
1346 251 1853
1853 251 1346
251 1346 1853
1938 760 942
760 942 1938
942 760 1938
2768 2426 2629
2629 2426 2768
2426 2629 2768
1409 1200 1513
1513 1200 1409
1200 1409 1513
2704 53 1358
53 1358 2704
1358 53 2704
1862 1321 2425
2425 1321 1862
1321 1862 2425
2929 2191 2327
2327 2191 2929
2191 2327 2929
2110 1666 2518
2518 1666 2110
1666 2110 2518
1790 1463 2194
1463 1790 2194
2194 1463 1790
2882 1359 2165
2165 1359 2882
1359 2165 2882
1141 87 2553
2553 87 1141
87 1141 2553
464 1868 2308
1868 464 2308
2308 464 1868
938 32 358
358 32 938
32 358 938
2025 1668 2181
1668 2025 2181
2181 1668 2025
268 250 1446
250 268 1446
1446 250 268
1983 1439 1803
1439 1803 1983
1803 1439 1983
2522 1042 1334
1042 1334 2522
1334 1042 2522
1053 887 955
955 887 1053
887 955 1053
1659 339 2348
339 1659 2348
2348 339 1659
1542 707 2158
707 1542 2158
2158 707 1542
1124 462 2985
2985 462 1124
462 1124 2985
304 544 2183
544 304 2183
2183 304 544
280 388 2187
2187 280 388
388 280 2187
1865 688 949
949 688 1865
688 949 1865
1941 1185 1683
1683 1185 1941
1185 1683 1941
519 425 1092
1092 425 519
425 519 1092
932 2358 2585
2358 932 2585
2585 932 2358
1230 2117 2366
2117 1230 2366
2366 1230 2117
291 814 1265
1265 291 814
814 291 1265
1116 1478 2609
2609 1116 1478
1478 1116 2609
1320 18 960
18 960 1320
960 18 1320
2156 1496 2095
2095 1496 2156
1496 2095 2156
2352 2155 2551
2551 2155 2352
2155 2352 2551
299 263 2093
2093 263 299
263 299 2093
487 1130 1390
1390 487 1130
1130 487 1390
2526 1108 1969
1108 1969 2526
1969 1108 2526
793 1357 1379
1379 793 1357
1357 793 1379
1586 2831 2942
2831 1586 2942
2942 1586 2831
1497 2879 2963
2879 1497 2963
2963 1497 2879
2370 131 1584
1584 131 2370
131 1584 2370
2981 1553 2783
2783 1553 2981
1553 2783 2981
2152 778 1011
778 1011 2152
1011 778 2152
2054 342 2873
342 2054 2873
2873 342 2054
2621 142 253
253 142 2621
142 253 2621
2984 1718 1912
1912 1718 2984
1718 1912 2984
2959 1111 2153
2153 1111 2959
1111 2153 2959
9 2238 2388
2238 9 2388
2388 9 2238
2185 102 2009
102 2009 2185
2009 102 2185
2853 640 1533
1533 640 2853
640 1533 2853
961 406 1274
406 961 1274
1274 406 961
327 1342 2325
1342 327 2325
2325 327 1342
1607 870 1834
870 1607 1834
1834 870 1607
1329 834 1958
1958 834 1329
834 1329 1958
2663 1061 2393
1061 2393 2663
2393 1061 2663
288 2116 2687
2687 288 2116
2116 288 2687
2508 353 1605
353 1605 2508
1605 353 2508
717 65 1918
1918 65 717
65 717 1918
509 2203 2577
2203 509 2577
2577 509 2203
2113 1137 1389
1389 1137 2113
1137 1389 2113
2961 827 2473
2473 827 2961
827 2473 2961
235 1486 2979
2979 235 1486
1486 235 2979
2743 73 470
73 470 2743
470 73 2743
76 753 2725
753 76 2725
2725 76 753
1375 1491 1991
1491 1375 1991
1991 1375 1491
1467 1461 2811
1461 1467 2811
2811 1461 1467
1485 1206 2871
1206 1485 2871
2871 1206 1485
2105 2550 2554
2554 2105 2550
2550 2105 2554
165 359 1229
1229 165 359
359 165 1229
989 62 2045
62 989 2045
2045 62 989
800 954 1113
1113 800 954
954 800 1113
2678 245 1063
245 1063 2678
1063 245 2678
214 140 881
881 140 214
140 214 881
2980 1012 2893
1012 2893 2980
2893 1012 2980
1138 1254 1281
1254 1138 1281
1281 1138 1254
2490 1374 2324
2324 1374 2490
1374 2324 2490
2765 413 1311
413 1311 2765
1311 413 2765
2065 1051 2174
1051 2065 2174
2174 1051 2065
1505 925 1525
925 1505 1525
1525 925 1505
2164 1153 2219
2219 1153 2164
1153 2164 2219
2241 54 453
453 54 2241
54 453 2241
1893 1317 1465
1317 1465 1893
1465 1317 1893
563 560 2594
560 563 2594
2594 560 563
762 1072 1573
1573 762 1072
1072 762 1573
2998 1989 2637
1989 2637 2998
2637 1989 2998
2334 1429 1917
1429 1917 2334
1917 1429 2334
182 436 1562
1562 182 436
436 182 1562
2509 493 1247
1247 493 2509
493 1247 2509
1088 244 2671
244 1088 2671
2671 244 1088
2653 1047 2120
1047 2120 2653
2120 1047 2653
2960 1744 2680
2680 1744 2960
1744 2680 2960
2044 589 828
828 589 2044
589 828 2044
581 216 820
216 581 820
820 216 581
2220 635 2976
2976 635 2220
635 2220 2976
1397 1145 2938
1145 1397 2938
2938 1145 1397
1105 1615 2943
1615 1105 2943
2943 1105 1615
899 703 2772
2772 703 899
703 899 2772
2274 2212 2493
2212 2274 2493
2493 2212 2274
1846 2222 2785
2785 1846 2222
2222 1846 2785
450 1090 2851
1090 450 2851
2851 450 1090
726 956 1870
956 726 1870
1870 726 956
1785 27 1508
27 1508 1785
1508 27 1785
1070 657 2214
2214 657 1070
657 1070 2214
336 24 401
401 24 336
24 336 401
2340 1537 2692
2692 1537 2340
1537 2340 2692
2992 1476 1997
1997 1476 2992
1476 1997 2992
1727 177 2134
2134 177 1727
177 1727 2134
350 68 82
82 68 350
68 82 350
2277 2 926
926 2 2277
2 926 2277
579 124 678
124 579 678
678 124 579
799 396 1867
1867 396 799
396 799 1867
982 523 768
768 523 982
523 768 982
2157 1630 2885
2885 1630 2157
1630 2157 2885
1808 792 1519
792 1519 1808
1519 792 1808
2146 1797 1939
1797 1939 2146
1939 1797 2146
2592 2137 2202
2137 2202 2592
2202 2137 2592
2670 2502 2970
2502 2670 2970
2970 2502 2670
1561 913 1852
913 1561 1852
1852 913 1561
2515 206 862
206 862 2515
862 206 2515
602 787 1215
787 602 1215
1215 602 787
2958 2223 2593
2223 2593 2958
2593 2223 2958
1244 1414 1523
1414 1244 1523
1523 1244 1414
921 383 2073
2073 383 921
383 921 2073
2712 395 844
844 395 2712
395 844 2712
1473 161 2523
161 1473 2523
2523 161 1473
969 1919 2221
2221 969 1919
1919 969 2221
1306 1904 2996
1904 1306 2996
2996 1306 1904
2865 1275 1577
1275 1577 2865
1577 1275 2865
2123 1049 2131
2131 1049 2123
1049 2123 2131
74 850 1730
1730 74 850
850 74 1730
1616 999 2922
999 1616 2922
2922 999 1616
936 56 1930
56 936 1930
1930 56 936
473 220 331
220 331 473
331 220 473
2094 107 179
107 179 2094
179 107 2094
1576 64 855
64 855 1576
855 64 1576
584 474 2135
474 584 2135
2135 474 584
1720 5 2773
5 1720 2773
2773 5 1720
622 312 1017
312 622 1017
1017 312 622
2784 854 1132
854 1132 2784
1132 854 2784
644 2231 2901
2901 644 2231
2231 644 2901
1336 549 810
549 810 1336
810 549 1336
2634 816 1170
816 1170 2634
1170 816 2634
1626 96 2735
96 1626 2735
2735 96 1626
1820 1762 1950
1950 1762 1820
1762 1820 1950
1925 1343 1781
1781 1343 1925
1343 1781 1925
2673 577 720
720 577 2673
577 720 2673
1504 210 2163
2163 210 1504
210 1504 2163
1697 1951 2276
2276 1697 1951
1951 1697 2276
1445 323 725
725 323 1445
323 725 1445
1665 422 561
561 422 1665
422 561 1665
2702 185 2750
185 2702 2750
2750 185 2702
690 594 1237
594 690 1237
1237 594 690
2757 1402 2476
2476 1402 2757
1402 2476 2757
1074 2189 2394
2189 1074 2394
2394 1074 2189
2374 279 1571
279 1571 2374
1571 279 2374
424 1760 2263
2263 424 1760
1760 424 2263
2507 2504 2808
2504 2507 2808
2808 2504 2507
2936 514 2566
514 2566 2936
2566 514 2936
2910 8 2864
8 2864 2910
2864 8 2910
2599 416 1021
1021 416 2599
416 1021 2599
1242 376 1171
376 1171 1242
1171 376 1242
2305 879 1566
879 1566 2305
1566 879 2305
1568 1075 2058
2058 1075 1568
1075 1568 2058
524 2178 2988
2988 524 2178
2178 524 2988
1135 269 1675
269 1135 1675
1675 269 1135
975 341 1657
1657 341 975
341 975 1657
1006 650 1559
650 1006 1559
1559 650 1006
224 2061 2506
2061 224 2506
2506 224 2061
901 986 1872
1872 901 986
986 901 1872
2685 1595 2558
1595 2558 2685
2558 1595 2685
417 389 430
430 389 417
389 417 430
274 1251 1955
1251 274 1955
1955 274 1251
118 630 1759
630 118 1759
1759 118 630
2736 2297 2861
2297 2736 2861
2861 2297 2736
546 420 1699
1699 420 546
420 546 1699
813 1787 2422
1787 813 2422
2422 813 1787
282 708 939
939 282 708
708 282 939
1539 1045 2846
2846 1045 1539
1045 1539 2846
2021 2497 2738
2738 2021 2497
2497 2021 2738
733 488 962
488 733 962
962 488 733
876 1123 2948
1123 876 2948
2948 876 1123
1920 233 1936
1936 233 1920
233 1920 1936
2242 985 2700
2700 985 2242
985 2242 2700
2091 598 1483
1483 598 2091
598 1483 2091
1709 1391 1907
1391 1709 1907
1907 1391 1709
1283 1337 2705
2705 1283 1337
1337 1283 2705
884 863 2850
2850 863 884
863 884 2850
160 951 1563
1563 160 951
951 160 1563
1671 115 2357
115 1671 2357
2357 115 1671
2227 968 2130
968 2130 2227
2130 968 2227
966 2233 2715
2715 966 2233
2233 966 2715
1067 1360 2838
2838 1067 1360
1360 1067 2838
1323 127 364
364 127 1323
127 364 1323
2407 452 1471
452 1471 2407
1471 452 2407
2920 692 2776
2776 692 2920
692 2776 2920
1492 634 1851
1851 634 1492
634 1492 1851
355 477 763
763 355 477
477 355 763
1447 675 1036
675 1036 1447
1036 675 1447
2895 1248 2688
1248 2688 2895
2688 1248 2895
456 275 1609
275 456 1609
1609 275 456
2623 1057 2235
2235 1057 2623
1057 2235 2623
2354 808 2800
2800 808 2354
808 2354 2800
414 1285 1332
1285 414 1332
1332 414 1285
1221 785 1673
1673 785 1221
785 1221 1673
1512 1093 2803
1093 1512 2803
2803 1093 1512
2967 90 2872
2872 90 2967
90 2872 2967
2038 2032 2952
2032 2038 2952
2952 2032 2038
332 530 709
709 332 530
530 332 709
996 998 1923
998 996 1923
1923 996 998
2316 1618 2914
2914 1618 2316
1618 2316 2914
498 266 568
266 498 568
568 266 498
2257 326 1729
326 1729 2257
1729 326 2257
711 3 533
3 533 711
533 3 711
869 111 1987
111 869 1987
1987 111 869
2977 1935 2645
1935 2645 2977
2645 1935 2977
83 316 1810
316 83 1810
1810 83 316
1416 1564 2886
1564 1416 2886
2886 1416 1564
1225 833 1279
1279 833 1225
833 1225 1279
2796 1711 1858
1711 1858 2796
1858 1711 2796
2252 307 1654
307 1654 2252
1654 307 2252
2048 858 905
905 858 2048
858 905 2048
445 368 1380
1380 368 445
368 445 1380
537 1611 2315
1611 537 2315
2315 537 1611
1256 2114 2741
2114 1256 2741
2741 1256 2114
606 463 2480
2480 463 606
463 606 2480
2013 788 2615
2615 788 2013
788 2013 2615
950 980 1098
1098 950 980
980 950 1098
1184 321 1480
321 1184 1480
1480 321 1184
952 2330 2677
2330 952 2677
2677 952 2330
1174 438 1100
1100 438 1174
438 1100 1174
1746 188 736
188 736 1746
736 188 1746
2047 567 1716
567 1716 2047
1716 567 2047
1118 1220 1234
1220 1118 1234
1234 1118 1220
2691 1222 2176
1222 2176 2691
2176 1222 2691
2057 191 442
191 442 2057
442 191 2057
386 1261 1294
1294 386 1261
1261 386 1294
246 184 2908
2908 184 246
184 246 2908
382 495 2229
2229 382 495
495 382 2229
2527 591 712
591 712 2527
712 591 2527
98 1208 1255
1208 98 1255
1255 98 1208
2898 20 309
309 20 2898
20 309 2898
2333 699 2662
2662 699 2333
699 2333 2662
1164 41 1159
41 1159 1164
1159 41 1164
1040 1594 2475
2475 1040 1594
1594 1040 2475
2121 856 2787
856 2121 2787
2787 856 2121
1199 1603 2827
2827 1199 1603
1603 1199 2827
2182 472 781
472 781 2182
781 472 2182
11 1732 2080
2080 11 1732
1732 11 2080
1028 894 1874
894 1028 1874
1874 894 1028
1453 494 1295
494 1295 1453
1295 494 1453
346 1024 1052
1052 346 1024
1024 346 1052
2690 2033 2987
2033 2690 2987
2987 2033 2690
2651 36 1645
36 1645 2651
1645 36 2651
3000 1490 2588
1490 2588 3000
2588 1490 3000
912 1157 2436
2436 912 1157
1157 912 2436
2747 149 2742
149 2742 2747
2742 149 2747
1741 264 2342
264 1741 2342
2342 264 1741
392 767 1282
767 392 1282
1282 392 767
2076 900 2695
2695 900 2076
900 2076 2695
625 112 2398
2398 112 625
112 625 2398
252 1097 2363
1097 252 2363
2363 252 1097
170 2268 2323
2268 170 2323
2323 170 2268
1591 922 2875
2875 922 1591
922 1591 2875
1423 1550 2989
2989 1423 1550
1550 1423 2989
2722 831 1522
831 1522 2722
1522 831 2722
681 2399 2966
2399 681 2966
2966 681 2399
1688 58 2652
2652 58 1688
58 1688 2652
347 437 976
437 347 976
976 347 437
1828 1426 1992
1992 1426 1828
1426 1828 1992
679 113 444
444 113 679
113 444 679
812 158 2555
2555 158 812
158 812 2555
1023 70 727
70 727 1023
727 70 1023
283 292 2397
292 283 2397
2397 283 292
480 37 1614
1614 37 480
37 480 1614
478 1400 2675
2675 478 1400
1400 478 2675
2511 1203 2387
1203 2387 2511
2387 1203 2511
1845 276 670
670 276 1845
276 670 1845
1196 676 1290
676 1196 1290
1290 676 1196
2759 888 1687
888 1687 2759
1687 888 2759
2108 566 2243
2243 566 2108
566 2108 2243
1859 432 830
830 432 1859
432 830 1859
1670 807 2154
807 1670 2154
2154 807 1670
1972 551 2104
551 1972 2104
2104 551 1972
940 1258 2549
1258 940 2549
2549 940 1258
1880 1437 1806
1806 1437 1880
1437 1806 1880
1622 620 918
620 918 1622
918 620 1622
1600 320 2225
320 1600 2225
2225 320 1600
1214 1829 2170
2170 1214 1829
1829 1214 2170
2769 51 93
51 93 2769
93 51 2769
1495 1700 2372
2372 1495 1700
1700 1495 2372
243 370 2027
370 243 2027
2027 243 370
2307 1018 2382
2382 1018 2307
1018 2307 2382
484 1627 2353
1627 484 2353
2353 484 1627
2926 2396 2870
2870 2396 2926
2396 2870 2926
1601 898 2696
2696 898 1601
898 1601 2696
1081 229 1502
229 1081 1502
1502 229 1081
67 372 2714
372 67 2714
2714 67 372
2818 2207 2932
2932 2207 2818
2207 2818 2932
1864 120 2289
2289 120 1864
120 1864 2289
554 1922 2343
1922 554 2343
2343 554 1922
2842 114 1412
1412 114 2842
114 1412 2842
362 180 293
293 180 362
180 293 362
2003 1175 1758
1175 1758 2003
1758 1175 2003
2371 1083 2576
2576 1083 2371
1083 2371 2576
2465 706 1193
1193 706 2465
706 1193 2465
988 1152 1468
1468 988 1152
1152 988 1468
1882 702 1861
702 1861 1882
1861 702 1882
651 553 1521
553 651 1521
1521 553 651
2443 1001 2856
1001 2443 2856
2856 1001 2443
2625 2237 2799
2799 2237 2625
2237 2625 2799
2160 19 2991
19 2160 2991
2991 19 2160
2964 719 1104
1104 719 2964
719 1104 2964
166 232 1653
232 166 1653
1653 166 232
1055 1582 2285
1582 1055 2285
2285 1055 1582
2439 1903 2313
1903 2313 2439
2313 1903 2439
2486 614 1216
1216 614 2486
614 1216 2486
178 2049 2596
2596 178 2049
2049 178 2596
1238 1520 2245
2245 1238 1520
1520 1238 2245
2151 517 2148
517 2148 2151
2148 517 2151
1908 375 2669
2669 375 1908
375 1908 2669
967 972 1558
1558 967 972
972 967 1558
2763 2126 2454
2126 2454 2763
2454 2126 2763
1649 521 1156
521 1156 1649
1156 521 1649
2682 1195 1455
1455 1195 2682
1195 1455 2682
485 945 2994
945 485 2994
2994 485 945
564 1257 1367
1367 564 1257
1257 564 1367
1757 1814 2112
2112 1757 1814
1814 1757 2112
141 1674 2729
2729 141 1674
1674 141 2729
599 366 1735
1735 366 599
366 599 1735
2341 958 1431
1431 958 2341
958 1431 2341
1604 1013 2175
2175 1013 1604
1013 1604 2175
2760 801 2565
2565 801 2760
801 2565 2760
1 757 2270
2270 1 757
757 1 2270
2413 294 1791
1791 294 2413
294 1791 2413
716 1133 1474
1133 716 1474
1474 716 1133
373 539 1705
539 373 1705
1705 373 539
991 2314 2536
2314 991 2536
2536 991 2314
868 835 1535
1535 835 868
835 868 1535
2501 153 397
397 153 2501
153 397 2501
1277 277 1101
1101 277 1277
277 1101 1277
1395 686 2905
2905 686 1395
686 1395 2905
1765 1464 2913
2913 1464 1765
1464 1765 2913
2264 284 924
924 284 2264
284 924 2264
225 1532 2579
1532 225 2579
2579 225 1532
2512 1181 2597
1181 2512 2597
2597 1181 2512
1466 1944 2589
1944 1466 2589
2589 1466 1944
1959 88 714
88 714 1959
714 88 1959
2766 612 1004
1004 612 2766
612 1004 2766
1916 772 902
772 902 1916
902 772 1916
46 461 1172
461 46 1172
1172 46 461
2643 616 1679
616 1679 2643
1679 616 2643
2402 1071 2328
2328 1071 2402
1071 2328 2402
192 845 2122
2122 192 845
845 192 2122
1754 1796 2548
1796 1754 2548
2548 1754 1796
448 1722 2322
2322 448 1722
1722 448 2322
1212 195 1025
195 1025 1212
1025 195 1212
1708 941 1054
941 1054 1708
1054 941 1708
1178 2259 2650
2259 1178 2650
2650 1178 2259
504 2075 2082
2082 504 2075
2075 504 2082
1469 105 1546
1546 105 1469
105 1469 1546
2489 2208 2461
2461 2208 2489
2208 2461 2489
405 866 2708
2708 405 866
866 405 2708
256 2770 2993
2993 256 2770
2770 256 2993
2367 1454 2210
2210 1454 2367
1454 2210 2367
152 40 1740
40 152 1740
1740 40 152
2421 1383 1745
1383 1745 2421
1745 1383 2421
457 953 2331
2331 457 953
953 457 2331
1696 410 1826
410 1696 1826
1826 410 1696
2973 1990 2415
1990 2415 2973
2415 1990 2973
770 1143 2472
1143 770 2472
2472 770 1143
609 460 734
460 609 734
734 460 609
721 794 2149
794 721 2149
2149 721 794
2188 908 1624
908 1624 2188
1624 908 2188
1340 49 1509
49 1340 1509
1509 49 1340
2731 2474 2627
2627 2474 2731
2474 2627 2731
691 213 758
213 691 758
758 213 691
1183 354 2569
354 1183 2569
2569 354 1183
2840 1069 1981
1069 1981 2840
1981 1069 2840
63 627 2583
2583 63 627
627 63 2583
2260 1005 1548
1005 1548 2260
1548 1005 2260
501 380 1965
1965 380 501
380 501 1965
2265 1424 2200
2200 1424 2265
1424 2200 2265
1966 390 2283
390 1966 2283
2283 390 1966
1789 1819 2102
1819 1789 2102
2102 1789 1819
1798 1540 2529
2529 1540 1798
1540 1798 2529
2744 14 1656
14 1656 2744
1656 14 2744
92 123 2083
2083 92 123
123 92 2083
1906 673 1139
673 1139 1906
1139 673 1906
917 710 1109
1109 710 917
710 917 1109
882 109 1643
1643 109 882
109 882 1643
1441 647 1682
647 1441 1682
1682 647 1441
1646 429 2429
2429 429 1646
429 1646 2429
556 30 1293
1293 30 556
30 556 1293
558 1267 2822
2822 558 1267
1267 558 2822
891 257 1672
257 891 1672
1672 257 891
2896 1162 2173
1162 2173 2896
2173 1162 2896
1738 449 775
775 449 1738
449 775 1738
2267 94 2000
94 2000 2267
2000 94 2267
2602 601 723
601 723 2602
723 601 2602
1136 428 2541
428 1136 2541
2541 428 1136
2230 2376 2709
2376 2230 2709
2709 2230 2376
35 72 765
72 35 765
765 35 72
247 2676 2887
2676 247 2887
2887 247 2676
2834 2540 2903
2903 2540 2834
2540 2834 2903
2001 270 698
698 270 2001
270 698 2001
1976 434 838
838 434 1976
434 838 1976
1996 1816 2302
2302 1816 1996
1816 1996 2302
513 2144 2889
2144 513 2889
2889 513 2144
2339 1032 2897
2897 1032 2339
1032 2339 2897
1062 181 1119
1119 181 1062
181 1062 1119
2072 169 295
295 169 2072
169 295 2072
2278 419 653
419 653 2278
653 419 2278
231 2298 2384
2384 231 2298
2298 231 2384
1386 1452 2254
2254 1386 1452
1452 1386 2254
2236 222 842
842 222 2236
222 842 2236
2029 1698 2081
1698 2029 2081
2081 1698 2029
529 1544 2287
2287 529 1544
1544 529 2287
1035 973 1420
1420 973 1035
973 1035 1420
2953 314 2024
314 2024 2953
2024 314 2953
2499 176 1302
176 1302 2499
1302 176 2499
1612 325 874
325 874 1612
874 325 1612
2517 122 2040
2040 122 2517
122 2040 2517
1366 978 2983
2983 978 1366
978 1366 2983
2205 1897 2697
2697 1897 2205
1897 2205 2697
728 1407 1470
1470 728 1407
1407 728 1470
636 363 865
363 636 865
865 363 636
1979 399 1783
399 1783 1979
1783 399 1979
2632 1235 2010
2010 1235 2632
1235 2010 2632
2119 1007 1165
1007 1165 2119
1165 1007 2119
196 77 1788
1788 77 196
77 196 1788
540 1462 2281
2281 540 1462
1462 540 2281
2775 2338 2833
2833 2338 2775
2338 2775 2833
2385 1963 2795
2795 1963 2385
1963 2385 2795
2409 297 2679
2679 297 2409
297 2409 2679
715 89 585
585 89 715
89 585 715
1325 1895 2829
1895 1325 2829
2829 1325 1895
1160 2410 2631
2631 1160 2410
2410 1160 2631
948 298 357
298 357 948
357 298 948
2535 48 1815
1815 48 2535
48 1815 2535
506 311 2310
311 506 2310
2310 311 506
2817 349 2133
2133 349 2817
349 2133 2817
91 1692 2136
2136 91 1692
1692 91 2136
1833 1393 2485
1393 1833 2485
2485 1393 1833
302 1099 1677
1677 302 1099
1099 302 1677
2440 1210 2271
2271 1210 2440
1210 2271 2440
659 1876 2167
2167 659 1876
1876 659 2167
536 695 1658
1658 536 695
695 536 1658
55 1782 2646
1782 55 2646
2646 55 1782
236 217 2595
2595 217 236
217 236 2595
2944 970 1223
970 1223 2944
1223 970 2944
2014 1364 1913
1913 1364 2014
1364 1913 2014
1891 2272 2915
2272 1891 2915
2915 1891 2272
2401 1425 2921
2921 1425 2401
1425 2401 2921
1753 1058 1792
1792 1058 1753
1058 1753 1792
2064 573 1927
573 1927 2064
1927 573 2064
286 1080 1631
1080 286 1631
1631 286 1080
351 262 2125
262 351 2125
2125 262 351
2090 2087 2874
2087 2090 2874
2874 2087 2090
1039 507 1350
1350 507 1039
507 1039 1350
1526 2437 2524
2524 1526 2437
2437 1526 2524
187 840 2459
2459 187 840
840 187 2459
2460 1059 2847
2847 1059 2460
1059 2460 2847
496 583 1398
583 496 1398
1398 496 583
2356 1707 2098
2098 1707 2356
1707 2098 2356
2389 469 796
469 796 2389
796 469 2389
2624 1202 2380
2380 1202 2624
1202 2380 2624
895 2400 2423
2423 895 2400
2400 895 2423
1694 110 1458
1458 110 1694
110 1458 1694
2798 281 2261
2261 281 2798
281 2261 2798
133 626 705
705 133 626
626 133 705
1970 1632 2395
2395 1632 1970
1632 1970 2395
1313 1875 2639
1875 1313 2639
2639 1313 1875
2379 818 2192
2192 818 2379
818 2192 2379
241 361 547
547 241 361
361 241 547
2162 499 663
663 499 2162
499 663 2162
431 2312 2906
2906 431 2312
2312 431 2906
1924 959 1660
1660 959 1924
959 1660 1924
209 1884 1954
1884 209 1954
1954 209 1884
1779 1638 1747
1747 1638 1779
1638 1747 1779
1518 2039 2364
2039 1518 2364
2364 1518 2039
2457 1352 2096
1352 2096 2457
2096 1352 2457
1723 873 1763
1763 873 1723
873 1723 1763
2940 526 2949
526 2940 2949
2949 526 2940
1043 1344 2654
2654 1043 1344
1344 1043 2654
335 803 2720
803 335 2720
2720 335 803
1714 203 1527
1527 203 1714
203 1527 1714
418 1155 2531
2531 418 1155
1155 418 2531
2288 784 2052
2052 784 2288
784 2052 2288
1928 1110 1830
1110 1830 1928
1830 1110 1928
2304 597 1014
597 1014 2304
1014 597 2304
997 1691 2127
1691 997 2127
2127 997 1691
2467 387 1324
387 1324 2467
1324 387 2467
742 587 2430
2430 587 742
587 742 2430
1272 520 1362
520 1272 1362
1362 520 1272
2115 1034 1898
1898 1034 2115
1034 1898 2115
2912 631 2823
631 2823 2912
2823 631 2912
2129 137 1322
1322 137 2129
137 1322 2129
1259 313 1433
1433 313 1259
313 1259 1433
2417 466 789
789 466 2417
466 789 2417
1031 1737 2559
2559 1031 1737
1737 1031 2559
1890 783 1060
783 1060 1890
1060 783 1890
2781 400 2462
2462 400 2781
400 2462 2781
1879 2078 2513
2078 1879 2513
2513 1879 2078
2907 646 2849
646 2849 2907
2849 646 2907
2619 694 1506
1506 694 2619
694 1506 2619
384 860 2484
860 384 2484
2484 384 860
740 829 2794
2794 740 829
829 740 2794
2428 1579 2562
2562 1579 2428
1579 2428 2562
1308 2269 2830
2269 1308 2830
2830 1308 2269
2533 194 1213
194 1213 2533
1213 194 2533
2067 607 1194
1194 607 2067
607 1194 2067
95 1964 2453
2453 95 1964
1964 95 2453
2232 1835 2378
1835 2232 2378
2378 1835 2232
97 1369 1394
1369 97 1394
1394 97 1369
208 172 1640
1640 172 208
172 208 1640
1168 518 1151
518 1151 1168
1151 518 1168
1685 987 1724
1724 987 1685
987 1685 1724
2843 528 1857
528 1857 2843
1857 528 2843
2608 516 1381
1381 516 2608
516 1381 2608
1449 2369 2698
2698 1449 2369
2369 1449 2698
1547 328 637
328 637 1547
637 328 1547
2403 1076 2655
1076 2403 2655
2655 1076 2403
1634 837 1650
837 1634 1650
1650 837 1634
2442 377 1721
1721 377 2442
377 1721 2442
315 1984 2360
1984 315 2360
2360 315 1984
687 409 2881
2881 409 687
409 687 2881
2755 2786 2826
2826 2755 2786
2786 2755 2826
352 798 995
798 352 995
995 352 798
1710 2217 2528
2217 1710 2528
2528 1710 2217
1565 1250 2995
2995 1250 1565
1250 1565 2995
47 610 2764
2764 47 610
610 47 2764
31 2030 2206
2030 31 2206
2206 31 2030
162 1187 2240
2240 162 1187
1187 162 2240
1599 490 1103
1103 490 1599
490 1103 1599
1597 1613 2665
2665 1597 1613
1613 1597 2665
896 1373 1583
1583 896 1373
1373 896 1583
1799 1227 2656
2656 1227 1799
1227 1799 2656
2954 99 2839
2839 99 2954
99 2839 2954
6 1844 2224
2224 6 1844
1844 6 2224
1541 1038 1773
1773 1038 1541
1038 1541 1773
2925 2713 2946
2713 2925 2946
2946 2713 2925
1554 1422 1703
1422 1554 1703
1703 1422 1554
505 441 730
441 505 730
730 441 505
2455 977 2041
977 2041 2455
2041 977 2455
752 1405 2492
1405 752 2492
2492 752 1405
404 39 1743
1743 39 404
39 404 1743
2346 1146 1621
1146 1621 2346
1621 1146 2346
134 1953 2590
1953 134 2590
2590 134 1953
1943 205 1960
205 1943 1960
1960 205 1943
100 173 1037
1037 100 173
173 100 1037
2294 2582 2647
2582 2294 2647
2647 2294 2582
1451 154 1378
1378 154 1451
154 1378 1451
1706 1628 1822
1822 1628 1706
1628 1706 1822
306 2792 2809
2809 306 2792
2792 306 2809
2902 117 1776
117 1776 2902
1776 117 2902
2649 531 853
853 531 2649
531 853 2649
1333 218 2828
2828 218 1333
218 1333 2828
674 1158 1910
1158 674 1910
1910 674 1158
1444 2161 2514
2161 1444 2514
2514 1444 2161
330 186 1066
186 330 1066
1066 186 330
2658 776 2463
2463 776 2658
776 2463 2658
1084 1087 1575
1087 1084 1575
1575 1084 1087
2246 1811 2309
2309 1811 2246
1811 2246 2309
1877 489 1406
1406 489 1877
489 1406 1877
1602 1843 2500
2500 1602 1843
1843 1602 2500
1027 374 1977
1977 374 1027
374 1027 1977
1871 1377 2355
2355 1377 1871
1377 1871 2355
1148 722 867
867 722 1148
722 867 1148
935 199 1592
199 935 1592
1592 199 935
2295 1134 1326
1134 1326 2295
1326 1134 2295
1240 773 1418
773 1240 1418
1418 773 1240
2336 885 2449
2449 885 2336
885 2336 2449
1633 656 2968
2968 656 1633
656 1633 2968
805 2017 2752
2017 805 2752
2752 805 2017
648 1331 2036
2036 648 1331
1331 648 2036
2600 502 1975
502 1975 2600
1975 502 2600
2142 861 1831
1831 861 2142
861 1831 2142
200 1642 1651
1651 200 1642
1642 200 1651
29 2179 2519
2519 29 2179
2179 29 2519
2471 128 1801
1801 128 2471
128 1801 2471
2234 979 2435
2435 979 2234
979 2234 2435
2180 1086 2756
1086 2180 2756
2756 1086 2180
2633 267 1728
267 1728 2633
1728 267 2633
1339 1702 2762
2762 1339 1702
1702 1339 2762
1947 415 423
415 423 1947
423 415 1947
1952 822 1349
822 1349 1952
1349 822 1952
1494 1226 1239
1239 1226 1494
1226 1239 1494
1639 2521 2832
2521 1639 2832
2832 1639 2521
2022 2740 2917
2740 2022 2917
2917 2022 2740
433 1403 2778
2778 433 1403
1403 433 2778
135 125 1529
1529 125 135
125 135 1529
1432 471 2337
471 1432 2337
2337 471 1432
1676 2005 2452
2005 1676 2452
2452 1676 2005
632 1204 1774
1204 632 1774
1774 632 1204
59 1644 1770
1770 59 1644
1644 59 1770
43 697 2771
2771 43 697
697 43 2771
1189 1931 2581
2581 1189 1931
1931 1189 2581
475 38 2636
2636 38 475
38 475 2636
1442 34 1866
1866 34 1442
34 1442 1866
379 1249 1736
1736 379 1249
1249 379 1736
303 1262 2924
1262 303 2924
2924 303 1262
2758 333 1516
1516 333 2758
333 1516 2758
2591 1780 2664
2664 1780 2591
1780 2591 2664
249 965 2703
2703 249 965
965 249 2703
2683 1073 1530
1530 1073 2683
1073 1530 2683
1623 790 2448
790 1623 2448
2448 790 1623
1095 2023 2543
2543 1095 2023
2023 1095 2543
1500 1580 1625
1580 1500 1625
1625 1500 1580
2301 1860 2939
2939 1860 2301
1860 2301 2939
2359 2018 2751
2018 2359 2751
2751 2018 2359
2411 923 2564
2564 923 2411
923 2411 2564
2774 1085 1712
1712 1085 2774
1085 1712 2774
2215 57 588
588 57 2215
57 588 2215
2300 1713 2145
1713 2145 2300
2145 1713 2300
741 155 1802
155 741 1802
1802 155 741
1557 569 963
963 569 1557
569 963 1557
1593 1147 1217
1147 1217 1593
1217 1147 1593
1606 974 2587
2587 974 1606
974 1606 2587
2845 1410 2099
1410 2099 2845
2099 1410 2845
2584 1041 2982
1041 2584 2982
2982 1041 2584
907 929 2717
929 907 2717
2717 907 929
575 615 1179
615 575 1179
1179 575 615
1629 1689 2306
2306 1629 1689
1689 1629 2306
317 340 479
479 317 340
340 317 479
42 732 872
732 42 872
872 42 732
841 1010 1680
1010 841 1680
1680 841 1010
1946 685 1078
685 1078 1946
1078 685 1946
1929 1125 2570
2570 1125 1929
1125 1929 2570
2066 440 2919
2919 440 2066
440 2066 2919
1489 174 2470
174 1489 2470
2470 174 1489
731 2256 2723
2256 731 2723
2723 731 2256
2836 1784 2444
2444 1784 2836
1784 2444 2836
655 2807 2810
2810 655 2807
2807 655 2810
2495 365 2730
365 2495 2730
2730 365 2495
2726 795 2754
795 2726 2754
2754 795 2726
1140 147 2957
2957 147 1140
147 1140 2957
572 345 738
738 345 572
345 572 738
582 780 2026
2026 582 780
780 582 2026
2218 595 2391
2391 595 2218
595 2218 2391
1655 1396 1438
1396 1438 1655
1438 1396 1655
649 1769 2674
1769 649 2674
2674 649 1769
2660 1029 1299
1029 1299 2660
1299 1029 2660
1292 1388 1962
1962 1292 1388
1388 1292 1962
106 892 2749
2749 106 892
892 106 2749
608 857 1878
1878 608 857
857 608 1878
2667 261 290
290 261 2667
261 290 2667
443 933 2777
2777 443 933
933 443 2777
1303 2201 2779
2201 1303 2779
2779 1303 2201
779 1305 2035
2035 779 1305
1305 779 2035
1065 1297 1926
1926 1065 1297
1297 1065 1926
1209 146 1768
1768 146 1209
146 1209 1768
2642 1176 2866
1176 2642 2866
2866 1176 2642
2011 1832 2089
1832 2011 2089
2089 1832 2011
202 749 1793
749 202 1793
1793 202 749
1839 101 2876
2876 101 1839
101 1839 2876
121 2657 2802
2802 121 2657
2657 121 2802
1766 2055 2630
2055 1766 2630
2630 1766 2055
1198 2706 2806
2806 1198 2706
2706 1198 2806
393 1899 2445
1899 393 2445
2445 393 1899
1809 21 2100
2100 21 1809
21 1809 2100
1896 338 1805
338 1805 1896
1805 338 1896
211 532 2899
2899 211 532
532 211 2899
817 1114 2184
1114 817 2184
2184 817 1114
2825 512 2805
2805 512 2825
512 2805 2825
1188 848 2469
848 1188 2469
2469 848 1188
990 1482 2821
1482 990 2821
2821 990 1482
522 310 1934
1934 310 522
310 522 1934
693 1855 2978
1855 693 2978
2978 693 1855
1608 1719 2286
1719 1608 2286
2286 1608 1719
2196 2347 2699
2699 2196 2347
2347 2196 2699
1693 806 1384
806 1384 1693
1384 806 1693
538 221 2793
221 538 2793
2793 221 538
1503 964 2672
964 1503 2672
2672 964 1503
804 143 1328
1328 143 804
143 804 1328
2043 877 1610
877 1610 2043
1610 877 2043
2373 385 2150
385 2150 2373
2150 385 2373
957 1823 2377
2377 957 1823
1823 957 2377
129 2601 2782
2601 129 2782
2782 129 2601
669 1620 2479
1620 669 2479
2479 669 1620
1000 248 2171
2171 248 1000
248 1000 2171
2350 729 1434
729 1434 2350
1434 729 2350
641 545 2368
545 641 2368
2368 545 641
548 1353 2292
1353 548 2292
2292 548 1353
552 289 1534
289 552 1534
1534 289 552
1304 151 2916
2916 151 1304
151 1304 2916
2141 682 2293
682 2141 2293
2293 682 2141
916 1836 2884
1836 916 2884
2884 916 1836
2464 550 743
550 743 2464
743 550 2464
619 2424 2737
2737 619 2424
2424 619 2737
486 871 2837
871 486 2837
2837 486 871
1387 2008 2074
2074 1387 2008
2008 1387 2074
2296 666 1009
666 1009 2296
1009 666 2296
1915 2496 2721
2721 1915 2496
2496 1915 2721
824 2603 2753
2603 824 2753
2753 824 2603
1112 2195 2693
2195 1112 2693
2693 1112 2195
815 61 237
61 237 815
237 61 815
1686 701 1842
701 1686 1842
1842 701 1686
337 398 2447
2447 337 398
398 337 2447
2927 826 2253
2253 826 2927
826 2253 2927
446 1932 2166
1932 446 2166
2166 446 1932
1417 86 2249
86 1417 2249
2249 86 1417
2092 439 2694
2694 439 2092
439 2092 2694
1314 2086 2941
2941 1314 2086
2086 1314 2941
1555 559 2250
2250 559 1555
559 1555 2250
2427 2111 2598
2111 2427 2598
2598 2111 2427
1428 1056 2640
1056 1428 2640
2640 1056 1428
578 2084 2159
2159 578 2084
2084 578 2159
1637 164 1236
1236 164 1637
164 1236 1637
148 334 1817
1817 148 334
334 148 1817
593 915 1695
915 593 1695
1695 593 915
427 931 2933
931 427 2933
2933 427 931
864 1652 1849
1849 864 1652
1652 864 1849
508 1154 1264
1264 508 1154
1154 508 1264
2586 33 1967
33 1967 2586
1967 33 2586
843 1019 1971
1971 843 1019
1019 843 1971
2573 454 1531
454 1531 2573
1531 454 2573
2552 1348 1493
1493 1348 2552
1348 1493 2552
458 2568 2888
2888 458 2568
2568 458 2888
2727 1663 2139
2139 1663 2727
1663 2139 2727
2319 665 2974
2974 665 2319
665 2319 2974
847 2320 2789
2789 847 2320
2320 847 2789
771 1266 2890
1266 771 2890
2890 771 1266
156 1077 1232
1232 156 1077
1077 156 1232
624 2386 2616
2386 624 2616
2616 624 2386
1399 1190 2767
1190 1399 2767
2767 1190 1399
2037 911 2857
911 2037 2857
2857 911 2037
2648 910 1260
910 1260 2648
1260 910 2648
1167 71 2101
2101 71 1167
71 1167 2101
2859 1287 1310
1310 1287 2859
1287 1310 2859
2466 132 1408
132 1408 2466
1408 132 2466
1315 718 1948
1948 718 1315
718 1315 1948
943 287 1752
1752 287 943
287 943 1752
1567 1177 2303
1177 1567 2303
2303 1177 1567
2739 138 2390
138 2390 2739
2390 138 2739
1351 897 1883
897 1351 1883
1883 897 1351
2416 2332 2498
2498 2332 2416
2332 2416 2498
2375 535 832
535 832 2375
832 535 2375
1863 2482 2975
2482 1863 2975
2975 1863 2482
2494 1082 2012
2012 1082 2494
1082 2012 2494
168 859 2020
2020 168 859
859 168 2020
1572 17 1945
17 1572 1945
1945 17 1572
1401 1889 2544
2544 1401 1889
1889 1401 2544
639 189 786
786 189 639
189 639 786
992 1761 1994
1761 992 1994
1994 992 1761
1894 207 455
207 455 1894
455 207 1894
1756 1421 2262
2262 1421 1756
1421 1756 2262
510 492 1850
492 510 1850
1850 492 510
713 839 1091
839 713 1091
1091 713 839
761 16 745
745 16 761
16 745 761
254 163 2934
163 254 2934
2934 163 254
2937 1515 2824
1515 2824 2937
2824 1515 2937
1800 642 2813
2813 642 1800
642 1800 2813
764 689 1450
689 764 1450
1450 689 764
1166 580 2574
2574 580 1166
580 1166 2574
2418 586 2537
2537 586 2418
586 2418 2537
381 119 994
119 381 994
994 119 381
1841 234 658
234 658 1841
658 234 1841
746 1543 2909
1543 746 2909
2909 746 1543
1276 928 2790
928 1276 2790
2790 928 1276
1617 1411 2124
2124 1411 1617
1411 1617 2124
661 44 1335
44 661 1335
1335 44 661
2414 1560 2204
1560 2204 2414
2204 1560 2414
2644 1268 2321
2321 1268 2644
1268 2321 2644
1278 1121 2063
1121 1278 2063
2063 1121 1278
1460 1338 2965
2965 1338 1460
1338 1460 2965
623 1524 2607
1524 623 2607
2607 623 1524
1812 1856 2079
2079 1812 1856
1856 1812 2079
356 590 2575
2575 356 590
590 356 2575
2956 242 643
643 242 2956
242 643 2956
2132 367 1772
1772 367 2132
367 1772 2132
1211 272 1726
272 1211 1726
1726 272 1211
278 617 2004
617 278 2004
2004 278 617
1725 1205 1813
1813 1205 1725
1205 1725 1813
2520 1988 2820
1988 2520 2820
2820 1988 2520
739 150 2290
2290 150 739
150 739 2290
483 183 629
183 483 629
629 183 483
628 407 668
407 628 668
668 407 628
391 296 971
296 391 971
971 296 391
1415 906 2661
2661 906 1415
906 1415 2661
2031 1316 1838
1316 1838 2031
1838 1316 2031
1392 1888 2904
1888 1392 2904
2904 1392 1888
239 2538 2689
2538 239 2689
2689 239 2538
934 2311 2605
2311 934 2605
2605 934 2311
1169 136 2491
2491 136 1169
136 1169 2491
1885 1318 2880
1318 1885 2880
2880 1318 1885
459 1192 1289
1289 459 1192
1192 459 1289
1201 1570 1739
1570 1201 1739
1739 1201 1570
2812 2431 2746
2746 2431 2812
2431 2746 2812
301 680 2935
680 301 2935
2935 301 680
751 421 2626
421 751 2626
2626 421 751
