1353 739 2644
2644 739 1353
739 1353 2644
851 910 2255
2255 851 910
910 851 2255
554 1040 2329
2329 554 1040
1040 554 2329
385 103 2029
2029 103 385
103 385 2029
1910 544 2387
2387 544 1910
544 1910 2387
431 1304 1433
1433 431 1304
1304 431 1433
2571 645 945
645 945 2571
945 645 2571
1731 85 2916
85 1731 2916
2916 85 1731
2649 1886 2458
1886 2458 2649
2458 1886 2649
2734 130 1970
1970 130 2734
130 1970 2734
917 1955 1986
1955 917 1986
1986 917 1955
906 1021 1383
1021 906 1383
1383 906 1021
751 662 2653
662 751 2653
2653 662 751
2619 654 2664
654 2619 2664
2664 654 2619
2346 433 2413
433 2346 2413
2413 433 2346
1144 971 1432
971 1144 1432
1432 971 1144
2840 448 2427
448 2427 2840
2427 448 2840
2456 455 2906
2906 455 2456
455 2456 2906
207 1092 2188
2188 207 1092
1092 207 2188
1523 125 1445
125 1445 1523
1445 125 1523
2531 168 1704
168 1704 2531
1704 168 2531
255 702 885
702 255 885
885 255 702
2960 471 1318
1318 471 2960
471 1318 2960
1856 1023 1051
1023 1051 1856
1051 1023 1856
671 151 1924
1924 151 671
151 671 1924
598 1685 2430
1685 598 2430
2430 598 1685
2172 260 2688
260 2172 2688
2688 260 2172
512 630 1288
1288 512 630
630 512 1288
1821 1522 2417
1522 1821 2417
2417 1522 1821
1809 104 1858
104 1809 1858
1858 104 1809
1320 509 882
882 509 1320
509 882 1320
516 40 159
159 40 516
40 159 516
1815 462 2187
462 1815 2187
2187 462 1815
577 1193 2964
2964 577 1193
1193 577 2964
2873 2586 2808
2586 2808 2873
2808 2586 2873
2502 1851 2681
1851 2502 2681
2681 1851 2502
1844 1131 1866
1866 1131 1844
1131 1844 1866
821 850 1535
1535 821 850
850 821 1535
2246 990 1446
990 1446 2246
1446 990 2246
2826 2645 2834
2834 2645 2826
2645 2826 2834
2119 508 1892
1892 508 2119
508 1892 2119
2052 719 1486
719 1486 2052
1486 719 2052
2463 73 2637
73 2463 2637
2637 73 2463
604 157 1877
1877 157 604
157 604 1877
1656 669 1155
669 1155 1656
1155 669 1656
34 346 908
908 34 346
346 34 908
2300 239 2326
239 2300 2326
2326 239 2300
204 542 716
716 204 542
542 204 716
1871 278 2131
2131 278 1871
278 1871 2131
2846 2231 2465
2465 2231 2846
2231 2465 2846
1206 303 1034
1034 303 1206
303 1034 1206
1719 369 499
499 369 1719
369 499 1719
637 297 2321
2321 297 637
297 637 2321
342 214 1157
214 342 1157
1157 214 342
440 556 1434
1434 440 556
556 440 1434
304 806 2552
806 304 2552
2552 304 806
2613 2686 2841
2686 2613 2841
2841 2613 2686
2409 1841 2798
2798 1841 2409
1841 2409 2798
2603 1587 1601
1601 1587 2603
1587 1601 2603
1104 1139 1928
1928 1104 1139
1139 1104 1928
2604 874 2384
874 2384 2604
2384 874 2604
2657 1929 2378
1929 2378 2657
2378 1929 2657
534 2157 2893
2157 534 2893
2893 534 2157
2904 536 1529
536 1529 2904
1529 536 2904
2643 1018 1123
1018 1123 2643
1123 1018 2643
1372 232 1173
232 1173 1372
1173 232 1372
591 1459 1556
1556 591 1459
1459 591 1556
2689 473 2623
2623 473 2689
473 2623 2689
1549 1734 1939
1939 1549 1734
1734 1549 1939
2546 1754 2219
1754 2219 2546
2219 1754 2546
2858 360 2132
360 2132 2858
2132 360 2858
2731 441 1810
441 1810 2731
1810 441 2731
1606 872 1636
872 1606 1636
1636 872 1606
2897 396 610
610 396 2897
396 610 2897
2925 263 1786
263 1786 2925
1786 263 2925
1717 1221 1591
1591 1221 1717
1221 1591 1717
1465 2372 2828
2828 1465 2372
2372 1465 2828
405 236 1792
236 405 1792
1792 236 405
24 1785 1879
1879 24 1785
1785 24 1879
1266 1530 2712
1530 1266 2712
2712 1266 1530
2368 2665 2670
2665 2368 2670
2670 2368 2665
328 1482 2214
1482 328 2214
2214 328 1482
2227 934 1246
1246 934 2227
934 1246 2227
1087 789 2885
2885 789 1087
789 1087 2885
2648 1196 2795
2795 1196 2648
1196 2648 2795
381 1901 2959
1901 381 2959
2959 381 1901
2432 996 1211
996 1211 2432
1211 996 2432
752 409 2073
2073 409 752
409 752 2073
1874 620 1873
620 1873 1874
1873 620 1874
20 2117 2523
2117 20 2523
2523 20 2117
1234 976 2402
976 1234 2402
2402 976 1234
195 416 2849
416 195 2849
2849 195 416
1399 138 1012
138 1012 1399
1012 138 1399
38 1672 1726
1672 38 1726
1726 38 1672
1291 426 2905
2905 426 1291
426 1291 2905
1437 116 2108
116 1437 2108
2108 116 1437
2763 2317 2907
2317 2763 2907
2907 2317 2763
1876 1684 2237
1684 1876 2237
2237 1684 1876
72 1826 2577
2577 72 1826
1826 72 2577
1299 1540 1888
1888 1299 1540
1540 1299 1888
1343 2634 2651
2634 1343 2651
2651 1343 2634
274 226 497
226 274 497
497 226 274
796 1038 1750
1038 796 1750
1750 796 1038
2390 373 926
926 373 2390
373 926 2390
2901 36 800
36 800 2901
800 36 2901
33 2780 2950
2780 33 2950
2950 33 2780
2301 477 2292
477 2292 2301
2292 477 2301
710 576 2252
576 710 2252
2252 576 710
1510 709 2599
709 1510 2599
2599 709 1510
1849 1181 2407
1181 1849 2407
2407 1181 1849
377 1645 2900
2900 377 1645
1645 377 2900
444 629 1921
629 444 1921
1921 444 629
2265 280 2752
280 2265 2752
2752 280 2265
543 617 799
799 543 617
617 543 799
2728 1214 2311
1214 2311 2728
2311 1214 2728
1943 388 1271
388 1271 1943
1271 388 1943
2230 553 775
775 553 2230
553 775 2230
466 950 1539
950 466 1539
1539 466 950
2695 1366 2167
2167 1366 2695
1366 2167 2695
1665 394 2525
2525 394 1665
394 1665 2525
220 331 1480
1480 220 331
331 220 1480
2503 1245 1388
1388 1245 2503
1245 1388 2503
152 1600 2450
1600 152 2450
2450 152 1600
2515 1148 1153
1148 1153 2515
1153 1148 2515
1822 728 1907
728 1822 1907
1907 728 1822
2040 1690 2382
1690 2040 2382
2382 1690 2040
700 1384 1561
1384 700 1561
1561 700 1384
2716 1182 1232
1232 1182 2716
1182 1232 2716
2324 305 421
421 305 2324
305 421 2324
348 972 2855
972 348 2855
2855 348 972
2602 1110 2805
2805 1110 2602
1110 2602 2805
2383 571 1392
571 1392 2383
1392 571 2383
1681 25 902
902 25 1681
25 902 1681
2899 635 2725
635 2725 2899
2725 635 2899
1628 176 1650
1650 176 1628
176 1628 1650
2443 434 552
552 434 2443
434 552 2443
281 531 1966
1966 281 531
531 281 1966
1496 1483 2596
2596 1483 1496
1483 1496 2596
479 181 2126
181 479 2126
2126 181 479
848 1415 2154
2154 848 1415
1415 848 2154
2652 1247 2759
2759 1247 2652
1247 2652 2759
2206 690 2309
690 2206 2309
2309 690 2206
1903 1703 2186
2186 1703 1903
1703 1903 2186
1164 594 2851
2851 594 1164
594 1164 2851
1171 1216 2118
2118 1171 1216
1216 1171 2118
50 992 2917
2917 50 992
992 50 2917
112 794 841
794 112 841
841 112 794
1248 2398 2606
2606 1248 2398
2398 1248 2606
2367 1664 1740
1664 1740 2367
1740 1664 2367
16 55 2144
2144 16 55
55 16 2144
2890 231 2561
2561 231 2890
231 2561 2890
2770 1335 2976
2976 1335 2770
1335 2770 2976
517 721 1204
1204 517 721
721 517 1204
349 1008 1025
1008 349 1025
1025 349 1008
1382 1272 1788
1272 1382 1788
1788 1272 1382
570 1049 1701
1049 570 1701
1701 570 1049
2025 740 2395
2395 740 2025
740 2025 2395
1042 1526 1945
1526 1042 1945
1945 1042 1526
52 839 1116
839 52 1116
1116 52 839
782 648 2286
648 782 2286
2286 648 782
2223 699 1946
699 1946 2223
1946 699 2223
2243 1135 1413
1135 1413 2243
1413 1135 2243
2569 1745 1839
1839 1745 2569
1745 1839 2569
1796 1857 2549
1857 1796 2549
2549 1796 1857
2694 192 257
257 192 2694
192 257 2694
764 111 506
111 506 764
506 111 764
2980 489 2573
489 2573 2980
2573 489 2980
1562 1451 2630
1451 1562 2630
2630 1451 1562
2562 639 2992
2992 639 2562
639 2562 2992
2030 412 2168
412 2030 2168
2168 412 2030
1306 273 999
999 273 1306
273 999 1306
2057 1133 1322
1133 1322 2057
1322 1133 2057
29 1370 2568
2568 29 1370
1370 29 2568
91 447 2275
447 91 2275
2275 91 447
501 698 2585
698 501 2585
2585 501 698
854 1250 1718
1250 854 1718
1718 854 1250
827 259 2529
259 827 2529
2529 259 827
171 1553 2622
1553 171 2622
2622 171 1553
251 527 1143
1143 251 527
527 251 1143
1817 134 567
567 134 1817
134 567 1817
411 791 834
834 411 791
791 411 834
1634 1585 2883
2883 1585 1634
1585 1634 2883
1736 1959 2294
2294 1736 1959
1959 1736 2294
1167 575 2719
2719 575 1167
575 1167 2719
644 2178 2597
2178 644 2597
2597 644 2178
2511 264 668
668 264 2511
264 668 2511
1444 174 1183
1183 174 1444
174 1183 1444
410 359 2924
359 410 2924
2924 359 410
2675 973 2397
2397 973 2675
973 2397 2675
2059 546 683
546 683 2059
683 546 2059
108 293 1294
1294 108 293
293 108 1294
1346 1208 1546
1208 1346 1546
1546 1208 1346
844 67 2809
2809 67 844
67 844 2809
1612 140 787
140 787 1612
787 140 1612
2755 188 2036
2036 188 2755
188 2036 2755
694 1639 1878
1878 694 1639
1639 694 1878
63 892 1070
892 63 1070
1070 63 892
68 2210 2487
2210 68 2487
2487 68 2210
1790 878 2056
2056 878 1790
878 1790 2056
1456 79 930
930 79 1456
79 930 1456
1058 18 2981
18 1058 2981
2981 18 1058
1466 2527 2535
2527 1466 2535
2535 1466 2527
862 418 2469
418 862 2469
2469 418 862
2514 817 1280
817 1280 2514
1280 817 2514
2833 586 1728
1728 586 2833
586 1728 2833
2276 743 1630
1630 743 2276
743 1630 2276
1554 1169 1491
1491 1169 1554
1169 1491 1554
1439 1249 1537
1537 1249 1439
1249 1439 1537
583 1655 2560
2560 583 1655
1655 583 2560
2314 1449 2709
1449 2314 2709
2709 1449 2314
1949 1643 2426
1643 1949 2426
2426 1643 1949
2738 680 939
680 939 2738
939 680 2738
1580 2228 2497
2497 1580 2228
2228 1580 2497
185 1700 1831
1831 185 1700
1700 185 1831
2779 1661 2620
2620 1661 2779
1661 2620 2779
15 1547 2017
1547 15 2017
2017 15 1547
1024 403 1850
1850 403 1024
403 1024 1850
1069 1919 2517
2517 1069 1919
1919 1069 2517
1802 1752 2335
2335 1752 1802
1752 1802 2335
1667 2281 2860
2281 1667 2860
2860 1667 2281
2683 959 1942
959 1942 2683
1942 959 2683
1565 1363 2533
1363 1565 2533
2533 1363 1565
978 977 1180
1180 977 978
977 978 1180
776 2085 2193
2085 776 2193
2193 776 2085
2581 1292 1394
1292 1394 2581
1394 1292 2581
601 86 1031
1031 86 601
86 601 1031
1952 2027 2358
2027 1952 2358
2358 1952 2027
895 652 711
652 711 895
711 652 895
177 541 2540
541 177 2540
2540 177 541
2660 320 2090
2090 320 2660
320 2090 2660
343 95 2971
2971 95 343
95 343 2971
1255 245 674
245 674 1255
674 245 1255
1108 2235 2461
2235 1108 2461
2461 1108 2235
1296 1753 2352
2352 1296 1753
1753 1296 2352
2160 1120 1188
1120 1188 2160
1188 1120 2160
1738 1557 1789
1789 1557 1738
1557 1738 1789
2060 1315 1453
1453 1315 2060
1315 1453 2060
861 49 1852
1852 49 861
49 861 1852
1579 310 659
310 659 1579
659 310 1579
1569 2582 2720
2582 1569 2720
2720 1569 2582
1305 2106 2134
2134 1305 2106
2106 1305 2134
1710 1545 2488
1545 1710 2488
2488 1545 1710
666 1422 2151
1422 666 2151
2151 666 1422
756 989 1989
989 756 1989
1989 756 989
184 783 1720
1720 184 783
783 184 1720
2259 2016 2867
2867 2016 2259
2016 2259 2867
2608 2032 2627
2627 2032 2608
2032 2608 2627
2854 1355 2993
2993 1355 2854
1355 2854 2993
476 1122 1574
1574 476 1122
1122 476 1574
519 1083 2726
2726 519 1083
1083 519 2726
2262 1896 2827
2827 1896 2262
1896 2262 2827
2553 722 1855
1855 722 2553
722 1855 2553
1889 616 2984
616 1889 2984
2984 616 1889
845 161 2935
161 845 2935
2935 161 845
2181 82 2086
2086 82 2181
82 2086 2181
819 738 1125
738 819 1125
1125 738 819
1059 724 1332
1332 724 1059
724 1059 1332
386 14 1678
14 386 1678
1678 14 386
92 2038 2045
2045 92 2038
2038 92 2045
1846 2049 2610
2049 1846 2610
2610 1846 2049
1076 169 628
169 628 1076
628 169 1076
6 502 2594
2594 6 502
502 6 2594
842 1793 2239
2239 842 1793
1793 842 2239
1014 975 2691
975 1014 2691
2691 975 1014
1968 1154 2621
1154 1968 2621
2621 1154 1968
2538 704 942
704 942 2538
942 704 2538
48 187 679
187 48 679
679 48 187
2646 2291 2486
2486 2291 2646
2291 2486 2646
2441 265 2526
2526 265 2441
265 2441 2526
982 90 2122
2122 90 982
90 982 2122
1375 142 1026
142 1026 1375
1026 142 1375
1674 132 2915
132 1674 2915
2915 132 1674
2679 2061 2498
2061 2498 2679
2498 2061 2679
2039 1570 2940
1570 2039 2940
2940 1570 2039
624 58 965
965 58 624
58 624 965
472 47 795
795 47 472
47 472 795
2509 1947 2201
2201 1947 2509
1947 2201 2509
101 1075 2129
2129 101 1075
1075 101 2129
2781 1776 2019
1776 2019 2781
2019 1776 2781
967 353 1431
353 967 1431
1431 353 967
857 689 2224
689 857 2224
2224 689 857
1782 588 2075
588 1782 2075
2075 588 1782
1607 190 2968
190 1607 2968
2968 190 1607
463 1596 2137
2137 463 1596
1596 463 2137
1 28 2268
28 1 2268
2268 1 28
283 354 2452
2452 283 354
354 283 2452
1621 1277 2048
2048 1277 1621
1277 1621 2048
2938 1563 2101
2101 1563 2938
1563 2101 2938
803 810 2685
810 803 2685
2685 803 810
1450 1269 2864
1269 1450 2864
2864 1269 1450
238 1043 1551
1043 238 1551
1551 238 1043
2735 1127 2807
2807 1127 2735
1127 2735 2807
322 780 2331
780 322 2331
2331 322 780
642 2952 2962
2962 642 2952
2952 642 2962
1825 170 677
677 170 1825
170 677 1825
129 1101 2308
2308 129 1101
1101 129 2308
2044 660 2123
660 2044 2123
2123 660 2044
1842 522 565
565 522 1842
522 565 1842
222 467 632
467 222 632
632 222 467
1514 75 88
75 88 1514
88 75 1514
2226 2242 2271
2271 2226 2242
2242 2226 2271
758 1905 2394
1905 758 2394
2394 758 1905
189 64 625
625 64 189
64 189 625
2475 853 1395
1395 853 2475
853 1395 2475
2631 667 2504
2504 667 2631
667 2504 2631
98 1244 1393
1393 98 1244
1244 98 1393
2913 42 60
60 42 2913
42 60 2913
2775 1001 2636
2636 1001 2775
1001 2636 2775
2617 914 1633
1633 914 2617
914 1633 2617
1420 974 1584
974 1420 1584
1584 974 1420
2812 2257 2312
2257 2312 2812
2312 2257 2812
1940 2079 2998
2998 1940 2079
2079 1940 2998
147 769 2741
769 147 2741
2741 147 769
1799 39 1117
39 1117 1799
1117 39 1799
1975 602 1737
1737 602 1975
602 1737 1975
1166 1875 2732
1875 1166 2732
2732 1166 1875
2170 163 205
163 205 2170
205 163 2170
813 935 2997
2997 813 935
935 813 2997
227 115 495
115 227 495
495 115 227
1218 951 1653
1653 951 1218
951 1218 1653
823 1548 2446
1548 823 2446
2446 823 1548
1615 221 2507
2507 221 1615
221 1615 2507
89 316 338
316 89 338
338 89 316
1419 2155 2891
2155 1419 2891
2891 1419 2155
1097 2285 2944
2285 1097 2944
2944 1097 2285
1156 137 1531
1531 137 1156
137 1156 1531
318 271 547
547 271 318
271 318 547
886 2 2433
2 886 2433
2433 2 886
708 162 2510
2510 162 708
162 708 2510
2431 1632 2847
2847 1632 2431
1632 2431 2847
234 1475 1611
1475 234 1611
1611 234 1475
964 909 2202
909 964 2202
2202 909 964
2460 490 1189
490 1189 2460
1189 490 2460
2096 656 859
859 656 2096
656 859 2096
2391 345 2745
345 2391 2745
2745 345 2391
1520 164 1121
1121 164 1520
164 1121 1520
599 235 319
235 319 599
319 235 599
2536 311 1468
311 1468 2536
1468 311 2536
2655 1597 2435
2435 1597 2655
1597 2435 2655
1693 1118 3000
1118 1693 3000
3000 1118 1693
2318 873 1477
873 1477 2318
1477 873 2318
1396 27 597
27 597 1396
597 27 1396
252 574 2605
574 252 2605
2605 252 574
244 295 485
485 244 295
295 244 485
984 705 2164
2164 705 984
705 984 2164
1521 1068 1227
1227 1068 1521
1068 1227 1521
2737 1658 2629
1658 2629 2737
2629 1658 2737
1774 771 2625
771 1774 2625
2625 771 1774
606 212 2457
2457 212 606
212 606 2457
1985 432 1476
1476 432 1985
432 1476 1985
1927 1619 2724
1619 1927 2724
2724 1619 1927
2347 987 1137
987 1137 2347
1137 987 2347
766 1509 2147
2147 766 1509
1509 766 2147
435 2105 2760
2760 435 2105
2105 435 2760
1128 1765 2222
1765 1128 2222
2222 1128 1765
2871 1094 2956
2956 1094 2871
1094 2871 2956
1337 1151 2782
1151 1337 2782
2782 1151 1337
970 279 2014
279 970 2014
2014 279 970
1833 2263 2945
2945 1833 2263
2263 1833 2945
1340 1099 1724
1724 1099 1340
1099 1340 1724
2247 148 324
324 148 2247
148 324 2247
550 762 2889
2889 550 762
762 550 2889
1130 615 1309
615 1130 1309
1309 615 1130
2859 382 2784
382 2784 2859
2784 382 2859
1894 569 2217
2217 569 1894
569 1894 2217
1457 744 2796
744 1457 2796
2796 744 1457
1982 1455 1620
1455 1620 1982
1620 1455 1982
2089 540 2767
540 2089 2767
2767 540 2089
798 2428 2861
2861 798 2428
2428 798 2861
1028 530 1716
1716 530 1028
530 1028 1716
461 1077 1410
1410 461 1077
1077 461 1410
1707 1845 2010
1845 1707 2010
2010 1707 1845
127 390 2884
390 127 2884
2884 127 390
1887 156 395
395 156 1887
156 395 1887
1723 511 1199
1199 511 1723
511 1199 1723
2810 2707 2930
2707 2810 2930
2930 2707 2810
198 915 2334
2334 198 915
915 198 2334
1067 1583 2490
2490 1067 1583
1583 1067 2490
2764 94 1124
1124 94 2764
94 1124 2764
1742 961 2941
2941 961 1742
961 1742 2941
643 900 1571
900 643 1571
1571 643 900
1593 1207 1902
1902 1207 1593
1207 1593 1902
208 928 2078
928 208 2078
2078 208 928
2933 513 1461
513 1461 2933
1461 513 2933
745 2066 2176
2066 745 2176
2176 745 2066
1036 837 1033
837 1033 1036
1033 837 1036
2936 1223 1882
1882 1223 2936
1223 1882 2936
561 1380 1885
1380 561 1885
1885 561 1380
1712 387 1381
387 1381 1712
1381 387 1712
2110 146 2386
146 2110 2386
2386 146 2110
315 879 1994
879 315 1994
1994 315 879
1341 419 988
988 419 1341
419 988 1341
2923 1971 2419
1971 2419 2923
2419 1971 2923
2313 1344 2668
2668 1344 2313
1344 2313 2668
1484 87 246
246 87 1484
87 246 1484
2590 802 1848
1848 802 2590
802 1848 2590
2814 2240 2703
2703 2240 2814
2240 2703 2814
2628 1229 2892
1229 2628 2892
2892 1229 2628
379 100 2333
2333 100 379
100 379 2333
2000 2440 2931
2931 2000 2440
2440 2000 2931
1778 2220 2618
2220 1778 2618
2618 1778 2220
2348 420 1706
1706 420 2348
420 1706 2348
684 1926 2667
1926 684 2667
2667 684 1926
2284 1079 1186
1079 1186 2284
1186 1079 2284
2863 691 1904
1904 691 2863
691 1904 2863
2325 596 1060
1060 596 2325
596 1060 2325
1176 2043 2961
2043 1176 2961
2961 1176 2043
287 564 1603
564 287 1603
1603 287 564
2723 469 1637
1637 469 2723
469 1637 2723
487 613 2209
613 487 2209
2209 487 613
1190 2513 2539
2539 1190 2513
2513 1190 2539
106 929 1469
1469 106 929
929 106 1469
1447 1187 2544
1187 1447 2544
2544 1187 1447
521 158 2216
2216 158 521
158 521 2216
2927 2127 2692
2692 2127 2927
2127 2692 2927
2762 717 2609
717 2609 2762
2609 717 2762
1614 493 634
634 493 1614
493 634 1614
225 1303 2295
2295 225 1303
1303 225 2295
1544 1338 2470
1338 1544 2470
2470 1338 1544
2969 46 446
446 46 2969
46 446 2969
178 938 2198
2198 178 938
938 178 2198
2682 439 2572
439 2572 2682
2572 439 2682
105 801 1276
1276 105 801
801 105 1276
1775 498 2662
2662 498 1775
498 1775 2662
2068 250 1258
1258 250 2068
250 1258 2068
2330 946 1967
946 1967 2330
1967 946 2330
1089 607 1240
607 1089 1240
1240 607 1089
2250 1642 2666
1642 2250 2666
2666 1642 2250
2081 555 1673
1673 555 2081
555 1673 2081
1517 2519 2921
2519 1517 2921
2921 1517 2519
2098 329 1283
329 1283 2098
1283 329 2098
1109 219 1020
1020 219 1109
219 1020 1109
2451 1378 2165
2165 1378 2451
1378 2165 2451
2261 2136 2249
2136 2249 2261
2249 2136 2261
820 243 1202
1202 243 820
243 820 1202
153 180 2722
180 153 2722
2722 153 180
1339 1478 2721
1478 1339 2721
2721 1339 1478
1002 1648 2766
2766 1002 1648
1648 1002 2766
1198 408 1957
1957 408 1198
408 1198 1957
855 397 1252
397 855 1252
1252 397 855
1605 118 701
701 118 1605
118 701 1605
478 2385 2566
2566 478 2385
2385 478 2566
2192 670 1918
670 1918 2192
1918 670 2192
2757 931 2815
2815 931 2757
931 2757 2815
952 276 1239
1239 276 952
276 952 1239
1203 608 1282
608 1203 1282
1282 608 1203
1481 1111 1646
1646 1111 1481
1111 1481 1646
1462 1515 2041
1515 1462 2041
2041 1462 1515
1197 860 1862
1862 860 1197
860 1197 1862
1387 1794 2298
2298 1387 1794
1794 1387 2298
2852 2492 2744
2744 2492 2852
2492 2744 2852
1990 1741 2221
1741 1990 2221
2221 1741 1990
1361 358 1467
1467 358 1361
358 1361 1467
339 901 2287
2287 339 901
901 339 2287
1909 1032 2362
2362 1032 1909
1032 1909 2362
1969 136 1984
136 1969 1984
1984 136 1969
126 267 2845
267 126 2845
2845 126 267
2002 336 1460
1460 336 2002
336 1460 2002
2563 2135 2882
2135 2563 2882
2882 2135 2563
1838 2369 2848
2848 1838 2369
2369 1838 2848
1194 1178 2485
1178 1194 2485
2485 1178 1194
2171 1801 2918
2918 1801 2171
1801 2171 2918
2753 17 2448
17 2448 2753
2448 17 2753
2051 822 1755
1755 822 2051
822 1755 2051
1369 686 2616
686 1369 2616
2616 686 1369
182 1095 2951
2951 182 1095
1095 182 2951
1787 729 1093
1093 729 1787
729 1093 1787
1950 880 1435
1435 880 1950
880 1435 1950
723 1115 1524
1524 723 1115
1115 723 1524
10 1113 1334
1113 10 1334
1334 10 1113
1762 2103 2340
2340 1762 2103
2103 1762 2340
1897 301 922
922 301 1897
301 922 1897
921 355 1828
1828 355 921
355 921 1828
2046 93 1558
1558 93 2046
93 1558 2046
2067 836 2238
836 2067 2238
2238 836 2067
294 298 1618
1618 294 298
298 294 1618
150 1134 2328
1134 150 2328
2328 150 1134
356 1536 2199
1536 356 2199
2199 356 1536
2278 1061 2414
1061 2278 2414
2414 1061 2278
2768 1295 1814
1814 1295 2768
1295 1814 2768
962 22 2788
2788 22 962
22 962 2788
947 2245 2269
2245 947 2269
2269 947 2245
1289 1313 2942
2942 1289 1313
1313 1289 2942
1616 1401 2730
2730 1401 1616
1401 1616 2730
1004 1575 1694
1694 1004 1575
1575 1004 1694
327 825 1860
1860 327 825
825 327 1860
1977 32 56
56 32 1977
32 56 1977
611 761 2524
2524 611 761
761 611 2524
2642 2304 2399
2304 2399 2642
2399 2304 2642
1976 846 1997
1997 846 1976
846 1976 1997
903 1770 2749
2749 903 1770
1770 903 2749
773 718 1525
718 773 1525
1525 718 773
2836 816 1582
1582 816 2836
816 1582 2836
1805 869 2591
2591 869 1805
869 1805 2591
736 1316 2832
2832 736 1316
1316 736 2832
268 968 2482
2482 268 968
968 268 2482
733 1052 1697
1697 733 1052
1052 733 1697
1498 1138 1891
1138 1498 1891
1891 1138 1498
2570 898 995
898 995 2570
995 898 2570
2506 1428 1608
1608 1428 2506
1428 1608 2506
2928 1962 2687
2687 1962 2928
1962 2687 2928
1275 1759 2987
2987 1275 1759
1759 1275 2987
2215 1046 2196
1046 2196 2215
2196 1046 2215
867 1812 2121
1812 867 2121
2121 867 1812
1859 582 2350
582 1859 2350
2350 582 1859
2241 442 957
442 957 2241
957 442 2241
593 818 2869
2869 593 818
818 593 2869
2868 1170 2191
2191 1170 2868
1170 2191 2868
2272 538 1744
538 1744 2272
1744 538 2272
1880 2835 2974
2974 1880 2835
2835 1880 2974
2953 904 1502
904 1502 2953
1502 904 2953
1771 1331 1715
1331 1715 1771
1715 1331 1771
285 1348 1954
1954 285 1348
1348 285 1954
858 307 504
504 307 858
307 504 858
1414 692 2555
692 1414 2555
2555 692 1414
423 651 2133
2133 423 651
651 423 2133
2937 707 2376
2376 707 2937
707 2376 2937
71 2012 2750
2750 71 2012
2012 71 2750
2459 809 1714
809 1714 2459
1714 809 2459
1209 2580 2696
2696 1209 2580
2580 1209 2696
2700 199 1146
1146 199 2700
199 1146 2700
2341 366 923
923 366 2341
366 923 2341
2543 11 1300
1300 11 2543
11 1300 2543
2879 647 2970
2970 647 2879
647 2879 2970
1533 1479 1756
1479 1533 1756
1756 1479 1533
1000 282 1424
1424 282 1000
282 1000 1424
2234 1039 1103
1039 1103 2234
1103 1039 2234
2914 1364 1405
1364 1405 2914
1405 1364 2914
2626 1935 2444
1935 2444 2626
2444 1935 2626
1538 1359 1769
1359 1538 1769
1769 1359 1538
1767 1022 1158
1158 1022 1767
1022 1158 1767
406 985 2865
985 406 2865
2865 406 985
2870 655 2477
2477 655 2870
655 2477 2870
2437 422 1054
422 1054 2437
1054 422 2437
2633 1398 1893
1398 1893 2633
1893 1398 2633
1281 1779 2996
1779 1281 2996
2996 1281 1779
53 1293 1777
1777 53 1293
1293 53 1777
1201 30 2607
30 1201 2607
2607 30 1201
2708 1102 2116
1102 2116 2708
2116 1102 2708
755 1698 2806
1698 755 2806
2806 755 1698
2877 960 2574
2574 960 2877
960 2574 2877
847 1425 1711
1425 847 1711
1711 847 1425
2973 955 1404
1404 955 2973
955 1404 2973
1377 1452 2258
1452 1377 2258
2258 1377 1452
2204 65 595
65 595 2204
595 65 2204
1407 2442 2718
2442 1407 2718
2718 1407 2442
2114 144 1978
1978 144 2114
144 1978 2114
765 494 1253
1253 494 765
494 765 1253
2001 871 1078
1078 871 2001
871 1078 2001
815 424 1508
1508 424 815
424 815 1508
2612 573 1666
1666 573 2612
573 1666 2612
1019 638 2995
2995 638 1019
638 1019 2995
2986 1463 2425
2425 1463 2986
1463 2425 2986
868 117 1489
1489 117 868
117 868 1489
2989 427 2260
2260 427 2989
427 2260 2989
2445 626 1175
626 1175 2445
1175 626 2445
998 154 1800
1800 154 998
154 998 1800
1625 337 1217
1217 337 1625
337 1217 1625
568 1177 1732
1177 568 1732
1732 568 1177
572 1804 1818
1804 572 1818
1818 572 1804
1325 890 1758
890 1325 1758
1758 890 1325
2400 1721 2558
2558 1721 2400
1721 2400 2558
1287 384 2661
384 1287 2661
2661 384 1287
2548 2671 2684
2684 2548 2671
2671 2548 2684
145 682 1100
1100 145 682
682 145 1100
1746 1041 1090
1041 1090 1746
1090 1041 1746
277 213 1869
1869 213 277
213 277 1869
1999 518 1572
518 1572 1999
1572 518 1999
470 1733 2471
1733 470 2471
2471 470 1733
453 1956 1987
1956 453 1987
1987 453 1956
558 306 2424
306 558 2424
2424 306 558
133 2583 2821
2583 133 2821
2821 133 2583
1145 114 186
186 114 1145
114 186 1145
2957 302 1260
1260 302 2957
302 1260 2957
2898 747 1448
1448 747 2898
747 1448 2898
1725 1490 2982
1490 1725 2982
2982 1490 1725
2472 2053 2853
2053 2472 2853
2853 2053 2472
737 7 622
622 7 737
7 622 737
1005 1872 2584
2584 1005 1872
1872 1005 2584
1995 676 1528
1528 676 1995
676 1528 1995
1819 884 1298
1298 884 1819
884 1298 1819
2393 1402 2140
1402 2140 2393
2140 1402 2393
1225 563 1362
1362 563 1225
563 1225 1362
2208 1136 2600
2600 1136 2208
1136 2208 2600
589 870 2545
2545 589 870
870 589 2545
2153 833 1683
1683 833 2153
833 1683 2153
443 370 1224
1224 370 443
370 443 1224
1017 468 2356
2356 468 1017
468 1017 2356
1682 986 1185
1185 986 1682
986 1185 1682
1824 548 2888
548 1824 2888
2888 548 1824
2954 4 2699
2699 4 2954
4 2699 2954
332 1397 1996
1996 332 1397
1397 332 1996
949 829 1132
1132 829 949
829 949 1132
1159 741 2381
2381 741 1159
741 1159 2381
2050 1507 2149
1507 2050 2149
2149 1507 2050
768 937 1941
1941 768 937
937 768 1941
1390 230 1473
230 1390 1473
1473 230 1390
84 1119 1890
1119 84 1890
1890 84 1119
1047 200 2640
2640 200 1047
200 1047 2640
2248 486 579
579 486 2248
486 579 2248
1670 400 1007
1007 400 1670
400 1007 1670
1641 1595 1640
1595 1640 1641
1640 1595 1641
1310 1675 2264
2264 1310 1675
1675 1310 2264
1391 665 1602
1602 665 1391
665 1391 1602
2772 2031 2817
2031 2772 2817
2817 2031 2772
919 991 2589
991 919 2589
2589 919 991
1107 1373 1494
1373 1107 1494
1494 1107 1373
167 1470 2641
1470 167 2641
2641 167 1470
1981 344 983
344 983 1981
983 344 1981
2013 121 1308
121 1308 2013
1308 121 2013
2355 1961 2575
2575 1961 2355
1961 2355 2575
454 760 1868
1868 454 760
760 454 1868
2505 1973 2277
2277 1973 2505
1973 2277 2505
920 1784 2476
1784 920 2476
2476 920 1784
924 216 2702
2702 216 924
216 924 2702
2150 480 2926
480 2150 2926
2926 480 2150
1056 270 2357
2357 270 1056
270 1056 2357
1660 712 2120
712 1660 2120
2120 712 1660
1273 143 1936
1936 143 1273
143 1273 1936
1016 1906 2449
1906 1016 2449
2449 1016 1906
1932 1931 2824
2824 1931 1932
1931 1932 2824
1037 1140 1386
1386 1037 1140
1140 1037 1386
932 2112 2793
2793 932 2112
2112 932 2793
653 1013 2878
2878 653 1013
1013 653 2878
1748 614 2542
614 1748 2542
2542 614 1748
183 1568 2182
1568 183 2182
2182 183 1568
66 460 1884
1884 66 460
460 66 1884
2211 1627 2421
2421 1627 2211
1627 2211 2421
2396 1696 2374
1696 2374 2396
2374 1696 2396
1760 228 1671
228 1671 1760
1671 228 1760
2830 193 1263
1263 193 2830
193 1263 2830
437 1311 1898
1898 437 1311
1311 437 1898
2714 1669 2290
1669 2290 2714
2290 1669 2714
2771 321 600
600 321 2771
321 600 2771
2576 1278 1702
1278 1702 2576
1702 1278 2576
1883 1581 2939
2939 1581 1883
1581 1883 2939
428 650 2084
2084 428 650
650 428 2084
1689 1578 1662
1578 1662 1689
1662 1578 1689
1811 1191 2388
2388 1191 1811
1191 1811 2388
217 2028 2364
2364 217 2028
2028 217 2364
1086 979 2790
2790 979 1086
979 1086 2790
1379 1458 2947
2947 1379 1458
1458 1379 2947
51 211 340
211 51 340
340 51 211
488 706 1780
706 488 1780
1780 488 706
1988 1063 2156
1063 1988 2156
2156 1063 1988
753 12 1934
1934 12 753
12 753 1934
135 2567 2794
2567 135 2794
2794 135 2567
2125 334 2406
2406 334 2125
334 2125 2406
1065 77 404
404 77 1065
77 404 1065
2337 149 2949
2949 149 2337
149 2337 2949
673 774 1284
1284 673 774
774 673 1284
1376 1617 1993
1993 1376 1617
1617 1376 1993
2994 1210 1749
1210 1749 2994
1749 1210 2994
2588 911 1082
911 1082 2588
1082 911 2588
2072 83 2076
2076 83 2072
83 2072 2076
2774 1050 1436
1050 1436 2774
1436 1050 2774
482 300 535
300 482 535
535 300 482
907 1781 2087
1781 907 2087
2087 907 1781
2880 451 1326
1326 451 2880
451 1326 2880
2345 863 1504
1504 863 2345
863 1504 2345
896 1027 1604
1604 896 1027
1027 896 1604
1586 131 2875
131 1586 2875
2875 131 1586
61 963 1141
1141 61 963
963 61 1141
2004 2218 2405
2218 2004 2405
2405 2004 2218
1922 41 2647
2647 41 1922
41 1922 2647
526 80 2673
2673 80 526
80 526 2673
1783 1126 2705
1126 1783 2705
2705 1126 1783
1096 1212 2273
2273 1096 1212
1212 1096 2273
2929 197 2909
2909 197 2929
197 2909 2929
2799 452 1409
1409 452 2799
452 1409 2799
2054 640 1900
640 1900 2054
1900 640 2054
119 1354 2791
1354 119 2791
2791 119 1354
1588 528 1915
528 1588 1915
1915 528 1588
2614 2080 2756
2756 2080 2614
2080 2614 2756
503 407 2579
2579 407 503
407 503 2579
474 2146 2296
2296 474 2146
2146 474 2296
2092 778 2765
778 2092 2765
2765 778 2092
889 714 2816
714 889 2816
2816 714 889
2162 249 500
249 500 2162
500 249 2162
2026 1938 1953
1953 1938 2026
1938 1953 2026
856 372 2190
2190 372 856
372 856 2190
333 206 1652
1652 206 333
206 333 1652
1242 107 2315
107 1242 2315
2315 107 1242
1430 357 1236
357 1236 1430
1236 357 1430
2946 581 2717
2717 581 2946
581 2717 2946
1622 2338 2342
2342 1622 2338
2338 1622 2342
1006 515 1564
1564 515 1006
515 1006 1564
1200 179 843
179 843 1200
843 179 1200
2173 35 2911
35 2173 2911
2911 35 2173
2344 1735 2233
1735 2233 2344
2233 1735 2344
1192 21 2194
2194 21 1192
21 1192 2194
893 770 1072
770 893 1072
1072 770 893
398 1168 1492
1168 398 1492
1492 398 1168
1651 1464 2429
2429 1464 1651
1464 1651 2429
1009 2011 2676
2011 1009 2676
2676 1009 2011
618 393 1853
1853 393 618
393 618 1853
1371 580 1426
1426 580 1371
580 1371 1426
2282 2254 2420
2420 2254 2282
2254 2282 2420
347 877 2139
877 347 2139
2139 347 877
814 2773 2934
2934 814 2773
2773 814 2934
725 26 2659
2659 26 725
26 725 2659
464 241 1772
1772 241 464
241 464 1772
1440 693 1532
1532 693 1440
693 1440 1532
2769 361 2729
361 2729 2769
2729 361 2769
2438 445 2701
2701 445 2438
445 2438 2701
2818 313 1629
313 1629 2818
1629 313 2818
1991 113 1881
113 1881 1991
1881 113 1991
2195 165 2042
165 2042 2195
2042 165 2195
2777 1045 1302
1045 1302 2777
1302 1045 2777
402 505 2611
505 402 2611
2611 402 505
2872 368 2550
368 2550 2872
2550 368 2872
2802 289 831
289 831 2802
831 289 2802
275 1235 1663
1663 275 1235
1235 275 1663
1368 9 2481
9 1368 2481
2481 9 1368
1301 1870 2985
2985 1301 1870
1870 1301 2985
1638 45 2141
45 1638 2141
2141 45 1638
380 291 2392
291 380 2392
2392 291 380
1992 1352 1722
1352 1722 1992
1722 1352 1992
2055 99 525
525 99 2055
99 525 2055
1367 657 2163
2163 657 1367
657 1367 2163
2266 612 1443
612 1443 2266
1443 612 2266
1015 832 1808
1808 832 1015
832 1015 1808
1030 69 2565
69 1030 2565
2565 69 1030
1598 1687 2462
1687 1598 2462
2462 1598 1687
1389 308 2706
2706 308 1389
308 1389 2706
2128 2336 2800
2800 2128 2336
2336 2128 2800
1441 994 1631
1631 994 1441
994 1441 1631
1727 1112 2408
2408 1112 1727
1112 1727 2408
2819 731 1495
731 1495 2819
1495 731 2819
288 299 2148
2148 288 299
299 288 2148
1516 31 1085
31 1085 1516
1085 31 1516
218 715 2789
715 218 2789
2789 218 715
2736 1010 2288
2288 1010 2736
1010 2288 2736
2943 1974 2876
2876 1974 2943
1974 2876 2943
70 805 1474
1474 70 805
805 70 1474
557 1442 2422
2422 557 1442
1442 557 2422
1342 876 1983
1983 876 1342
876 1342 1983
2095 2439 2468
2439 2095 2468
2468 2095 2439
1074 456 2205
456 1074 2205
2205 456 1074
1220 1106 2862
2862 1106 1220
1106 1220 2862
1960 675 2343
2343 675 1960
675 1960 2343
160 1285 1590
1285 160 1590
1590 160 1285
2908 5 1709
1709 5 2908
5 1709 2908
1840 76 1920
76 1840 1920
1920 76 1840
619 1768 1930
1930 619 1768
1768 619 1930
438 1345 1847
1345 438 1847
1847 438 1345
2130 2279 2748
2279 2130 2748
2748 2130 2279
351 1635 2733
1635 351 2733
2733 351 1635
317 757 941
757 317 941
941 317 757
627 514 727
514 627 727
727 514 627
1226 1064 2142
2142 1064 1226
1064 1226 2142
3 242 661
242 3 661
661 3 242
1795 603 1358
1358 603 1795
603 1358 1795
585 1091 2474
2474 585 1091
1091 585 2474
981 1560 2508
1560 981 2508
2508 981 1560
1497 371 1541
1541 371 1497
371 1497 1541
1972 1011 2920
2920 1011 1972
1011 1972 2920
2034 414 2349
414 2034 2349
2349 414 2034
2578 779 1713
779 1713 2578
1713 779 2578
1688 59 1152
59 1152 1688
1152 59 1688
2113 269 430
269 430 2113
430 269 2113
2669 37 2484
37 2484 2669
2484 37 2669
367 2070 2354
2070 367 2354
2354 367 2070
1488 750 1213
1213 750 1488
750 1213 1488
2690 248 966
248 966 2690
966 248 2690
703 172 1864
1864 172 703
172 703 1864
936 2253 2792
2792 936 2253
2253 936 2792
1803 378 2035
378 1803 2035
2035 378 1803
194 1948 2183
2183 194 1948
1948 194 2183
2554 44 2518
44 2518 2554
2518 44 2554
1657 1317 2991
2991 1317 1657
1317 1657 2991
649 681 2489
681 649 2489
2489 649 681
2009 436 2537
436 2009 2537
2537 436 2009
2097 539 1813
539 1813 2097
1813 539 2097
2541 1416 2332
2332 1416 2541
1416 2332 2541
2903 374 2811
2811 374 2903
374 2811 2903
1577 1747 1830
1830 1577 1747
1747 1577 1830
314 1543 2100
2100 314 1543
1543 314 2100
2339 784 2179
784 2179 2339
2179 784 2339
2022 746 1807
1807 746 2022
746 1807 2022
1427 492 2902
2902 492 1427
492 1427 2902
81 364 865
364 81 865
865 81 364
1142 375 2297
2297 375 1142
375 1142 2297
139 325 2922
325 139 2922
2922 139 325
2007 1408 2710
1408 2007 2710
2710 1408 2007
475 1081 2528
1081 475 2528
2528 475 1081
2203 720 2466
720 2203 2466
2466 720 2203
2480 507 2797
507 2480 2797
2797 507 2480
1699 1256 2746
1256 1699 2746
2746 1256 1699
2023 286 450
286 450 2023
450 286 2023
1493 203 759
759 203 1493
203 759 1493
1566 735 2229
735 1566 2229
2229 735 1566
1230 734 2361
734 1230 2361
2361 734 1230
1044 2005 2107
2005 1044 2107
2107 1044 2005
875 969 1098
969 875 1098
1098 875 969
687 520 2115
520 687 2115
2115 520 687
2006 247 261
247 261 2006
261 247 2006
2323 2102 2595
2595 2102 2323
2102 2323 2595
1438 391 529
391 529 1438
529 391 1438
1356 1624 1895
1624 1356 1895
1895 1356 1624
2404 545 2896
2896 545 2404
545 2404 2896
1708 578 2615
2615 578 1708
578 1708 2615
2071 664 2778
664 2071 2778
2778 664 2071
1195 1916 2200
1916 1195 2200
2200 1195 1916
2820 155 2912
2912 155 2820
155 2820 2912
1820 1262 2169
2169 1262 1820
1262 1820 2169
2829 284 1823
284 1823 2829
1823 284 2829
1365 1613 2375
2375 1365 1613
1613 1365 2375
1766 636 1576
1576 636 1766
636 1576 1766
688 1527 2366
1527 688 2366
2366 688 1527
1913 866 2874
866 1913 2874
2874 866 1913
2838 1534 1998
1998 1534 2838
1534 1998 2838
1518 1739 1761
1761 1518 1739
1739 1518 1761
1233 365 2058
2058 365 1233
365 1233 2058
97 1743 2521
1743 97 2521
2521 97 1743
2639 23 905
23 905 2639
905 23 2639
2678 1411 1933
1411 1933 2678
1933 1411 2678
2143 532 2638
532 2143 2638
2638 532 2143
1243 560 2532
560 1243 2532
2532 560 1243
2677 913 2270
913 2270 2677
2270 913 2677
767 1084 1499
1084 767 1499
1499 767 1084
376 2093 2813
2093 376 2813
2813 376 2093
2047 808 1471
1471 808 2047
808 1471 2047
2074 1088 2213
2213 1088 2074
1088 2074 2213
2212 852 1958
1958 852 2212
852 1958 2212
881 2389 2857
2857 881 2389
2389 881 2857
559 1329 2551
1329 559 2551
2551 559 1329
2483 209 2377
209 2377 2483
2377 209 2483
323 993 2500
2500 323 993
993 323 2500
956 2658 2866
2866 956 2658
2658 956 2866
1861 523 1330
1330 523 1861
523 1330 1861
2411 2547 2751
2751 2411 2547
2547 2411 2751
2672 459 1679
459 1679 2672
1679 459 2672
389 341 2754
341 389 2754
2754 341 389
754 326 1914
1914 326 754
326 754 1914
592 96 2493
96 592 2493
2493 96 592
918 1686 2727
1686 918 2727
2727 918 1686
1421 120 1412
120 1412 1421
1412 120 1421
641 1951 2491
1951 641 2491
2491 641 1951
2522 1980 2494
2494 1980 2522
1980 2494 2522
2359 123 1797
1797 123 2359
123 1797 2359
110 749 888
888 110 749
749 110 888
797 835 2697
835 797 2697
2697 797 835
609 1268 2955
2955 609 1268
1268 609 2955
1328 2236 2966
2236 1328 2966
2966 1328 2236
1659 258 1454
258 1454 1659
1454 258 1659
2656 891 1265
891 1265 2656
1265 891 2656
2839 916 2785
2785 916 2839
916 2785 2839
2307 1205 2530
2530 1205 2307
1205 2307 2530
1695 13 141
13 141 1695
141 13 1695
1238 2018 2037
2018 1238 2037
2037 1238 2018
1374 830 2064
830 1374 2064
2064 830 1374
2663 943 1241
1241 943 2663
943 1241 2663
2069 1324 1730
1324 1730 2069
1730 1324 2069
2740 1150 2564
2564 1150 2740
1150 2564 2740
1254 417 2632
2632 417 1254
417 1254 2632
562 587 2063
2063 562 587
587 562 2063
1073 849 2919
2919 849 1073
849 1073 2919
1179 312 631
312 631 1179
631 312 1179
2464 633 2434
2434 633 2464
633 2434 2464
2495 1691 2715
1691 2495 2715
2715 1691 2495
1323 1835 1863
1835 1323 1863
1863 1323 1835
362 894 2418
894 362 2418
2418 362 894
1963 1160 1589
1160 1589 1963
1589 1160 1963
290 102 621
621 102 290
102 290 621
2175 927 1257
927 1257 2175
1257 927 2175
2843 2033 2698
2698 2033 2843
2033 2698 2843
1647 458 772
772 458 1647
458 772 1647
826 788 1264
1264 788 826
788 826 1264
2293 1559 2065
2065 1559 2293
1559 2065 2293
1423 2256 2739
2256 1423 2739
2739 1423 2256
2593 785 2674
785 2593 2674
2674 785 2593
1290 1286 1979
1286 1290 1979
1979 1286 1290
1836 2534 2559
2559 1836 2534
2534 1836 2559
1066 309 672
672 309 1066
309 672 1066
2021 1832 2299
1832 2021 2299
2299 1832 2021
2910 840 2152
2152 840 2910
840 2152 2910
2787 1321 2837
1321 2787 2837
2837 1321 2787
549 128 1680
1680 128 549
128 549 1680
2111 2109 2280
2109 2111 2280
2280 2109 2111
1336 2015 2932
2015 1336 2932
2932 1336 2015
2185 1055 2977
1055 2185 2977
2977 1055 2185
363 262 2267
2267 262 363
262 363 2267
2804 266 1057
1057 266 2804
266 1057 2804
1327 122 253
122 253 1327
253 122 1327
713 202 2380
2380 202 713
202 713 2380
742 2373 2972
2972 742 2373
2373 742 2972
2850 54 2316
54 2316 2850
2316 54 2850
2124 748 1654
1654 748 2124
748 1654 2124
997 1129 1333
1129 997 1333
1333 997 1129
2180 1184 1644
1184 1644 2180
1644 1184 2180
2177 1937 2978
1937 2177 2978
2978 1937 2177
2801 695 1609
1609 695 2801
695 1609 2801
1274 828 958
828 958 1274
958 828 1274
2831 838 2601
2601 838 2831
838 2601 2831
233 272 1418
272 233 1418
1418 233 272
1964 2091 2251
2091 1964 2251
2251 1964 2091
940 210 1161
1161 210 940
210 940 1161
1279 1149 2654
1149 1279 2654
2654 1149 1279
2512 887 2844
2844 887 2512
887 2512 2844
2822 465 1834
465 1834 2822
1834 465 2822
2758 1791 2742
2742 1791 2758
1791 2742 2758
2159 425 1312
1312 425 2159
425 1312 2159
1307 1594 2786
1594 1307 2786
2786 1307 1594
537 1215 2711
2711 537 1215
1215 537 2711
524 484 864
864 484 524
484 524 864
1314 1163 2320
2320 1163 1314
1163 1314 2320
980 1944 2244
2244 980 1944
1944 980 2244
2496 229 2587
229 2496 2587
2587 229 2496
2598 1501 2520
1501 2520 2598
2520 1501 2598
196 912 2713
912 196 2713
2713 196 912
1837 697 1350
697 1350 1837
1350 697 1837
2302 1573 2232
1573 2232 2302
2232 1573 2302
1267 335 399
335 399 1267
399 335 1267
2322 1865 2174
2174 1865 2322
1865 2174 2322
2161 1385 1511
1385 1511 2161
1511 1385 2161
2310 237 925
237 925 2310
925 237 2310
1542 1829 2592
2592 1542 1829
1829 1542 2592
2379 1105 1676
1105 1676 2379
1676 1105 2379
1925 57 1349
1349 57 1925
57 1349 1925
2303 883 933
933 883 2303
883 933 2303
1806 807 2704
2704 807 1806
807 1806 2704
2887 1567 2327
1567 2327 2887
2327 1567 2887
401 429 2979
429 401 2979
2979 401 429
2099 663 2761
663 2099 2761
2761 663 2099
296 256 1003
1003 256 296
256 296 1003
2403 732 2306
2306 732 2403
732 2306 2403
1406 1487 2624
2624 1406 1487
1487 1406 2624
223 1219 1357
1357 223 1219
1219 223 1357
19 1668 1751
1668 19 1751
1751 19 1668
8 191 2166
2166 8 191
191 8 2166
352 2283 2351
2351 352 2283
2283 352 2351
449 1626 2274
2274 449 1626
1626 449 2274
1692 1503 2967
1503 1692 2967
2967 1503 1692
2371 781 954
954 781 2371
781 954 2371
2473 2501 2983
2501 2473 2983
2983 2473 2501
491 43 1297
43 491 1297
1297 43 491
1899 483 2370
2370 483 1899
483 1899 2370
78 1773 1798
1773 78 1798
1798 78 1773
2184 1610 2189
2189 1610 2184
1610 2184 2189
2776 1237 1555
1237 1555 2776
1555 1237 2776
1867 1400 1513
1400 1513 1867
1513 1400 1867
824 1917 2453
2453 824 1917
1917 824 2453
2197 175 1649
175 1649 2197
1649 175 2197
2319 1048 2423
1048 2319 2423
2423 1048 2319
1162 383 2990
383 1162 2990
2990 383 1162
1261 1360 1912
1912 1261 1360
1360 1261 1912
2999 897 2416
2416 897 2999
897 2416 2999
804 413 1505
413 804 1505
1505 413 804
2499 944 1827
1827 944 2499
944 1827 2499
1843 777 2024
777 1843 2024
2024 777 1843
224 590 2353
590 224 2353
2353 224 590
2747 533 2635
2635 533 2747
533 2635 2747
1114 415 2363
2363 415 1114
415 1114 2363
2842 2008 2207
2207 2008 2842
2008 2207 2842
793 1147 2289
2289 793 1147
1147 793 2289
899 646 2365
646 899 2365
2365 646 899
2305 510 2020
510 2020 2305
2020 510 2305
953 2083 2401
2401 953 2083
2083 953 2401
2225 330 2003
330 2003 2225
2003 330 2225
