2314 778 2728
778 2314 2728
2728 778 2314
570 863 2446
2446 570 863
863 570 2446
621 118 567
567 118 621
118 567 621
668 784 1606
784 668 1606
1606 668 784
1516 296 431
431 296 1516
296 431 1516
2470 2216 2972
2216 2470 2972
2972 2216 2470
67 1221 1787
1221 67 1787
1787 67 1221
2831 537 865
537 865 2831
865 537 2831
1730 133 503
133 503 1730
503 133 1730
2162 352 2682
352 2162 2682
2682 352 2162
184 1972 2228
2228 184 1972
1972 184 2228
1609 2400 2460
2400 1609 2460
2460 1609 2400
729 2678 2876
2678 729 2876
2876 729 2678
1375 438 2212
2212 438 1375
438 1375 2212
1713 2348 2604
2604 1713 2348
2348 1713 2604
767 1107 1196
1107 767 1196
1196 767 1107
2516 264 2276
264 2276 2516
2276 264 2516
1905 18 851
851 18 1905
18 851 1905
1022 1432 2128
1432 1022 2128
2128 1022 1432
1335 1122 1299
1299 1122 1335
1122 1299 1335
2538 584 1627
1627 584 2538
584 1627 2538
2189 597 1793
1793 597 2189
597 1793 2189
1964 985 1320
985 1320 1964
1320 985 1964
252 1224 1688
1224 252 1688
1688 252 1224
427 257 381
381 257 427
257 381 427
119 2059 2518
2059 119 2518
2518 119 2059
2945 629 821
821 629 2945
629 821 2945
150 52 2472
52 150 2472
2472 52 150
920 372 779
779 372 920
372 779 920
2491 2043 2721
2043 2491 2721
2721 2043 2491
2394 66 219
219 66 2394
66 219 2394
761 1325 2168
2168 761 1325
1325 761 2168
866 1663 2934
1663 866 2934
2934 866 1663
2094 2060 2185
2060 2094 2185
2185 2060 2094
2660 1152 2691
1152 2660 2691
2691 1152 2660
1952 56 2897
56 1952 2897
2897 56 1952
83 1175 2559
2559 83 1175
1175 83 2559
1641 655 1284
1284 655 1641
655 1284 1641
268 40 834
40 268 834
834 40 268
2763 812 1038
812 1038 2763
1038 812 2763
2565 1282 1514
1514 1282 2565
1282 1514 2565
1714 2161 2946
2946 1714 2161
2161 1714 2946
183 1425 1586
1586 183 1425
1425 183 1586
689 35 2739
35 689 2739
2739 35 689
1420 1018 1456
1018 1420 1456
1456 1018 1420
295 1273 1628
1628 295 1273
1273 295 1628
1906 39 909
39 909 1906
909 39 1906
2160 1615 2998
2998 1615 2160
1615 2160 2998
2344 809 1198
1198 809 2344
809 1198 2344
2781 782 2921
782 2781 2921
2921 782 2781
1060 797 1406
1406 797 1060
797 1060 1406
1423 631 1874
631 1423 1874
1874 631 1423
162 756 1678
756 162 1678
1678 162 756
2719 273 594
273 594 2719
594 273 2719
2296 375 478
375 478 2296
478 375 2296
1203 838 2864
838 1203 2864
2864 838 1203
2911 306 1148
1148 306 2911
306 1148 2911
794 2058 2374
2058 794 2374
2374 794 2058
374 222 393
393 222 374
222 374 393
2136 680 2181
680 2136 2181
2181 680 2136
2088 1119 1671
1671 1119 2088
1119 1671 2088
19 1579 2557
1579 19 2557
2557 19 1579
530 924 1207
924 530 1207
1207 530 924
2674 2605 2799
2605 2674 2799
2799 2605 2674
1590 1309 2397
2397 1309 1590
1309 1590 2397
2062 2271 2667
2271 2062 2667
2667 2062 2271
286 1633 2320
1633 286 2320
2320 286 1633
2584 561 2722
2722 561 2584
561 2584 2722
1559 804 1908
804 1559 1908
1908 804 1559
1758 1003 2433
2433 1003 1758
1003 1758 2433
2148 2183 2577
2577 2148 2183
2183 2148 2577
692 182 2295
2295 182 692
182 692 2295
437 1212 2180
2180 437 1212
1212 437 2180
2290 880 1126
880 1126 2290
1126 880 2290
697 1002 2817
2817 697 1002
1002 697 2817
1816 798 1520
798 1520 1816
1520 798 1816
107 281 454
454 107 281
281 107 454
683 404 2426
2426 404 683
404 683 2426
1757 432 2061
432 1757 2061
2061 432 1757
2878 943 1809
1809 943 2878
943 1809 2878
934 1593 2508
2508 934 1593
1593 934 2508
2541 1544 2368
1544 2368 2541
2368 1544 2541
1768 1417 1825
1417 1768 1825
1825 1417 1768
510 695 2539
2539 510 695
695 510 2539
506 1287 2118
2118 506 1287
1287 506 2118
603 1424 1620
1424 603 1620
1620 603 1424
80 709 1534
709 80 1534
1534 80 709
1646 652 1979
652 1646 1979
1979 652 1646
1754 1353 1392
1392 1353 1754
1353 1392 1754
1528 298 309
298 309 1528
309 298 1528
671 1985 2036
2036 671 1985
1985 671 2036
557 654 1570
1570 557 654
654 557 1570
144 1108 2734
1108 144 2734
2734 144 1108
1916 130 2875
130 1916 2875
2875 130 1916
606 1993 2471
1993 606 2471
2471 606 1993
2783 2071 2338
2071 2338 2783
2338 2071 2783
2004 324 2410
2410 324 2004
324 2004 2410
2282 1806 2053
2053 1806 2282
1806 2053 2282
300 898 1827
1827 300 898
898 300 1827
1536 185 581
581 185 1536
185 581 1536
371 58 1938
58 371 1938
1938 58 371
442 451 464
451 442 464
464 442 451
1619 1359 2609
2609 1359 1619
1359 1619 2609
1298 8 2881
8 1298 2881
2881 8 1298
678 707 2432
707 678 2432
2432 678 707
250 1622 2851
1622 250 2851
2851 250 1622
1413 202 1073
1073 202 1413
202 1073 1413
444 337 1277
1277 337 444
337 444 1277
1888 922 1195
1195 922 1888
922 1195 1888
44 614 1069
614 44 1069
1069 44 614
1173 765 1418
1418 765 1173
765 1173 1418
2652 2265 2468
2468 2265 2652
2265 2468 2652
882 1676 2720
2720 882 1676
1676 882 2720
2211 77 1266
1266 77 2211
77 1266 2211
234 1033 1249
1249 234 1033
1033 234 1249
1928 1317 2985
1317 1928 2985
2985 1317 1928
70 1496 2259
1496 70 2259
2259 70 1496
1965 31 447
447 31 1965
31 447 1965
1361 2450 2801
2450 1361 2801
2801 1361 2450
2830 803 1996
803 1996 2830
1996 803 2830
153 28 2463
28 153 2463
2463 28 153
25 1533 1876
1876 25 1533
1533 25 1876
1849 1992 2523
2523 1849 1992
1992 1849 2523
351 2986 2992
2986 351 2992
2992 351 2986
1500 948 2927
948 1500 2927
2927 948 1500
2883 1690 2153
2153 1690 2883
1690 2153 2883
1304 886 2665
2665 886 1304
886 1304 2665
764 814 2015
814 764 2015
2015 764 814
2096 360 999
999 360 2096
360 999 2096
1028 2422 2857
2422 1028 2857
2857 1028 2422
2447 1162 2017
1162 2017 2447
2017 1162 2447
1703 549 1538
549 1538 1703
1538 549 1703
1774 1236 1828
1236 1774 1828
1828 1236 1774
2680 2108 2758
2108 2680 2758
2758 2108 2680
2903 730 2342
2342 730 2903
730 2342 2903
2717 1088 1873
1088 1873 2717
1873 1088 2717
2777 981 2863
2863 981 2777
981 2777 2863
210 1011 1947
1947 210 1011
1011 210 1947
2321 883 2395
883 2321 2395
2395 883 2321
645 106 2119
106 645 2119
2119 106 645
2109 879 1555
1555 879 2109
879 1555 2109
1337 211 660
660 211 1337
211 660 1337
2476 1461 1839
1461 1839 2476
1839 1461 2476
1310 1215 1731
1215 1310 1731
1731 1215 1310
123 64 1491
64 123 1491
1491 64 123
1915 88 2862
2862 88 1915
88 1915 2862
2085 196 1695
196 1695 2085
1695 196 2085
457 1571 1971
1571 457 1971
1971 457 1571
2840 2037 2390
2390 2037 2840
2037 2390 2840
1566 1045 1436
1436 1045 1566
1045 1436 1566
1188 1213 1878
1213 1188 1878
1878 1188 1213
1830 877 2707
2707 877 1830
877 1830 2707
1568 1322 2067
1322 1568 2067
2067 1322 1568
2095 349 468
349 468 2095
468 349 2095
633 2387 2462
2387 633 2462
2462 633 2387
237 126 914
126 237 914
914 126 237
1501 964 2547
964 1501 2547
2547 964 1501
1050 193 2874
2874 193 1050
193 1050 2874
2429 1984 2562
1984 2429 2562
2562 1984 2429
1798 328 1465
1465 328 1798
328 1465 1798
1083 528 2260
528 1083 2260
2260 528 1083
1982 2436 2713
2436 1982 2713
2713 1982 2436
1051 406 2960
406 1051 2960
2960 406 1051
155 390 2107
2107 155 390
390 155 2107
2114 154 359
154 359 2114
359 154 2114
1889 1084 1848
1084 1848 1889
1848 1084 1889
763 1301 2676
2676 763 1301
1301 763 2676
63 1217 2208
1217 63 2208
2208 63 1217
2683 91 2301
91 2301 2683
2301 91 2683
640 1817 2437
2437 640 1817
1817 640 2437
471 1184 2595
2595 471 1184
1184 471 2595
2334 1981 2640
2640 1981 2334
1981 2334 2640
973 1133 1728
1728 973 1133
1133 973 1728
2249 620 2804
2804 620 2249
620 2249 2804
565 62 1091
62 565 1091
1091 62 565
690 169 1724
169 690 1724
1724 169 690
101 417 2965
2965 101 417
417 101 2965
2057 9 2994
9 2057 2994
2994 9 2057
2144 1042 1183
1042 1183 2144
1183 1042 2144
2045 684 2362
2362 684 2045
684 2045 2362
1402 2455 2616
2455 1402 2616
2616 1402 2455
1178 16 1106
1106 16 1178
16 1106 1178
593 125 2278
2278 125 593
125 593 2278
1186 541 1288
541 1186 1288
1288 541 1186
2315 2749 2872
2872 2315 2749
2749 2315 2872
1163 2089 2704
2089 1163 2704
2704 1163 2089
1377 305 1733
305 1377 1733
1733 305 1377
2708 275 2638
275 2638 2708
2638 275 2708
2122 2277 2352
2277 2122 2352
2352 2122 2277
418 1896 2480
2480 418 1896
1896 418 2480
2371 1311 2625
2625 1311 2371
1311 2371 2625
687 178 552
552 178 687
178 552 687
1228 15 2019
2019 15 1228
15 1228 2019
1340 762 1722
762 1340 1722
1722 762 1340
1661 1117 1244
1244 1117 1661
1117 1244 1661
1980 1067 1453
1067 1453 1980
1453 1067 1980
1600 311 1746
311 1600 1746
1746 311 1600
906 944 1403
944 906 1403
1403 906 944
780 1099 1894
1894 780 1099
1099 780 1894
975 1478 1704
1478 975 1704
1704 975 1478
1697 394 2666
2666 394 1697
394 1697 2666
522 36 1147
36 522 1147
1147 36 522
1296 696 1321
696 1296 1321
1321 696 1296
1790 135 2815
135 1790 2815
2815 135 1790
988 1445 1727
1727 988 1445
1445 988 1727
1717 1681 2298
1681 1717 2298
2298 1681 1717
1342 1562 2551
1562 1342 2551
2551 1342 1562
998 2011 2056
2056 998 2011
2011 998 2056
871 984 2540
2540 871 984
984 871 2540
1464 1519 1740
1740 1464 1519
1519 1464 1740
1389 1447 2690
2690 1389 1447
1447 1389 2690
1260 795 1037
795 1037 1260
1037 795 1260
1759 397 2928
397 1759 2928
2928 397 1759
2354 2041 2319
2319 2041 2354
2041 2319 2354
477 416 820
820 416 477
416 477 820
53 1077 1405
1405 53 1077
1077 53 1405
1295 1958 2340
2340 1295 1958
1958 1295 2340
2773 1978 2628
1978 2628 2773
2628 1978 2773
2693 1 1983
1983 1 2693
1 1983 2693
232 1001 2951
1001 232 2951
2951 232 1001
1608 315 1701
315 1608 1701
1701 315 1608
2583 1021 1911
1911 1021 2583
1021 1911 2583
194 1124 2612
1124 194 2612
2612 194 1124
2350 1702 2647
2647 1702 2350
1702 2350 2647
287 636 1449
636 287 1449
1449 287 636
2644 2091 2220
2220 2091 2644
2091 2220 2644
793 480 991
480 793 991
991 480 793
1136 1670 2888
2888 1136 1670
1670 1136 2888
2942 265 1105
1105 265 2942
265 1105 2942
1884 2705 2919
2919 1884 2705
2705 1884 2919
1653 69 983
69 983 1653
983 69 1653
2013 2126 2953
2953 2013 2126
2126 2013 2953
1374 2685 2754
2685 1374 2754
2754 1374 2685
2115 1098 2714
1098 2115 2714
2714 1098 2115
1082 172 1407
172 1082 1407
1407 172 1082
1479 2305 2760
2760 1479 2305
2305 1479 2760
301 1507 1526
1526 301 1507
1507 301 1526
2156 205 1881
1881 205 2156
205 1881 2156
2845 203 2065
2065 203 2845
203 2065 2845
1146 455 1948
1948 455 1146
455 1146 1948
2825 2672 2761
2672 2761 2825
2761 2672 2825
461 907 2607
907 461 2607
2607 461 907
2712 590 2890
590 2712 2890
2890 590 2712
1691 1366 1867
1867 1366 1691
1366 1691 1867
494 1314 2811
2811 494 1314
1314 494 2811
1637 137 1877
137 1637 1877
1877 137 1637
1844 888 1540
1540 888 1844
888 1540 1844
2993 1426 2385
1426 2385 2993
2385 1426 2993
402 2668 2923
2923 402 2668
2668 402 2923
1824 383 783
783 383 1824
383 783 1824
750 1927 2996
2996 750 1927
1927 750 2996
78 1245 2544
2544 78 1245
1245 78 2544
1522 531 1286
1286 531 1522
531 1286 1522
774 858 1012
858 774 1012
1012 774 858
1951 835 1652
1652 835 1951
835 1652 1951
816 2330 2582
2330 816 2582
2582 816 2330
1826 493 2599
2599 493 1826
493 1826 2599
2829 785 1987
785 1987 2829
1987 785 2829
1476 1595 2346
2346 1476 1595
1595 1476 2346
2601 726 2679
2679 726 2601
726 2601 2679
2083 2157 2281
2281 2083 2157
2157 2083 2281
1545 772 2556
772 1545 2556
2556 772 1545
29 1715 1749
1749 29 1715
1715 29 1749
2304 637 1990
1990 637 2304
637 1990 2304
2808 1118 1944
1118 1944 2808
1944 1118 2808
1732 591 855
855 591 1732
591 855 1732
2012 1483 1549
1483 1549 2012
1549 1483 2012
2406 307 1853
307 1853 2406
1853 307 2406
2420 14 1112
14 1112 2420
1112 14 2420
484 2309 2424
2424 484 2309
2309 484 2424
2870 1223 2251
1223 2251 2870
2251 1223 2870
940 833 2663
2663 833 940
833 940 2663
2940 1400 1998
1400 1998 2940
1998 1400 2940
54 731 2399
2399 54 731
731 54 2399
314 2369 2756
2756 314 2369
2369 314 2756
2824 578 1543
578 1543 2824
1543 578 2824
2066 238 1205
238 1205 2066
1205 238 2066
2827 329 2217
329 2217 2827
2217 329 2827
977 490 1785
490 977 1785
1785 490 977
483 607 2345
2345 483 607
607 483 2345
869 1355 1891
1891 869 1355
1355 869 1891
138 1532 2710
2710 138 1532
1532 138 2710
1473 933 1626
933 1473 1626
1626 933 1473
1227 344 1278
344 1227 1278
1278 344 1227
2950 1506 1857
1857 1506 2950
1506 1857 2950
436 525 1923
1923 436 525
525 436 1923
873 1977 2650
2650 873 1977
1977 873 2650
1384 2222 2360
2360 1384 2222
2222 1384 2360
1991 813 2164
813 1991 2164
2164 813 1991
5 1868 2461
2461 5 1868
1868 5 2461
188 613 2570
2570 188 613
613 188 2570
481 48 2090
48 481 2090
2090 48 481
376 387 1034
387 376 1034
1034 376 387
1718 599 1457
1457 599 1718
599 1457 1718
2748 1895 2048
2048 1895 2748
1895 2048 2748
2800 1006 2027
1006 2027 2800
2027 1006 2800
2458 733 1542
1542 733 2458
733 1542 2458
2852 488 532
488 532 2852
532 488 2852
240 1961 2489
1961 240 2489
2489 240 1961
971 2076 2743
2743 971 2076
2076 971 2743
928 2621 2789
2621 928 2789
2789 928 2621
514 448 1421
1421 448 514
448 514 1421
2655 224 1101
1101 224 2655
224 1101 2655
1815 2266 2545
2266 1815 2545
2545 1815 2266
139 1385 1525
1525 139 1385
1385 139 1525
2624 1554 2072
2072 1554 2624
1554 2072 2624
2198 1005 1312
1312 1005 2198
1005 1312 2198
2997 1094 1794
1094 1794 2997
1794 1094 2997
276 143 923
143 276 923
923 143 276
1114 30 320
30 320 1114
320 30 1114
362 1755 2759
1755 362 2759
2759 362 1755
1020 176 2563
2563 176 1020
176 1020 2563
2898 1326 2002
2002 1326 2898
1326 2002 2898
21 1414 2005
2005 21 1414
1414 21 2005
939 1412 1632
1412 939 1632
1632 939 1412
635 1539 2983
1539 635 2983
2983 635 1539
2671 717 2736
717 2671 2736
2736 717 2671
2179 1135 1929
1929 1135 2179
1135 1929 2179
1974 1814 2636
2636 1814 1974
1814 1974 2636
564 824 894
894 564 824
824 564 894
1137 1262 2797
2797 1137 1262
1262 1137 2797
92 2629 2939
2629 92 2939
2939 92 2629
368 1140 2828
2828 368 1140
1140 368 2828
255 1444 1631
1631 255 1444
1444 255 1631
1009 949 1141
1141 949 1009
949 1009 1141
1610 2022 2230
2022 1610 2230
2230 1610 2022
2020 272 1258
272 1258 2020
1258 272 2020
105 174 579
579 105 174
174 105 579
1577 313 2233
2233 313 1577
313 1577 2233
2421 899 1438
1438 899 2421
899 1438 2421
2191 1092 2991
1092 2191 2991
2991 1092 2191
114 706 2533
706 114 2533
2533 114 706
1376 469 2407
469 1376 2407
2407 469 1376
1925 881 1503
881 1503 1925
1503 881 1925
544 338 1847
338 544 1847
1847 338 544
1660 1442 2774
2774 1442 1660
1442 1660 2774
1233 288 2606
2606 288 1233
288 1233 2606
1095 1360 2163
1360 1095 2163
2163 1095 1360
796 919 1845
1845 796 919
919 796 1845
1818 1025 1840
1025 1818 1840
1840 1025 1818
1484 94 1167
94 1167 1484
1167 94 1484
2937 500 1689
1689 500 2937
500 1689 2937
2554 995 2648
2648 995 2554
995 2554 2648
744 551 598
551 598 744
598 551 744
1624 51 1662
1662 51 1624
51 1624 1662
1589 267 1201
267 1201 1589
1201 267 1589
1057 204 1272
1272 204 1057
204 1057 1272
207 577 2452
577 207 2452
2452 207 577
2948 610 1158
1158 610 2948
610 1158 2948
691 538 1063
1063 538 691
538 691 1063
2311 1560 2498
1560 2311 2498
2498 1560 2311
74 1274 2117
2117 74 1274
1274 74 2117
2287 168 277
277 168 2287
168 277 2287
527 526 952
952 526 527
526 527 952
1720 1111 1822
1822 1111 1720
1111 1720 1822
487 1505 2240
2240 487 1505
1505 487 2240
2347 1546 2423
2423 1546 2347
1546 2347 2423
258 848 2839
2839 258 848
848 258 2839
2637 180 2288
2288 180 2637
180 2288 2637
2364 1529 2267
2267 1529 2364
1529 2267 2364
2110 251 1846
251 1846 2110
1846 251 2110
2981 1250 2961
2961 1250 2981
1250 2961 2981
2836 1097 1953
1097 1953 2836
1953 1097 2836
1669 89 1064
89 1064 1669
1064 89 1669
651 822 1636
1636 651 822
822 651 1636
1352 547 1721
1721 547 1352
547 1352 1721
1515 22 149
22 149 1515
149 22 1515
1736 777 1120
1120 777 1736
777 1120 1736
2398 874 1032
874 1032 2398
1032 874 2398
1285 828 1075
1075 828 1285
828 1075 1285
2526 278 580
580 278 2526
278 580 2526
1059 912 2822
2822 912 1059
912 1059 2822
2697 322 2173
322 2173 2697
2173 322 2697
2978 2006 2731
2006 2731 2978
2731 2006 2978
2479 589 2247
589 2247 2479
2247 589 2479
1303 1493 2457
2457 1303 1493
1493 1303 2457
986 1017 2092
1017 986 2092
2092 986 1017
474 45 2243
2243 45 474
45 474 2243
548 1450 2250
1450 548 2250
2250 548 1450
247 1270 2762
2762 247 1270
1270 247 2762
1441 104 1071
1071 104 1441
104 1071 1441
2210 55 1349
1349 55 2210
55 1349 2210
1910 852 1617
1617 852 1910
852 1617 1910
849 411 961
961 411 849
411 849 961
1252 740 1581
740 1252 1581
1581 740 1252
1810 304 2190
2190 304 1810
304 1810 2190
2051 302 787
302 787 2051
787 302 2051
2435 605 2670
2670 605 2435
605 2435 2670
2415 73 1599
73 1599 2415
1599 73 2415
1512 601 1166
1166 601 1512
601 1166 1512
2906 2029 2361
2029 2361 2906
2361 2029 2906
171 1602 2279
1602 171 2279
2279 171 1602
256 1666 2999
2999 256 1666
1666 256 2999
59 662 2388
662 59 2388
2388 59 662
1226 100 420
100 420 1226
420 100 1226
566 23 2702
2702 23 566
23 566 2702
970 1582 2529
1582 970 2529
2529 970 1582
2847 1397 1920
1397 1920 2847
1920 1397 2847
116 829 2769
829 116 2769
2769 116 829
2598 103 2111
2111 103 2598
103 2111 2598
450 1969 2755
2755 450 1969
1969 450 2755
2293 1693 2646
1693 2293 2646
2646 1693 2293
2270 1294 2363
1294 2270 2363
2363 1294 2270
1369 921 1667
1667 921 1369
921 1369 1667
388 1130 2823
1130 388 2823
2823 388 1130
2932 42 2698
42 2698 2932
2698 42 2932
159 495 2121
495 159 2121
2121 159 495
218 492 2195
492 218 2195
2195 218 492
1796 197 2308
2308 197 1796
197 1796 2308
2689 1776 2327
1776 2327 2689
2327 1776 2689
1994 675 1430
675 1430 1994
1430 675 1994
2356 346 1300
346 1300 2356
1300 346 2356
2915 535 1149
1149 535 2915
535 1149 2915
355 284 2858
2858 284 355
284 355 2858
2723 1552 2255
2255 1552 2723
1552 2255 2723
1644 2235 2893
2893 1644 2235
2235 1644 2893
524 458 596
458 524 596
596 458 524
499 24 2752
2752 24 499
24 499 2752
2084 1832 2008
1832 2008 2084
2008 1832 2084
743 312 647
312 647 743
647 312 743
2245 1567 2215
1567 2215 2245
2215 1567 2245
1110 231 929
929 231 1110
231 929 1110
2328 2101 2373
2101 2328 2373
2373 2101 2328
908 1583 2018
1583 908 2018
2018 908 1583
1257 693 2500
693 1257 2500
2500 693 1257
760 1344 1710
1344 760 1710
1710 760 1344
2572 242 978
242 978 2572
978 242 2572
177 1468 2116
1468 177 2116
2116 177 1468
2292 722 954
954 722 2292
722 954 2292
1521 370 1281
1281 370 1521
370 1281 1521
330 609 682
609 330 682
682 330 609
4 1234 2200
2200 4 1234
1234 4 2200
213 1275 1960
1275 213 1960
1960 213 1275
1123 163 1865
163 1123 1865
1865 163 1123
625 711 2701
711 625 2701
2701 625 711
65 122 1373
1373 65 122
122 65 1373
2726 1863 2964
1863 2726 2964
2964 1863 2726
1243 1372 2988
2988 1243 1372
1372 1243 2988
2849 1232 2788
1232 2788 2849
2788 1232 2849
1362 2291 2879
2879 1362 2291
2291 1362 2879
1565 1735 2203
2203 1565 1735
1735 1565 2203
2649 215 1143
215 1143 2649
1143 215 2649
1855 229 1247
229 1247 1855
1247 229 1855
1685 632 2521
2521 632 1685
632 1685 2521
994 212 1716
212 994 1716
1716 212 994
2135 32 534
32 534 2135
534 32 2135
367 460 508
508 367 460
460 367 508
854 736 905
905 736 854
736 854 905
398 486 1771
486 398 1771
1771 398 486
1604 3 781
781 3 1604
3 781 1604
1437 1160 2218
1160 1437 2218
2218 1160 1437
2213 1189 2075
2075 1189 2213
1189 2075 2213
151 950 2984
2984 151 950
950 151 2984
963 825 2848
825 963 2848
2848 825 963
1030 1235 2552
1235 1030 2552
2552 1030 1235
192 1078 1723
1723 192 1078
1078 192 1723
1427 872 1680
872 1427 1680
1680 872 1427
2560 673 1446
673 1446 2560
1446 673 2560
1062 2264 2865
2865 1062 2264
2264 1062 2865
2001 550 1365
550 1365 2001
1365 550 2001
1811 1404 2080
2080 1404 1811
1404 1811 2080
2428 357 1603
357 1603 2428
1603 357 2428
2805 1165 1950
1165 1950 2805
1950 1165 2805
389 2103 2177
2177 389 2103
2103 389 2177
1932 86 2063
86 1932 2063
2063 86 1932
1706 491 2741
2741 491 1706
491 1706 2741
1842 440 1675
1675 440 1842
440 1675 1842
1401 966 1467
966 1401 1467
1467 966 1401
446 1267 2081
1267 446 2081
2081 446 1267
1474 1460 1821
1821 1460 1474
1460 1474 1821
1079 1970 2957
2957 1079 1970
1970 1079 2957
422 576 1192
1192 422 576
576 422 1192
2943 373 1931
373 1931 2943
1931 373 2943
140 1332 1399
1332 140 1399
1399 140 1332
2543 467 2973
467 2543 2973
2973 467 2543
1241 1351 2236
1351 1241 2236
2236 1241 1351
2866 1253 2619
2619 1253 2866
1253 2619 2866
685 226 2535
226 685 2535
2535 226 685
1319 71 1592
71 1319 1592
1592 71 1319
2821 200 1297
200 1297 2821
1297 200 2821
2049 79 1618
79 1618 2049
1618 79 2049
1576 911 1087
911 1087 1576
1087 911 1576
2790 571 758
571 758 2790
758 571 2790
1466 1210 2631
1210 1466 2631
2631 1210 1466
2732 2140 2859
2140 2732 2859
2859 2140 2732
2653 1767 2214
2214 1767 2653
1767 2214 2653
2493 291 1279
1279 291 2493
291 1279 2493
1164 270 938
270 938 1164
938 270 1164
1443 819 2444
819 1443 2444
2444 819 1443
1089 475 2569
475 1089 2569
2569 475 1089
2970 672 1709
1709 672 2970
672 1709 2970
712 1390 2681
1390 712 2681
2681 712 1390
2465 1664 1726
1726 1664 2465
1664 1726 2465
2024 2105 2591
2105 2024 2591
2591 2024 2105
1789 369 775
775 369 1789
369 775 1789
1154 147 1292
1292 147 1154
147 1154 1292
519 335 465
335 465 519
465 335 519
1290 533 2427
533 1290 2427
2427 533 1290
1843 190 2603
190 1843 2603
2603 190 1843
1151 90 1752
1752 90 1151
90 1151 1752
958 2367 2802
2802 958 2367
2367 958 2802
2131 915 1518
915 1518 2131
1518 915 2131
2855 2439 2868
2439 2855 2868
2868 2439 2855
2766 347 1976
1976 347 2766
347 1976 2766
947 384 1066
384 947 1066
1066 384 947
189 801 2597
2597 189 801
801 189 2597
391 379 2622
379 391 2622
2622 379 391
2959 844 1439
1439 844 2959
844 1439 2959
2505 260 2467
260 2467 2505
2467 260 2505
1482 1382 2730
2730 1382 1482
1382 1482 2730
1451 1708 2112
1708 1451 2112
2112 1451 1708
34 152 1835
1835 34 152
152 34 1835
1575 2527 2596
2596 1575 2527
2527 1575 2596
1440 521 2803
521 1440 2803
2803 521 1440
1584 800 2069
2069 800 1584
800 1584 2069
2688 433 1206
1206 433 2688
433 1206 2688
768 1497 2592
2592 768 1497
1497 768 2592
2392 1490 2892
2892 1490 2392
1490 2392 2892
634 217 1346
1346 217 634
217 634 1346
2442 1841 2716
2716 1841 2442
1841 2442 2716
392 1743 2380
2380 392 1743
1743 392 2380
2727 512 2576
512 2576 2727
2576 512 2727
827 1168 2880
1168 827 2880
2880 827 1168
2745 95 1803
95 1803 2745
1803 95 2745
2381 1784 1903
1784 1903 2381
1903 1784 2381
82 2009 2030
2009 82 2030
2030 82 2009
1388 2127 2316
2127 1388 2316
2316 1388 2127
2405 2204 2641
2204 2405 2641
2641 2204 2405
681 1988 2657
1988 681 2657
2657 681 1988
1341 1007 2055
1007 1341 2055
2055 1007 1341
2454 1777 2035
2035 1777 2454
1777 2035 2454
2924 542 2962
542 2924 2962
2962 542 2924
470 167 1333
167 470 1333
1333 167 470
2588 1939 2735
2735 1939 2588
1939 2588 2735
1935 187 1348
1348 187 1935
187 1348 1935
1919 485 1772
485 1772 1919
1772 485 1919
1682 214 2740
214 1682 2740
2740 214 1682
2694 1029 1547
1547 1029 2694
1029 1547 2694
2905 997 2910
2910 997 2905
997 2905 2910
806 1761 2272
1761 806 2272
2272 806 1761
558 520 2976
2976 520 558
520 558 2976
1700 1014 1383
1014 1383 1700
1383 1014 1700
1256 771 2894
771 1256 2894
2894 771 1256
2333 2336 3000
3000 2333 2336
2336 2333 3000
2349 1139 1914
1139 1914 2349
1914 1139 2349
1883 759 2469
759 1883 2469
2469 759 1883
2639 262 1668
1668 262 2639
262 1668 2639
586 414 1621
1621 414 586
414 586 1621
1187 2289 2487
2289 1187 2487
2487 1187 2289
1039 396 679
396 679 1039
679 396 1039
1766 266 701
701 266 1766
266 701 1766
799 962 1354
962 799 1354
1354 799 962
2635 110 2770
110 2635 2770
2770 110 2635
1623 1712 2664
1712 1623 2664
2664 1623 1712
1612 1338 1995
1995 1338 1612
1338 1612 1995
1121 1074 2796
1074 1121 2796
2796 1074 1121
2854 608 1892
1892 608 2854
608 1892 2854
1153 43 1230
43 1153 1230
1230 43 1153
2409 408 2632
2632 408 2409
408 2409 2632
1957 186 1833
186 1833 1957
1833 186 1957
75 2014 2525
2014 75 2525
2525 75 2014
523 897 1799
897 523 1799
1799 523 897
2772 2651 2913
2651 2772 2913
2913 2651 2772
2841 1986 2358
2358 1986 2841
1986 2358 2841
562 755 2949
755 562 2949
2949 562 755
1358 987 1291
987 1291 1358
1291 987 1358
646 556 2765
2765 556 646
556 646 2765
1607 786 2900
2900 786 1607
786 1607 2900
2254 289 1904
289 1904 2254
1904 289 2254
600 1640 2775
2775 600 1640
1640 600 2775
1056 230 2431
230 1056 2431
2431 230 1056
573 546 1831
546 573 1831
1831 546 573
2376 2223 2885
2223 2376 2885
2885 2223 2376
1177 452 789
789 452 1177
452 789 1177
1391 1185 1769
1769 1185 1391
1185 1391 1769
2404 959 2322
2322 959 2404
959 2322 2404
2032 2143 2889
2889 2032 2143
2143 2032 2889
2068 246 1747
246 1747 2068
1747 246 2068
1027 1131 1271
1131 1027 1271
1271 1027 1131
1890 2370 2751
2370 1890 2751
2751 1890 2370
901 6 2733
6 901 2733
2733 6 901
1647 1128 2263
2263 1128 1647
1128 1647 2263
60 917 2555
917 60 2555
2555 60 917
853 2134 2294
2294 853 2134
2134 853 2294
727 626 725
626 725 727
725 626 727
1363 504 2184
504 1363 2184
2184 504 1363
124 1574 1611
1611 124 1574
1574 124 1611
1858 979 1080
979 1080 1858
1080 979 1858
694 209 336
209 336 694
336 209 694
2608 1026 1103
1103 1026 2608
1026 1103 2608
221 2252 2329
2329 221 2252
2252 221 2329
2706 867 1398
1398 867 2706
867 1398 2706
1208 1963 2299
1963 1208 2299
2299 1208 1963
518 732 2935
2935 518 732
732 518 2935
1327 1573 1859
1859 1327 1573
1573 1327 1859
2466 462 1962
462 1962 2466
1962 462 2466
2901 141 2956
2956 141 2901
141 2901 2956
1924 1218 2074
1218 1924 2074
2074 1218 1924
2038 953 1086
1086 953 2038
953 1086 2038
2971 843 2196
2196 843 2971
843 2196 2971
704 1330 2826
1330 704 2826
2826 704 1330
1872 776 1072
776 1072 1872
1072 776 1872
2113 515 826
826 515 2113
515 826 2113
2954 1202 2170
1202 2170 2954
2170 1202 2954
902 2052 2175
2052 902 2175
2175 902 2052
967 1837 2434
1837 967 2434
2434 967 1837
990 724 788
724 788 990
788 724 990
1936 875 2614
875 1936 2614
2614 875 1936
1019 1614 2386
1614 1019 2386
2386 1019 1614
965 1598 2050
2050 965 1598
1598 965 2050
1779 253 1048
1048 253 1779
253 1048 1779
1869 248 742
248 742 1869
742 248 1869
364 935 1523
935 364 1523
1523 364 935
1220 1145 2587
1145 1220 2587
2587 1145 1220
2129 1804 2497
2497 1804 2129
1804 2129 2497
1331 13 1580
1580 13 1331
13 1331 1580
1756 2275 2630
2275 1756 2630
2630 1756 2275
2490 290 659
659 290 2490
290 659 2490
2158 282 667
667 282 2158
282 667 2158
832 516 1527
1527 516 832
516 832 1527
2007 482 2192
482 2007 2192
2192 482 2007
1729 1395 2098
2098 1395 1729
1395 1729 2098
698 426 1601
426 698 1601
1601 426 698
1239 225 2779
225 1239 2779
2779 225 1239
443 321 2239
321 443 2239
2239 321 443
498 705 2325
705 498 2325
2325 498 705
2130 643 2280
643 2130 2280
2280 643 2130
299 2738 2975
2738 299 2975
2975 299 2738
1513 271 925
271 925 1513
925 271 1513
1470 862 2418
862 1470 2418
2418 862 1470
1229 280 1313
280 1229 1313
1313 280 1229
208 1630 2920
1630 208 2920
2920 208 1630
316 2031 2850
2031 316 2850
2850 316 2031
449 1371 1605
1605 449 1371
1371 449 1605
960 1808 2896
2896 960 1808
1808 960 2896
1155 739 878
878 739 1155
739 878 1155
1182 989 2512
2512 989 1182
989 1182 2512
297 545 2152
2152 297 545
545 297 2152
2558 12 1410
12 1410 2558
1410 12 2558
1065 2511 2856
2511 1065 2856
2856 1065 2511
560 2482 2692
2692 560 2482
2482 560 2692
111 661 1934
661 111 1934
1934 111 661
1283 365 1161
1161 365 1283
365 1161 1283
714 891 2025
891 714 2025
2025 714 891
2904 892 1324
1324 892 2904
892 1324 2904
1289 972 1268
972 1268 1289
1268 972 1289
836 1171 2795
1171 836 2795
2795 836 1171
1368 38 884
38 884 1368
884 38 1368
2300 181 1429
1429 181 2300
181 1429 2300
428 223 1705
1705 223 428
223 428 1705
2820 1561 2382
1561 2382 2820
2382 1561 2820
20 1564 1638
1638 20 1564
1564 20 1638
1156 293 1180
293 1156 1180
1180 293 1156
1265 115 1879
115 1265 1879
1879 115 1265
1517 1481 2675
2675 1481 1517
1481 1517 2675
2132 1047 1791
1047 1791 2132
1791 1047 2132
2375 719 2257
2257 719 2375
719 2257 2375
720 1707 1737
1737 720 1707
1707 720 1737
2534 145 810
145 810 2534
810 145 2534
619 1477 1975
1477 619 1975
1975 619 1477
1899 1648 2669
1648 1899 2669
2669 1648 1899
2600 1254 1305
1254 1305 2600
1305 1254 2600
2517 1251 2922
2922 1251 2517
1251 2517 2922
805 1945 2274
2274 805 1945
1945 805 2274
2695 1044 2967
2967 1044 2695
1044 2695 2967
2120 2677 2989
2989 2120 2677
2677 2120 2989
656 721 2312
2312 656 721
721 656 2312
648 441 1594
441 648 1594
1594 441 648
1585 76 1081
1081 76 1585
76 1081 1585
1193 847 2125
2125 847 1193
847 1193 2125
395 1909 2187
1909 395 2187
2187 395 1909
345 1472 1870
1472 345 1870
1870 345 1472
850 49 2590
2590 49 850
49 850 2590
2974 496 754
754 496 2974
496 754 2974
2033 2495 2909
2909 2033 2495
2495 2033 2909
294 1024 2097
2097 294 1024
1024 294 2097
2297 1138 2286
1138 2286 2297
2286 1138 2297
2268 2307 2877
2877 2268 2307
2307 2268 2877
1677 157 1350
1350 157 1677
157 1350 1677
1197 1142 1486
1486 1142 1197
1142 1197 1486
1955 1862 2912
1862 1955 2912
2912 1862 1955
1557 1411 1502
1411 1502 1557
1502 1411 1557
1504 1551 2237
1551 1504 2237
2237 1504 1551
1801 249 1015
1015 249 1801
249 1015 1801
1159 1070 1090
1090 1070 1159
1070 1090 1159
2617 303 2661
2661 303 2617
303 2617 2661
2578 378 1357
378 1357 2578
1357 378 2578
2776 1431 2102
2102 1431 2776
1431 2102 2776
2977 109 2867
2867 109 2977
109 2867 2977
1455 2324 2654
2654 1455 2324
2324 1455 2654
2283 81 823
823 81 2283
81 823 2283
2771 900 2232
900 2232 2771
2232 900 2771
1259 1898 2952
2952 1259 1898
1898 1259 2952
1812 198 1795
198 1795 1812
1795 198 1812
1968 191 2574
191 1968 2574
2574 191 1968
195 2542 2842
2542 195 2842
2842 195 2542
723 1634 2696
1634 723 2696
2696 723 1634
1725 507 2419
2419 507 1725
507 1725 2419
497 2593 2837
2593 497 2837
2837 497 2593
120 279 583
583 120 279
279 120 583
1415 1209 2234
1209 1415 2234
2234 1209 1415
1055 310 2138
310 1055 2138
2138 310 1055
2794 572 1115
1115 572 2794
572 1115 2794
148 996 1887
996 148 1887
1887 148 996
1328 1488 1940
1488 1328 1940
1940 1328 1488
1054 2099 2258
2258 1054 2099
2099 1054 2258
350 1435 1699
1435 350 1699
1699 350 1435
1989 283 1150
1150 283 1989
283 1150 1989
1861 2626 2869
2626 1861 2869
2869 1861 2626
129 1035 1956
1956 129 1035
1035 129 1956
1061 1902 2339
1902 1061 2339
2339 1061 1902
127 99 2010
99 127 2010
2010 99 127
161 61 913
61 161 913
913 61 161
713 592 2782
592 713 2782
2782 592 713
2793 617 802
617 802 2793
802 617 2793
2039 1882 2246
1882 2039 2246
2246 1882 2039
2176 2477 2684
2477 2176 2684
2684 2176 2477
1125 170 2003
170 1125 2003
2003 170 1125
1109 2199 2627
2199 1109 2627
2627 1109 2199
657 423 2425
2425 423 657
423 657 2425
2809 703 716
703 716 2809
716 703 2809
1010 1943 2481
1943 1010 2481
2481 1010 1943
2819 342 2303
342 2303 2819
2303 342 2819
1813 456 1023
1023 456 1813
456 1023 1813
341 588 2566
588 341 2566
2566 341 588
1494 285 1836
1836 285 1494
285 1494 1836
941 121 1452
1452 121 941
121 941 1452
409 846 2372
2372 409 846
846 409 2372
2142 334 2742
2742 334 2142
334 2142 2742
2785 1786 2656
1786 2656 2785
2656 1786 2785
2355 10 1596
10 1596 2355
1596 10 2355
132 856 1893
856 132 1893
1893 132 856
479 2178 2979
2178 479 2979
2979 479 2178
136 2402 2615
2402 136 2615
2615 136 2402
429 385 2503
2503 385 429
385 429 2503
2729 1941 2753
2753 1941 2729
1941 2729 2753
1679 1657 2073
1657 1679 2073
2073 1657 1679
2396 1242 1999
1999 1242 2396
1242 1999 2396
808 502 1511
1511 502 808
502 808 1511
1485 1013 2757
2757 1013 1485
1013 1485 2757
555 890 1635
1635 555 890
890 555 1635
327 2093 2686
2093 327 2686
2686 327 2093
2982 1100 1829
1100 1829 2982
1829 1100 2982
1508 1323 2484
2484 1323 1508
1323 1508 2484
2335 269 974
974 269 2335
269 974 2335
489 2079 2430
2430 489 2079
2079 489 2430
2573 259 1860
259 1860 2573
1860 259 2573
410 1428 2853
2853 410 1428
1428 410 2853
1469 2226 2711
2226 1469 2711
2711 1469 2226
1076 563 1093
563 1076 1093
1093 563 1076
68 2411 2861
2861 68 2411
2411 68 2861
2353 1199 2916
2916 1199 2353
1199 2353 2916
1179 2499 2658
2658 1179 2499
2499 1179 2658
1897 1750 1854
1854 1750 1897
1750 1854 1897
1656 46 236
46 236 1656
236 46 1656
611 435 2229
2229 435 611
435 611 2229
254 166 1739
166 254 1739
1739 166 254
602 1219 2550
1219 602 2550
2550 602 1219
2995 2149 2453
2149 2453 2995
2453 2149 2995
1760 72 2549
2549 72 1760
72 1760 2549
2231 818 1880
818 1880 2231
1880 818 2231
2810 831 2744
2744 831 2810
831 2744 2810
509 663 1329
663 509 1329
1329 509 663
2169 453 2261
2261 453 2169
453 2169 2261
1659 2580 2835
2835 1659 2580
2580 1659 2835
658 1751 2700
1751 658 2700
2700 658 1751
244 1907 2478
1907 244 2478
2478 244 1907
2642 644 2337
644 2337 2642
2337 644 2642
245 604 2474
2474 245 604
604 245 2474
1307 792 1041
1041 792 1307
792 1041 1307
1356 1049 1345
1345 1049 1356
1049 1345 1356
1334 1231 2171
2171 1231 1334
1231 1334 2171
333 945 2571
2571 333 945
945 333 2571
2403 1764 1875
1875 1764 2403
1764 1875 2403
2524 1000 1654
1654 1000 2524
1000 1654 2524
1742 885 2515
885 1742 2515
2515 885 1742
1144 769 1487
1487 769 1144
769 1144 1487
969 1650 2331
2331 969 1650
1650 969 2331
955 585 1318
1318 585 955
585 955 1318
2786 1308 1393
1308 1393 2786
1393 1308 2786
1933 870 1510
870 1510 1933
1510 870 1933
686 97 910
97 686 910
910 97 686
568 887 1293
887 568 1293
1293 568 887
2673 1674 1748
1674 1748 2673
1748 1674 2673
2486 1629 2914
2914 1629 2486
1629 2486 2914
2886 666 1339
666 1339 2886
1339 666 2886
2750 918 2958
918 2750 2958
2958 918 2750
1781 382 2141
2141 382 1781
382 1781 2141
2273 445 1871
445 1871 2273
1871 445 2273
2987 108 1492
108 1492 2987
1492 108 2987
543 627 815
627 543 815
815 543 627
2167 1315 2145
1315 2145 2167
2145 1315 2167
1665 992 2816
2816 992 1665
992 1665 2816
2464 2123 2747
2123 2464 2747
2747 2123 2464
85 361 2302
361 85 2302
2302 85 361
1416 131 1509
131 1416 1509
1509 131 1416
2662 317 2882
2882 317 2662
317 2662 2882
569 926 1548
1548 569 926
926 569 1548
173 639 1807
1807 173 639
639 173 1807
2133 2509 2899
2899 2133 2509
2509 2133 2899
1819 766 2365
2365 766 1819
766 1819 2365
2843 2154 2205
2205 2154 2843
2154 2205 2843
2384 1174 1458
1174 1458 2384
1458 1174 2384
753 595 2256
595 753 2256
2256 595 753
1954 980 2564
980 1954 2564
2564 980 1954
718 356 2575
2575 356 718
356 718 2575
2724 745 976
976 745 2724
745 976 2724
1917 1096 1780
1096 1780 1917
1780 1096 1917
413 292 2448
292 413 2448
2448 292 413
1926 574 2227
574 1926 2227
2227 574 1926
1364 1370 1856
1370 1364 1856
1856 1364 1370
2846 2473 2520
2520 2473 2846
2473 2520 2846
1775 1921 2151
2151 1775 1921
1921 1775 2151
332 2026 2343
2343 332 2026
2026 332 2343
1113 839 1753
1753 839 1113
839 1113 1753
353 1997 2980
2980 353 1997
1997 353 2980
2941 1181 1211
1181 1211 2941
1211 1181 2941
2633 930 1912
930 1912 2633
1912 930 2633
1973 1204 2908
1204 1973 2908
2908 1204 1973
791 263 770
263 770 791
770 263 791
1222 17 2182
2182 17 1222
17 1222 2182
1264 511 752
752 511 1264
511 752 1264
1462 728 2456
728 1462 2456
2456 728 1462
1901 419 1489
419 1489 1901
1489 419 1901
128 1942 2568
1942 128 2568
2568 128 1942
2581 587 957
587 957 2581
957 587 2581
553 112 220
220 112 553
112 220 553
2174 2780 2814
2814 2174 2780
2780 2174 2814
1169 47 2253
2253 47 1169
47 1169 2253
2907 1782 2317
2317 1782 2907
1782 2317 2907
942 2242 2768
2768 942 2242
2242 942 2768
2219 165 1530
165 1530 2219
1530 165 2219
1805 439 916
916 439 1805
439 916 1805
1495 1396 1967
1967 1396 1495
1396 1495 1967
2917 927 2488
927 2488 2917
2488 927 2917
1588 1008 1597
1008 1588 1597
1597 1008 1588
2737 206 2634
2634 206 2737
206 2634 2737
1276 1550 1770
1770 1276 1550
1550 1276 1770
638 175 628
628 175 638
175 628 638
1085 1792 1802
1802 1085 1792
1792 1085 1802
2104 676 2414
676 2104 2414
2414 676 2104
790 688 1851
688 790 1851
1851 688 790
2501 1864 2764
1864 2501 2764
2764 1864 2501
2047 158 2528
2528 158 2047
158 2047 2528
1134 699 2209
2209 699 1134
699 1134 2209
735 2451 2585
2585 735 2451
2451 735 2585
2513 2323 2332
2332 2323 2513
2323 2332 2513
1379 2506 2659
2506 1379 2659
2659 1379 2506
2895 1569 2016
2016 1569 2895
1569 2016 2895
737 2391 2955
2955 737 2391
2391 737 2955
430 2813 2887
2813 430 2887
2887 430 2813
1336 1104 2150
2150 1104 1336
1104 1336 2150
2709 2485 2502
2485 2502 2709
2502 2485 2709
840 96 1649
1649 96 840
96 840 1649
1744 179 1651
179 1651 1744
1651 179 1744
2494 1127 2990
1127 2494 2990
2990 1127 2494
2357 2139 2832
2832 2139 2357
2139 2357 2832
670 377 582
582 377 670
377 582 670
895 893 1190
893 895 1190
1190 893 895
216 757 2188
757 216 2188
2188 216 757
2947 2034 2194
2194 2034 2947
2034 2194 2947
896 1556 1655
1556 896 1655
1655 896 1556
1745 559 2963
559 1745 2963
2963 559 1745
1498 2 2086
2 1498 2086
2086 2 1498
708 1613 2522
1613 708 2522
2522 708 1613
1866 1043 2146
2146 1043 1866
1043 1866 2146
1306 857 1783
1783 857 1306
857 1306 1783
366 26 2166
26 366 2166
2166 26 366
1918 1694 2408
2408 1694 1918
1694 1918 2408
1711 50 2860
2860 50 1711
50 1711 2860
239 1900 2944
1900 239 2944
2944 239 1900
473 1471 2172
2172 473 1471
1471 473 2172
2561 1237 2492
2492 1237 2561
1237 2492 2561
2643 466 903
466 903 2643
903 466 2643
199 1408 1773
1408 199 1773
1773 199 1408
2106 517 1823
517 1823 2106
1823 517 2106
1684 2100 2611
2611 1684 2100
2100 1684 2611
2968 1553 2197
1553 2197 2968
2197 1553 2968
529 624 2483
624 529 2483
2483 529 624
1316 505 1645
505 1316 1645
1645 505 1316
1068 1762 2206
1762 1068 2206
2206 1068 1762
951 1913 2438
1913 951 2438
2438 951 1913
323 501 1004
501 323 1004
1004 323 501
1949 407 2546
2546 407 1949
407 1949 2546
340 308 641
308 340 641
641 308 340
405 1214 1480
1480 405 1214
1214 405 1480
1673 1572 2042
2042 1572 1673
1572 1673 2042
2884 2040 2221
2040 2221 2884
2221 2040 2884
1852 1434 2124
1434 1852 2124
2124 1434 1852
811 1422 1966
1966 811 1422
1422 811 1966
2645 164 2378
164 2378 2645
2378 164 2645
228 946 2241
2241 228 946
946 228 2241
1459 2193 2318
2318 1459 2193
2193 1459 2318
425 2610 2746
2610 425 2746
2746 425 2610
2623 1052 1116
1052 1116 2623
1116 1052 2623
1591 751 1381
751 1381 1591
1381 751 1591
354 1946 2475
1946 354 2475
2475 354 1946
348 403 1046
1046 348 403
403 348 1046
2938 860 2087
860 2087 2938
2087 860 2938
7 233 1800
1800 7 233
233 7 1800
1387 830 1692
1692 830 1387
830 1387 1692
1263 2379 2902
2379 1263 2902
2902 1263 2379
102 1642 2225
2225 102 1642
1642 102 2225
2715 968 2326
968 2326 2715
2326 968 2715
2359 2147 2519
2519 2147 2359
2147 2359 2519
837 2531 2812
2812 837 2531
2531 837 2812
931 876 904
904 876 931
876 904 931
400 1040 2553
1040 400 2553
2553 400 1040
2224 459 1409
1409 459 2224
459 1409 2224
2891 773 2936
2936 773 2891
773 2891 2936
2778 1200 2925
2925 1200 2778
1200 2778 2925
1643 1454 2931
1454 1643 2931
2931 1454 1643
201 11 2155
11 201 2155
2155 11 201
982 87 2389
2389 87 982
87 982 2389
575 936 2818
2818 575 936
936 575 2818
2806 2262 2589
2589 2262 2806
2262 2589 2806
1937 845 2871
845 1937 2871
2871 845 1937
618 325 665
665 325 618
325 618 665
702 2078 2507
2507 702 2078
2078 702 2507
1738 1734 2798
2798 1734 1738
1734 1738 2798
57 1191 1380
1380 57 1191
1191 57 1380
841 710 1578
1578 710 841
710 841 1578
623 539 2310
2310 539 623
539 623 2310
861 700 2873
2873 700 861
700 861 2873
932 326 1616
1616 326 932
326 932 1616
421 1347 1367
1347 421 1367
1367 421 1347
2834 472 1255
472 1255 2834
1255 472 2834
807 715 1639
715 807 1639
1639 715 807
98 2000 2412
2412 98 2000
2000 98 2412
2201 319 2767
2767 319 2201
319 2201 2767
463 2401 2449
2401 463 2449
2449 463 2401
2383 261 2844
2844 261 2383
261 2383 2844
2536 1261 2313
1261 2313 2536
2313 1261 2536
343 415 664
664 343 415
415 343 664
2791 554 1537
1537 554 2791
554 1537 2791
363 1419 1797
1797 363 1419
1419 363 1797
1886 1394 1475
1394 1475 1886
1475 1394 1886
2838 889 937
937 889 2838
889 937 2838
1269 1302 2459
2459 1269 1302
1302 1269 2459
2417 956 2054
2054 956 2417
956 2054 2417
2537 241 1587
1587 241 2537
241 1587 2537
41 1170 2699
1170 41 2699
2699 41 1170
2443 868 2137
868 2137 2443
2137 868 2443
84 37 142
37 84 142
142 37 84
2548 2284 2784
2784 2284 2548
2284 2548 2784
2613 513 1129
513 1129 2613
1129 513 2613
399 1672 2306
2306 399 1672
1672 399 2306
1016 859 2703
2703 859 1016
859 1016 2703
2532 2725 2969
2725 2532 2969
2969 2532 2725
1524 540 2269
540 1524 2269
2269 540 1524
653 1885 1922
1922 653 1885
1885 653 1922
612 630 2044
630 612 2044
2044 612 630
1102 1194 2594
1194 1102 2594
2594 1102 1194
741 1959 2510
1959 741 2510
2510 741 1959
1031 2070 2792
2070 1031 2792
2792 1031 2070
1930 1343 1386
1386 1343 1930
1343 1386 1930
677 146 160
160 146 677
146 160 677
1698 993 1463
1463 993 1698
993 1463 1698
2082 2159 2504
2159 2082 2504
2504 2082 2159
2567 738 2244
2244 738 2567
