159 75 166
75 159 166
166 75 159
200 28 257
257 28 200
28 200 257
105 68 160
68 105 160
160 68 105
235 60 143
143 60 235
60 143 235
171 128 203
128 171 203
203 128 171
232 180 261
261 180 232
180 232 261
146 130 195
130 146 195
195 130 146
245 121 198
121 198 245
198 121 245
182 14 117
117 14 182
14 117 182
222 18 37
37 18 222
18 37 222
175 24 110
110 24 175
24 110 175
202 124 241
241 124 202
124 202 241
183 153 206
206 153 183
153 183 206
109 49 217
49 109 217
217 49 109
287 191 192
192 191 287
191 192 287
90 45 55
45 55 90
55 45 90
47 32 207
207 32 47
32 47 207
87 253 298
298 87 253
253 87 298
96 48 72
72 48 96
48 72 96
145 51 239
51 145 239
239 51 145
12 66 247
247 12 66
66 12 247
30 204 268
204 30 268
268 30 204
155 177 190
177 155 190
190 155 177
108 70 173
173 70 108
70 108 173
64 135 140
135 64 140
140 64 135
3 107 116
107 3 116
116 3 107
6 74 101
101 6 74
74 6 101
103 79 106
106 79 103
79 103 106
138 41 220
41 138 220
220 41 138
115 125 227
125 115 227
227 115 125
162 52 292
292 52 162
52 162 292
99 164 168
164 99 168
168 99 164
76 161 169
169 76 161
161 76 169
78 31 56
56 31 78
31 56 78
269 9 185
185 9 269
9 185 269
97 137 218
218 97 137
137 97 218
40 93 119
93 40 119
119 40 93
8 126 265
265 8 126
126 8 265
249 176 275
275 176 249
176 249 275
174 208 221
208 174 221
221 174 208
223 19 23
23 19 223
19 23 223
112 73 120
120 73 112
73 112 120
188 260 294
294 188 260
260 188 294
22 7 196
196 7 22
7 22 196
240 4 13
13 4 240
4 13 240
15 148 282
148 15 282
282 15 148
226 20 104
104 20 226
20 104 226
211 205 274
205 211 274
274 205 211
210 147 186
186 147 210
147 186 210
98 43 278
278 43 98
43 98 278
46 189 258
258 46 189
189 46 258
273 35 277
277 35 273
35 273 277
132 11 267
11 132 267
267 11 132
102 91 291
91 102 291
291 91 102
179 131 297
297 131 179
131 179 297
254 133 163
163 133 254
133 163 254
95 71 84
71 84 95
84 71 95
50 63 136
63 50 136
136 50 63
57 33 170
170 33 57
33 57 170
230 58 238
58 230 238
238 58 230
271 111 228
111 228 271
228 111 271
296 127 199
199 127 296
127 199 296
123 237 243
243 123 237
237 123 243
167 215 262
262 167 215
215 167 262
88 81 289
81 88 289
289 81 88
149 94 286
286 94 149
94 149 286
270 21 54
54 21 270
21 54 270
156 85 212
212 85 156
85 156 212
82 234 236
236 82 234
234 82 236
151 100 201
201 100 151
100 151 201
5 139 264
264 5 139
139 5 264
34 80 118
118 34 80
80 34 118
193 42 300
300 42 193
42 193 300
299 53 144
53 144 299
144 53 299
209 17 216
216 17 209
17 209 216
197 2 86
86 2 197
2 86 197
158 142 172
142 158 172
172 142 158
288 26 255
255 26 288
26 255 288
213 187 224
224 187 213
187 213 224
113 229 280
280 113 229
229 113 280
25 279 284
284 25 279
279 25 284
231 61 276
61 231 276
276 61 231
256 233 242
233 242 256
242 233 256
29 59 259
59 29 259
259 29 59
114 219 248
248 114 219
219 114 248
134 10 250
250 10 134
10 134 250
122 77 92
77 92 122
92 77 122
152 83 141
141 83 152
83 141 152
214 16 165
16 165 214
165 16 214
285 44 252
252 44 285
44 252 285
246 244 290
290 244 246
244 246 290
266 225 295
295 225 266
225 266 295
194 1 150
1 150 194
150 1 194
67 39 272
272 39 67
39 67 272
184 251 283
251 184 283
283 184 251
154 27 65
27 65 154
65 27 154
281 38 89
89 38 281
38 89 281
178 69 263
69 178 263
263 69 178
181 36 157
157 36 181
36 157 181
293 62 129
129 62 293
62 129 293
