2373 866 1853
866 1853 2373
1853 866 2373
1642 1048 2914
1048 1642 2914
2914 1048 1642
2200 843 2778
843 2200 2778
2778 843 2200
72 1410 1613
1613 72 1410
1410 72 1613
421 663 2655
663 421 2655
2655 421 663
1592 1258 1483
1258 1483 1592
1483 1258 1592
116 886 1607
1607 116 886
886 116 1607
2385 280 1384
1384 280 2385
280 1384 2385
2150 2683 2687
2683 2150 2687
2687 2150 2683
407 159 923
159 407 923
923 159 407
2575 93 1855
1855 93 2575
93 1855 2575
373 648 1981
1981 373 648
648 373 1981
2785 1580 2362
2362 1580 2785
1580 2362 2785
907 1288 2271
1288 907 2271
2271 907 1288
1674 687 1574
687 1574 1674
1574 687 1674
2924 573 2341
573 2341 2924
2341 573 2924
921 227 1655
227 921 1655
1655 227 921
2116 551 1103
551 1103 2116
1103 551 2116
1361 822 2212
2212 822 1361
822 1361 2212
1877 2342 2586
2342 1877 2586
2586 1877 2342
1033 1312 2354
1312 1033 2354
2354 1033 1312
1852 202 2480
2480 202 1852
202 1852 2480
2836 1181 2968
1181 2836 2968
2968 1181 2836
2051 1618 2204
2204 1618 2051
1618 2051 2204
2339 1610 1932
1610 1932 2339
1932 1610 2339
2498 1886 2018
2018 1886 2498
1886 2018 2498
1356 213 2820
2820 213 1356
213 1356 2820
2427 1362 2892
1362 2427 2892
2892 1362 2427
444 567 2049
567 444 2049
2049 444 567
2296 632 1712
1712 632 2296
632 1712 2296
274 2021 2937
2021 274 2937
2937 274 2021
2397 218 2676
2676 218 2397
218 2397 2676
1974 683 2287
683 1974 2287
2287 683 1974
1433 62 710
62 710 1433
710 62 1433
2535 1194 1920
1920 1194 2535
1194 1920 2535
1186 1251 1663
1251 1186 1663
1663 1186 1251
2413 1439 2958
2958 1439 2413
1439 2413 2958
445 801 1930
801 445 1930
1930 445 801
1670 432 2301
432 1670 2301
2301 432 1670
1094 71 1757
1757 71 1094
71 1094 1757
1789 765 1482
765 1482 1789
1482 765 1789
1244 917 945
917 945 1244
945 917 1244
2466 113 1523
1523 113 2466
113 1523 2466
66 2226 2628
2628 66 2226
2226 66 2628
766 2070 2756
2756 766 2070
2070 766 2756
1566 1520 1984
1984 1520 1566
1520 1566 1984
161 74 561
74 161 561
561 74 161
1806 42 1359
42 1359 1806
1359 42 1806
624 328 1894
1894 328 624
328 624 1894
1561 226 2001
226 1561 2001
2001 226 1561
756 1793 2896
2896 756 1793
1793 756 2896
1572 1398 1402
1398 1402 1572
1402 1398 1572
1032 2283 2940
2940 1032 2283
2283 1032 2940
318 970 1178
970 318 1178
1178 318 970
1957 2421 2470
2421 1957 2470
2470 1957 2421
2675 75 2534
75 2534 2675
2534 75 2675
1462 519 1336
519 1336 1462
1336 519 1462
1037 544 719
719 544 1037
544 719 1037
2344 937 2570
937 2344 2570
2570 937 2344
1159 1791 1874
1874 1159 1791
1791 1159 1874
2900 2102 2511
2511 2102 2900
2102 2511 2900
623 773 2358
773 623 2358
2358 623 773
2278 908 1711
1711 908 2278
908 1711 2278
762 1829 2220
2220 762 1829
1829 762 2220
265 1594 1723
1594 265 1723
1723 265 1594
164 1993 2706
2706 164 1993
1993 164 2706
2238 31 282
31 282 2238
282 31 2238
996 203 1106
203 996 1106
1106 203 996
1365 838 1049
1049 838 1365
838 1049 1365
860 2355 2428
2428 860 2355
2355 860 2428
154 2646 2966
2646 154 2966
2966 154 2646
1533 417 1547
1547 417 1533
417 1533 1547
523 807 2401
807 523 2401
2401 523 807
185 758 1892
1892 185 758
758 185 1892
396 662 1658
662 396 1658
1658 396 662
1273 215 247
215 247 1273
247 215 1273
2902 1553 2994
1553 2902 2994
2994 1553 2902
2642 637 1988
637 1988 2642
1988 637 2642
384 473 2065
473 384 2065
2065 384 473
1293 1694 2180
2180 1293 1694
1694 1293 2180
1679 410 1548
410 1548 1679
1548 410 1679
806 350 1714
350 806 1714
1714 350 806
793 1632 2289
2289 793 1632
1632 793 2289
696 1261 2331
2331 696 1261
1261 696 2331
2590 1376 2089
2089 1376 2590
1376 2089 2590
152 2640 2742
2742 152 2640
2640 152 2742
785 1471 2210
2210 785 1471
1471 785 2210
1738 1269 2129
2129 1269 1738
1269 1738 2129
717 1492 1768
1768 717 1492
1492 717 1768
564 269 2080
269 564 2080
2080 269 564
1743 709 1702
1702 709 1743
709 1702 1743
2267 1247 2312
2312 1247 2267
1247 2267 2312
462 771 821
821 462 771
771 462 821
1161 777 2691
2691 777 1161
777 1161 2691
1506 2202 2698
2202 1506 2698
2698 1506 2202
2297 1079 2910
1079 2297 2910
2910 1079 2297
2667 1799 2152
2152 1799 2667
1799 2152 2667
1944 1152 2106
1152 1944 2106
2106 1152 1944
2091 2682 2956
2956 2091 2682
2682 2091 2956
2591 1621 2977
2977 1621 2591
1621 2591 2977
867 175 954
175 867 954
954 175 867
2414 891 1484
1484 891 2414
891 1484 2414
2650 1578 2561
2561 1578 2650
1578 2561 2650
1460 1002 2121
1002 1460 2121
2121 1002 1460
2980 1252 2872
1252 2872 2980
2872 1252 2980
2620 2659 2950
2659 2620 2950
2950 2620 2659
128 716 1627
1627 128 716
716 128 1627
1232 1324 2131
2131 1232 1324
1324 1232 2131
927 568 715
715 568 927
568 715 927
2160 48 1147
48 1147 2160
1147 48 2160
2847 23 2539
23 2539 2847
2539 23 2847
2764 1226 1871
1871 1226 2764
1226 1871 2764
1331 1473 2631
1473 1331 2631
2631 1331 1473
1849 1308 2974
2974 1308 1849
1308 1849 2974
201 2361 2448
2361 201 2448
2448 201 2361
1880 2104 2624
2624 1880 2104
2104 1880 2624
2714 543 673
543 673 2714
673 543 2714
1544 1562 2915
2915 1544 1562
1562 1544 2915
189 1332 2697
1332 189 2697
2697 189 1332
1218 1994 2369
2369 1218 1994
1994 1218 2369
2487 1012 1456
1012 1456 2487
1456 1012 2487
674 166 845
845 166 674
166 674 845
2774 2114 2850
2850 2114 2774
2114 2774 2850
2840 258 2665
258 2665 2840
2665 258 2840
2086 2529 3000
2529 2086 3000
3000 2086 2529
77 363 2323
363 77 2323
2323 77 363
220 374 833
374 220 833
833 220 374
1697 1919 1921
1921 1697 1919
1919 1697 1921
641 914 946
946 641 914
914 641 946
2853 727 2338
2338 727 2853
727 2338 2853
92 555 1890
1890 92 555
555 92 1890
1454 847 2692
2692 847 1454
847 1454 2692
2851 670 2019
670 2019 2851
2019 670 2851
789 157 1451
157 789 1451
1451 157 789
1061 1043 2143
2143 1043 1061
1043 1061 2143
2395 377 1972
377 1972 2395
1972 377 2395
836 1550 2462
1550 836 2462
2462 836 1550
372 697 2703
2703 372 697
697 372 2703
1468 1039 1434
1434 1039 1468
1039 1434 1468
321 724 987
724 321 987
987 321 724
1716 1334 1558
1558 1334 1716
1334 1558 1716
2178 931 1898
1898 931 2178
931 1898 2178
1355 171 721
721 171 1355
171 721 1355
2400 436 1543
436 1543 2400
1543 436 2400
336 478 1418
478 336 1418
1418 336 478
1230 1151 2060
1151 1230 2060
2060 1151 1230
365 76 2241
2241 76 365
76 365 2241
434 595 2284
595 434 2284
2284 434 595
1503 233 1105
1105 233 1503
233 1105 1503
2235 597 1958
1958 597 2235
597 1958 2235
783 705 1507
705 783 1507
1507 705 783
151 1274 2442
2442 151 1274
1274 151 2442
212 1760 2634
1760 212 2634
2634 212 1760
664 1195 2464
1195 664 2464
2464 664 1195
1285 759 2325
759 1285 2325
2325 759 1285
798 240 1692
1692 240 798
240 798 1692
2660 1611 2039
2039 1611 2660
1611 2039 2660
2158 1766 2155
1766 2155 2158
2155 1766 2158
2563 1246 2559
2559 1246 2563
1246 2559 2563
2444 1001 1391
1391 1001 2444
1001 1391 2444
1673 114 1335
1335 114 1673
114 1335 1673
1657 1595 2229
1595 1657 2229
2229 1595 1657
2353 1681 1742
1681 1742 2353
1742 1681 2353
1821 221 1817
221 1817 1821
1817 221 1821
943 177 1390
1390 177 943
177 943 1390
602 928 1377
1377 602 928
928 602 1377
1419 2393 2897
2393 1419 2897
2897 1419 2393
1009 37 1783
37 1009 1783
1783 37 1009
320 947 1250
947 320 1250
1250 320 947
2722 60 2351
2351 60 2722
60 2351 2722
2103 1730 2594
1730 2103 2594
2594 1730 2103
2467 558 2276
2276 558 2467
558 2276 2467
747 700 2733
700 747 2733
2733 700 747
2750 1016 2738
1016 2738 2750
2738 1016 2750
790 1319 1502
1502 790 1319
1319 790 1502
918 64 2458
2458 64 918
64 918 2458
1228 100 703
703 100 1228
100 703 1228
562 82 2258
2258 82 562
82 562 2258
2399 938 940
940 938 2399
938 940 2399
1290 297 2020
297 1290 2020
2020 297 1290
1577 1876 2745
1876 1577 2745
2745 1577 1876
253 497 1917
1917 253 497
497 253 1917
1031 356 2062
356 1031 2062
2062 356 1031
614 1408 1963
1963 614 1408
1408 614 1963
2391 135 1162
1162 135 2391
135 1162 2391
2528 2536 2725
2725 2528 2536
2536 2528 2725
1597 2164 2474
2474 1597 2164
2164 1597 2474
420 1255 2184
1255 420 2184
2184 420 1255
920 1089 2190
1089 920 2190
2190 920 1089
815 119 508
508 119 815
119 508 815
442 1959 2967
2967 442 1959
1959 442 2967
1690 414 1172
1172 414 1690
414 1172 1690
1421 311 2008
311 1421 2008
2008 311 1421
2878 941 1253
941 1253 2878
1253 941 2878
1685 439 1004
439 1004 1685
1004 439 1685
2748 79 994
79 994 2748
994 79 2748
2954 682 2823
682 2823 2954
2823 682 2954
1513 666 2440
666 1513 2440
2440 666 1513
1645 1021 1241
1241 1021 1645
1021 1241 1645
1923 1205 2928
1205 1923 2928
2928 1205 1923
293 669 1183
669 293 1183
1183 293 669
2576 536 2004
536 2004 2576
2004 536 2576
629 501 1109
501 629 1109
1109 501 629
150 1559 2153
1559 150 2153
2153 150 1559
984 337 2405
2405 337 984
337 984 2405
2671 993 1229
1229 993 2671
993 1229 2671
2947 413 2888
2888 413 2947
413 2888 2947
2531 1358 1813
1358 1813 2531
1813 1358 2531
285 1554 1878
1554 285 1878
1878 285 1554
1389 1955 2799
1955 1389 2799
2799 1389 1955
1666 1113 1441
1113 1441 1666
1441 1113 1666
1838 1035 1720
1035 1720 1838
1720 1035 1838
2662 1671 2198
2198 1671 2662
1671 2198 2662
995 50 2946
50 995 2946
2946 50 995
2938 415 459
459 415 2938
415 459 2938
455 1126 2519
1126 455 2519
2519 455 1126
1508 480 2592
480 1508 2592
2592 480 1508
2439 1939 2488
1939 2439 2488
2488 1939 2439
2003 1100 1967
1967 1100 2003
1100 1967 2003
317 458 2058
458 317 2058
2058 317 458
197 1626 2332
1626 197 2332
2332 197 1626
1648 1968 2209
1968 1648 2209
2209 1648 1968
830 1249 1405
1249 830 1405
1405 830 1249
1209 1112 2515
1112 1209 2515
2515 1112 1209
32 1260 1676
1260 32 1676
1676 32 1260
292 81 1078
1078 81 292
81 292 1078
2781 2173 2761
2173 2761 2781
2761 2173 2781
45 852 2412
852 45 2412
2412 45 852
1705 557 2025
2025 557 1705
557 1705 2025
339 443 1466
1466 339 443
443 339 1466
1682 195 2685
2685 195 1682
195 1682 2685
1970 808 1678
808 1678 1970
1678 808 1970
588 1427 2762
2762 588 1427
1427 588 2762
2553 163 2923
2923 163 2553
163 2553 2923
2138 20 799
20 799 2138
799 20 2138
976 391 1896
1896 391 976
391 976 1896
1145 1885 2054
2054 1145 1885
1885 1145 2054
153 612 2962
2962 153 612
612 153 2962
1201 685 2930
685 1201 2930
2930 685 1201
1393 1620 2203
2203 1393 1620
1620 1393 2203
605 591 1038
1038 591 605
591 605 1038
550 1691 2347
1691 550 2347
2347 550 1691
2666 1302 1455
1302 1455 2666
1455 1302 2666
286 713 906
906 286 713
713 286 906
1318 1495 2100
1495 1318 2100
2100 1318 1495
1321 1589 1931
1589 1321 1931
1931 1321 1589
733 29 2908
2908 29 733
29 733 2908
38 423 1453
1453 38 423
423 38 1453
955 2505 2931
2505 955 2931
2931 955 2505
1372 1271 2479
1271 1372 2479
2479 1271 1372
615 273 2072
273 615 2072
2072 273 615
266 1769 2513
1769 266 2513
2513 266 1769
2107 11 1893
11 1893 2107
1893 11 2107
1780 535 2572
535 1780 2572
2572 535 1780
388 238 2318
238 388 2318
2318 238 388
109 613 1995
613 109 1995
1995 109 613
1442 1277 1928
1928 1277 1442
1277 1442 1928
186 1600 2527
2527 186 1600
1600 186 2527
2234 576 2435
2435 576 2234
576 2234 2435
2862 1631 2581
1631 2581 2862
2581 1631 2862
1643 1438 2079
1438 1643 2079
2079 1438 1643
1118 1654 1851
1851 1118 1654
1654 1118 1851
2766 230 2988
2988 230 2766
230 2766 2988
2441 1166 1707
1166 1707 2441
1707 1166 2441
67 188 1975
1975 67 188
188 67 1975
794 2437 2556
2437 794 2556
2556 794 2437
679 464 2394
464 679 2394
2394 464 679
813 2626 2651
2651 813 2626
2626 813 2651
764 2316 2763
2763 764 2316
2316 764 2763
214 1296 2543
2543 214 1296
1296 214 2543
376 621 2608
2608 376 621
621 376 2608
1386 1734 2275
1734 1386 2275
2275 1386 1734
2159 1320 2281
2281 1320 2159
1320 2159 2281
1144 618 2849
2849 618 1144
618 1144 2849
1943 250 2028
2028 250 1943
250 1943 2028
2831 1171 1493
1493 1171 2831
1171 1493 2831
2378 1212 1281
1281 1212 2378
1212 1281 2378
1564 89 2506
89 1564 2506
2506 89 1564
1197 39 1888
39 1197 1888
1888 39 1197
33 1786 2017
1786 33 2017
2017 33 1786
2861 1155 2186
2186 1155 2861
1155 2186 2861
2182 786 2291
2291 786 2182
786 2182 2291
2991 1731 2336
1731 2336 2991
2336 1731 2991
2663 411 1534
1534 411 2663
411 1534 2663
1127 1305 1908
1305 1127 1908
1908 1127 1305
800 864 1859
1859 800 864
864 800 1859
1773 742 2629
742 1773 2629
2629 742 1773
743 466 924
466 743 924
924 466 743
2790 966 2871
966 2790 2871
2871 966 2790
1238 307 949
307 949 1238
949 307 1238
2092 1188 1522
1522 1188 2092
1188 1522 2092
347 352 2248
352 347 2248
2248 347 352
1221 174 560
560 174 1221
174 560 1221
1557 1117 2009
2009 1117 1557
1117 1557 2009
723 651 2644
651 723 2644
2644 651 723
2337 403 2704
2704 403 2337
403 2337 2704
340 184 1098
184 340 1098
1098 184 340
748 787 1488
1488 748 787
787 748 1488
2755 1019 2247
1019 2247 2755
2247 1019 2755
206 657 2796
657 206 2796
2796 206 657
1167 1107 1758
1107 1167 1758
1758 1107 1167
225 1292 2795
1292 225 2795
2795 225 1292
563 1210 1840
1840 563 1210
1210 563 1840
36 1423 2219
1423 36 2219
2219 36 1423
1715 1310 2957
2957 1310 1715
1310 1715 2957
2602 487 2056
2056 487 2602
487 2056 2602
1401 136 1701
1701 136 1401
136 1401 1701
381 333 2036
333 381 2036
2036 333 381
367 1452 1985
1452 367 1985
1985 367 1452
2822 1381 2308
2308 1381 2822
1381 2308 2822
1470 730 2857
730 1470 2857
2857 730 1470
1924 232 2179
232 1924 2179
2179 232 1924
306 693 2315
693 306 2315
2315 306 693
1525 40 988
988 40 1525
40 988 1525
2167 254 2078
2078 254 2167
254 2078 2167
2560 2658 2987
2987 2560 2658
2658 2560 2987
2783 934 1481
1481 934 2783
934 1481 2783
2593 97 2156
97 2156 2593
2156 97 2593
2431 1350 1498
1350 1498 2431
1498 1350 2431
2752 22 2087
2087 22 2752
22 2087 2752
2249 2579 2844
2844 2249 2579
2579 2249 2844
991 56 2043
2043 56 991
56 991 2043
1388 534 1669
1669 534 1388
534 1388 1669
2214 452 2524
452 2214 2524
2524 452 2214
1234 2359 2973
2973 1234 2359
2359 1234 2973
1090 127 2776
2776 127 1090
127 1090 2776
1003 2390 2657
2657 1003 2390
2390 1003 2657
532 390 1314
1314 390 532
390 532 1314
1675 342 2461
2461 342 1675
342 1675 2461
974 272 2695
272 974 2695
2695 272 974
1576 121 2952
2952 121 1576
121 1576 2952
1906 888 2161
2161 888 1906
888 1906 2161
869 2741 2959
2959 869 2741
2741 869 2959
234 341 2699
341 234 2699
2699 234 341
1058 1624 2879
1624 1058 2879
2879 1058 1624
2585 1143 1983
1983 1143 2585
1143 1983 2585
737 191 516
516 191 737
191 516 737
1683 1134 1200
1200 1134 1683
1134 1200 1683
2712 968 1006
1006 968 2712
968 1006 2712
1325 1998 2627
1998 1325 2627
2627 1325 1998
389 585 2026
585 389 2026
2026 389 585
912 34 2225
34 912 2225
2225 34 912
2499 1612 2916
2916 1612 2499
1612 2499 2916
2084 387 1822
1822 387 2084
387 1822 2084
248 952 999
952 248 999
999 248 952
1604 7 577
7 577 1604
577 7 1604
706 69 2074
2074 69 706
69 706 2074
2433 182 386
386 182 2433
182 386 2433
1153 1169 1650
1169 1153 1650
1650 1153 1169
1027 287 2550
287 1027 2550
2550 287 1027
1850 1081 1581
1081 1581 1850
1581 1081 1850
380 2578 2972
2578 380 2972
2972 380 2578
2422 65 584
65 584 2422
584 65 2422
1164 1938 2035
2035 1164 1938
1938 1164 2035
1854 1054 1567
1567 1054 1854
1054 1567 1854
2168 140 1512
1512 140 2168
140 1512 2168
1820 448 2357
2357 448 1820
448 1820 2357
2918 1515 2053
2053 1515 2918
1515 2053 2918
2953 2090 2279
2090 2279 2953
2279 2090 2953
299 627 1191
627 299 1191
1191 299 627
1860 276 1379
276 1379 1860
1379 276 1860
1176 1638 2925
1638 1176 2925
2925 1176 1638
1102 1354 2743
1354 1102 2743
2743 1102 1354
2617 699 2941
699 2617 2941
2941 699 2617
933 1243 2835
1243 933 2835
2835 933 1243
18 642 959
959 18 642
642 18 959
2457 2616 2858
2858 2457 2616
2616 2457 2858
2804 137 2978
2978 137 2804
137 2804 2978
2145 176 1220
1220 176 2145
176 1220 2145
587 1128 2521
2521 587 1128
1128 587 2521
187 1337 1623
1623 187 1337
1337 187 1623
1903 1778 2077
2077 1778 1903
1778 1903 2077
2880 967 1912
967 1912 2880
1912 967 2880
645 1652 2558
2558 645 1652
1652 645 2558
881 2443 2460
2443 881 2460
2460 881 2443
2887 2854 2934
2854 2887 2934
2934 2854 2887
24 1217 2971
2971 24 1217
1217 24 2971
2548 893 2707
2707 893 2548
893 2548 2707
2432 2309 2661
2661 2309 2432
2309 2432 2661
2172 132 633
633 132 2172
132 633 2172
2122 842 1123
1123 842 2122
842 1123 2122
1387 1511 1802
1802 1387 1511
1511 1387 1802
2813 1104 2654
2654 1104 2813
1104 2654 2813
2396 91 936
91 936 2396
936 91 2396
2990 450 1024
450 1024 2990
1024 450 2990
345 583 2547
2547 345 583
583 345 2547
1927 1375 2006
1375 1927 2006
2006 1375 1927
1879 1891 2335
2335 1879 1891
1891 1879 2335
904 1373 1836
1836 904 1373
1373 904 1836
1905 739 2040
739 1905 2040
2040 739 1905
1025 1973 2481
1973 1025 2481
2481 1025 1973
2127 1563 2512
2512 1563 2127
1563 2127 2512
1283 9 2566
9 1283 2566
2566 9 1283
1913 1202 2340
2340 1202 1913
1202 1913 2340
167 59 2446
2446 59 167
59 167 2446
1659 1051 1367
1367 1051 1659
1051 1367 1659
2944 1598 1971
1598 1971 2944
1971 1598 2944
1137 707 853
853 707 1137
707 853 1137
231 1649 2970
1649 231 2970
2970 231 1649
2137 590 1158
1158 590 2137
590 1158 2137
1693 2647 2999
2999 1693 2647
2647 1693 2999
329 211 2273
211 329 2273
2273 211 329
985 1718 2891
1718 985 2891
2891 985 1718
2280 196 431
196 431 2280
431 196 2280
1030 446 1582
1582 446 1030
446 1030 1582
2912 2099 2777
2777 2099 2912
2099 2777 2912
1369 1709 2478
2478 1369 1709
1709 1369 2478
606 617 631
617 606 631
631 606 617
371 438 857
857 371 438
438 371 857
654 1843 2081
2081 654 1843
1843 654 2081
2963 88 2482
88 2482 2963
2482 88 2963
291 343 948
343 291 948
948 291 343
1066 219 545
219 545 1066
545 219 1066
2522 53 1444
1444 53 2522
53 1444 2522
2192 791 2883
791 2192 2883
2883 791 2192
1110 1986 2808
2808 1110 1986
1986 1110 2808
749 47 2371
2371 47 749
47 749 2371
1816 2125 2815
2125 1816 2815
2815 1816 2125
2213 298 1785
1785 298 2213
298 1785 2213
658 1322 2211
2211 658 1322
1322 658 2211
1895 769 1093
769 1093 1895
1093 769 1895
344 2343 2903
2903 344 2343
2343 344 2903
2573 489 2837
489 2573 2837
2837 489 2573
366 57 701
57 366 701
701 57 366
526 972 1042
972 526 1042
1042 526 972
594 170 204
204 170 594
170 204 594
522 1213 2306
1213 522 2306
2306 522 1213
210 131 1605
131 210 1605
1605 131 210
393 1291 2814
1291 393 2814
2814 393 1291
2583 99 2110
99 2110 2583
2110 99 2583
2504 549 1756
549 1756 2504
1756 549 2504
570 525 746
525 570 746
746 525 570
379 1549 1966
1549 379 1966
1966 379 1549
368 70 245
70 245 368
245 70 368
1552 889 1446
889 1446 1552
1446 889 1552
2082 1298 2898
2898 1298 2082
1298 2082 2898
2713 200 2920
2920 200 2713
200 2713 2920
370 3 2927
2927 3 370
3 370 2927
841 1407 2119
1407 841 2119
2119 841 1407
2926 1737 2877
1737 2877 2926
2877 1737 2926
224 178 1509
1509 178 224
178 224 1509
2252 1787 2014
2014 1787 2252
1787 2014 2252
2767 1007 2162
2162 1007 2767
1007 2162 2767
855 183 2936
2936 183 855
183 855 2936
2029 1991 2494
2494 1991 2029
1991 2029 2494
1040 1949 2240
2240 1040 1949
1949 1040 2240
752 1796 2469
2469 752 1796
1796 752 2469
1687 357 915
357 915 1687
915 357 1687
1771 123 460
460 123 1771
123 460 1771
1146 1284 1415
1284 1146 1415
1415 1146 1284
2597 1478 2352
1478 2352 2597
2352 1478 2597
997 2 1435
1435 2 997
2 997 1435
2757 147 2403
147 2403 2757
2403 147 2757
935 1775 2171
2171 935 1775
1775 935 2171
2788 499 768
499 768 2788
768 499 2788
2830 416 2779
416 2779 2830
2779 416 2830
1827 2076 2807
2076 1827 2807
2807 1827 2076
1992 468 1521
468 1521 1992
1521 468 1992
2828 1339 2282
2282 1339 2828
1339 2282 2828
2128 1668 2290
1668 2128 2290
2290 1668 2128
2350 982 1647
1647 982 2350
982 1647 2350
349 118 2073
118 349 2073
2073 118 349
1080 1179 2370
1179 1080 2370
2370 1080 1179
2231 264 861
861 264 2231
264 861 2231
647 2154 2562
2562 647 2154
2154 647 2562
2105 239 2424
239 2105 2424
2424 239 2105
514 1721 2818
1721 514 2818
2818 514 1721
1445 430 1443
1443 430 1445
430 1443 1445
1530 26 278
26 278 1530
278 26 1530
73 477 622
622 73 477
477 73 622
2518 1254 2501
2501 1254 2518
1254 2501 2518
2059 784 986
986 784 2059
784 986 2059
2732 1901 2672
1901 2672 2732
2672 1901 2732
2140 346 1075
1075 346 2140
346 1075 2140
1830 422 1744
422 1744 1830
1744 422 1830
2503 1138 2285
1138 2285 2503
2285 1138 2503
133 824 2183
824 133 2183
2183 133 824
2191 108 2753
2753 108 2191
108 2191 2753
809 980 1814
980 809 1814
1814 809 980
1474 1950 2381
2381 1474 1950
1950 1474 2381
2710 361 1862
1862 361 2710
361 1862 2710
1400 1120 2005
1120 1400 2005
2005 1120 1400
858 856 1870
856 858 1870
1870 856 858
2507 859 2985
859 2507 2985
2985 859 2507
2233 619 2746
619 2233 2746
2746 619 2233
155 2187 2613
2187 155 2613
2613 155 2187
1222 300 1057
300 1057 1222
1057 300 1222
51 1976 2033
1976 51 2033
2033 51 1976
1278 323 2208
323 1278 2208
2208 323 1278
725 1469 1767
1469 725 1767
1767 725 1469
1497 524 2016
524 1497 2016
2016 524 1497
122 528 1294
1294 122 528
528 122 1294
408 103 1413
103 408 1413
1413 103 408
1268 335 2453
335 1268 2453
2453 335 1268
351 2052 2365
2365 351 2052
2052 351 2365
482 547 1086
1086 482 547
547 482 1086
2489 1529 1746
1746 1529 2489
1529 1746 2489
1329 2142 2541
2142 1329 2541
2541 1329 2142
2380 1951 2148
1951 2148 2380
2148 1951 2380
319 503 1933
503 319 1933
1933 319 503
2230 2093 2913
2093 2230 2913
2913 2093 2230
897 1240 2317
1240 897 2317
2317 897 1240
998 1084 1346
1084 998 1346
1346 998 1084
1752 1010 2812
2812 1010 1752
1010 1752 2812
1545 1275 2868
2868 1275 1545
1275 1545 2868
98 1688 2417
2417 98 1688
1688 98 2417
2723 1826 2067
1826 2067 2723
2067 1826 2723
922 504 1304
504 922 1304
1304 504 922
2188 575 1710
1710 575 2188
575 1710 2188
2802 1825 2305
1825 2305 2802
2305 1825 2802
1732 2239 2456
2456 1732 2239
2239 1732 2456
257 750 1394
750 257 1394
1394 257 750
383 1044 2737
2737 383 1044
1044 383 2737
2555 956 1224
956 1224 2555
1224 956 2555
1741 267 2621
2621 267 1741
267 1741 2621
1216 848 1345
848 1216 1345
1345 848 1216
2600 28 268
268 28 2600
28 268 2600
2907 263 1193
1193 263 2907
263 1193 2907
1640 334 2520
2520 334 1640
334 1640 2520
2619 1622 2375
1622 2375 2619
2375 1622 2619
2407 2170 2292
2170 2292 2407
2292 2170 2407
1475 107 572
107 572 1475
572 107 1475
1490 1479 1596
1479 1490 1596
1596 1479 1490
1527 1628 2852
2852 1527 1628
1628 1527 2852
2674 1745 1794
1794 1745 2674
1745 1794 2674
8 1458 1667
1667 8 1458
1458 8 1667
1941 146 834
834 146 1941
146 834 1941
850 117 2034
117 850 2034
2034 117 850
2189 1824 2130
1824 2130 2189
2130 1824 2189
1790 1429 2584
2584 1429 1790
1429 1790 2584
1165 10 1501
10 1165 1501
1501 10 1165
910 770 2693
770 910 2693
2693 770 910
1828 962 1270
1270 962 1828
962 1270 1828
529 942 2454
2454 529 942
942 529 2454
279 1026 2450
2450 279 1026
1026 279 2450
1664 338 1300
338 1300 1664
1300 338 1664
2881 552 1409
1409 552 2881
552 1409 2881
242 757 2803
757 242 2803
2803 242 757
2277 2475 2731
2475 2277 2731
2731 2277 2475
586 1839 2551
2551 586 1839
1839 586 2551
1132 1097 2574
2574 1097 1132
1097 1132 2574
1020 83 1022
83 1020 1022
1022 83 1020
792 714 1133
714 792 1133
1133 714 792
2419 1370 1835
1835 1370 2419
1370 1835 2419
2217 2269 2310
2269 2217 2310
2310 2217 2269
2588 1833 2542
2542 1833 2588
1833 2542 2588
400 1680 1704
1704 400 1680
1680 400 1704
2508 217 2609
2609 217 2508
217 2508 2609
2314 1551 1637
1637 1551 2314
1551 1637 2314
1082 237 1636
237 1082 1636
1636 237 1082
2411 5 1432
1432 5 2411
5 1432 2411
1978 1546 2398
1546 1978 2398
2398 1546 1978
1065 1262 1759
1262 1065 1759
1759 1065 1262
2526 896 1568
1568 896 2526
896 1568 2526
1142 1660 2266
1660 1142 2266
2266 1142 1660
451 883 1198
1198 451 883
883 451 1198
1023 261 2876
2876 261 1023
261 1023 2876
814 868 2829
2829 814 868
868 814 2829
816 190 2000
190 816 2000
2000 190 816
1788 1163 1635
1163 1635 1788
1635 1163 1788
1233 1467 1485
1485 1233 1467
1467 1233 1485
2031 61 926
926 61 2031
61 926 2031
2510 476 2649
476 2510 2649
2649 476 2510
364 626 2406
2406 364 626
626 364 2406
2514 957 2821
2821 957 2514
957 2514 2821
2083 454 2577
2577 454 2083
454 2083 2577
554 105 878
105 554 878
878 105 554
1309 835 1977
1977 835 1309
835 1309 1977
2540 1644 1656
1656 1644 2540
1644 1656 2540
846 1184 1326
1326 846 1184
1184 846 1326
1008 2032 2625
2625 1008 2032
2032 1008 2625
2859 862 1071
862 1071 2859
1071 862 2859
2544 194 1344
1344 194 2544
194 1344 2544
731 760 1150
760 731 1150
1150 731 760
1029 216 875
216 875 1029
875 216 1029
2244 471 2011
471 2011 2244
2011 471 2244
199 817 2136
817 199 2136
2136 199 817
1808 775 961
775 961 1808
961 775 1808
2989 397 1940
1940 397 2989
397 1940 2989
2784 905 1819
1819 905 2784
905 1819 2784
2088 447 2771
447 2088 2771
2771 447 2088
818 1428 2832
2832 818 1428
1428 818 2832
509 2715 2787
2787 509 2715
2715 509 2787
110 58 1378
1378 58 110
58 110 1378
2384 205 2376
205 2376 2384
2376 205 2384
1770 2303 2874
2303 1770 2874
2874 1770 2303
973 990 2793
2793 973 990
990 973 2793
2215 1776 2800
2800 1776 2215
1776 2215 2800
2664 1063 1856
1063 1856 2664
1856 1063 2664
1136 1436 2789
1436 1136 2789
2789 1136 1436
1729 677 2826
677 1729 2826
2826 677 1729
2686 256 2603
256 2603 2686
2603 256 2686
521 362 2109
2109 362 521
362 521 2109
2274 179 1447
179 1447 2274
1447 179 2274
1333 1556 1811
1811 1333 1556
1556 1333 1811
2921 1868 2502
1868 2502 2921
2502 1868 2921
1713 1936 2684
2684 1713 1936
1936 1713 2684
1818 1571 2374
2374 1571 1818
1571 1818 2374
1301 27 2866
27 1301 2866
2866 27 1301
2222 1784 2939
1784 2222 2939
2939 1784 2222
21 1956 2516
1956 21 2516
2516 21 1956
1708 880 2263
2263 880 1708
880 1708 2263
1406 44 1289
1289 44 1406
44 1289 1406
781 702 1282
702 781 1282
1282 702 781
355 1542 2653
2653 355 1542
1542 355 2653
1639 1739 2643
1739 1639 2643
2643 1639 1739
630 12 2097
2097 12 630
12 630 2097
2472 2827 2842
2827 2472 2842
2842 2472 2827
1141 55 2069
55 1141 2069
2069 55 1141
2587 963 1858
1858 963 2587
963 1858 2587
832 874 1206
1206 832 874
874 832 1206
461 1846 2848
2848 461 1846
1846 461 2848
1083 2037 2416
2416 1083 2037
2037 1083 2416
2554 1034 2825
2825 1034 2554
1034 2554 2825
111 1366 2298
1366 111 2298
2298 111 1366
2066 180 457
457 180 2066
180 457 2066
1477 1347 2166
2166 1347 1477
1347 1477 2166
1448 1602 1945
1945 1448 1602
1602 1448 1945
992 885 913
913 885 992
885 913 992
2786 1929 2113
2113 1929 2786
1929 2113 2786
2889 1396 2632
2632 1396 2889
1396 2632 2889
2618 2262 2302
2302 2262 2618
2262 2302 2618
1616 876 1809
1809 876 1616
876 1616 1809
851 1348 2268
2268 851 1348
1348 851 2268
1719 1416 2227
2227 1416 1719
1416 1719 2227
2736 1062 1911
1062 1911 2736
1911 1062 2736
548 1056 2982
1056 548 2982
2982 548 1056
2810 825 871
825 871 2810
871 825 2810
2257 1185 2064
1185 2064 2257
2064 1185 2257
1115 1614 2929
1614 1115 2929
2929 1115 1614
1570 2404 2720
2404 1570 2720
2720 1570 2404
983 1371 2751
1371 983 2751
2751 983 1371
1076 1847 2838
2838 1076 1847
1847 1076 2838
1045 643 2300
2300 643 1045
643 1045 2300
1239 283 2595
283 1239 2595
2595 283 1239
774 1948 2120
2120 774 1948
1948 774 2120
1812 1041 1727
1727 1041 1812
1041 1727 1812
1606 811 1749
1749 811 1606
811 1606 1749
969 290 1311
290 969 1311
1311 290 969
939 1060 1641
1641 939 1060
1060 939 1641
1899 944 958
944 958 1899
958 944 1899
437 1736 2313
1736 437 2313
2313 437 1736
726 708 1914
1914 708 726
708 726 1914
2133 1519 2356
1519 2133 2356
2356 1519 2133
2115 324 1510
324 1510 2115
1510 324 2115
2199 634 1231
634 1231 2199
1231 634 2199
728 1754 2605
1754 728 2605
2605 728 1754
1831 1487 2041
2041 1487 1831
1487 1831 2041
1236 1722 2724
1722 1236 2724
2724 1236 1722
837 481 892
892 481 837
481 837 892
2716 315 1068
315 1068 2716
1068 315 2716
1575 1881 2523
1881 1575 2523
2523 1575 1881
2165 288 2917
288 2165 2917
2917 288 2165
208 872 2111
2111 208 872
872 208 2111
2942 1753 2639
2639 1753 2942
1753 2639 2942
1536 578 2264
578 1536 2264
2264 578 1536
1946 515 2949
2949 515 1946
515 1946 2949
125 582 1449
1449 125 582
582 125 1449
1215 1763 2759
2759 1215 1763
1763 1215 2759
1748 916 2382
916 1748 2382
2382 916 1748
2565 84 2295
84 2295 2565
2295 84 2565
441 744 2495
2495 441 744
744 441 2495
1342 1440 2364
2364 1342 1440
1440 1342 2364
2123 2261 2415
2415 2123 2261
2261 2123 2415
901 1807 1935
1935 901 1807
1807 901 1935
1922 1199 2423
1199 1922 2423
2423 1199 1922
2002 2293 2955
2955 2002 2293
2293 2002 2955
2993 511 1072
1072 511 2993
511 1072 2993
863 1762 2322
1762 863 2322
2322 863 1762
1053 565 2108
565 1053 2108
2108 565 1053
2533 592 929
592 929 2533
929 592 2533
2345 295 1573
1573 295 2345
295 1573 2345
327 745 1414
1414 327 745
745 327 1414
2614 2445 2447
2445 2447 2614
2447 2445 2614
1792 193 2383
193 1792 2383
2383 193 1792
2112 925 2768
925 2112 2768
2768 925 2112
1265 1077 1505
1077 1265 1505
1505 1077 1265
608 1538 2094
2094 608 1538
1538 608 2094
2855 2492 2860
2492 2855 2860
2860 2492 2855
2045 1404 2610
1404 2045 2610
2610 1404 2045
1395 661 2772
661 1395 2772
2772 661 1395
698 2728 2984
2728 698 2984
2984 698 2728
740 1 625
1 625 740
625 1 740
1996 1617 2679
2679 1617 1996
1617 1996 2679
542 165 2071
165 542 2071
2071 165 542
1368 755 2307
2307 755 1368
755 1368 2307
1537 1316 1910
1316 1537 1910
1910 1316 1537
2727 1696 1869
1869 1696 2727
1696 1869 2727
402 2057 2333
2057 402 2333
2333 402 2057
1646 284 678
284 678 1646
678 284 1646
281 1774 2633
2633 281 1774
1774 281 2633
665 1069 2022
2022 665 1069
1069 665 2022
2483 310 2451
2451 310 2483
310 2451 2483
971 865 2870
2870 865 971
865 971 2870
101 1476 2012
2012 101 1476
1476 101 2012
2265 828 1801
828 1801 2265
1801 828 2265
2477 395 900
395 900 2477
900 395 2477
1237 1306 2865
1306 1237 2865
2865 1237 1306
1918 1392 2311
1392 1918 2311
2311 1392 1918
2569 463 2061
2061 463 2569
463 2061 2569
2805 1585 2216
1585 2216 2805
2216 1585 2805
1494 1875 2169
2169 1494 1875
1875 1494 2169
1651 1248 2176
1248 1651 2176
2176 1248 1651
419 115 2218
2218 115 419
115 419 2218
2673 537 1295
1295 537 2673
537 1295 2673
1036 580 1699
1699 580 1036
580 1036 1699
667 517 1698
517 667 1698
1698 517 667
169 772 1761
1761 169 772
772 169 1761
1496 228 911
228 911 1496
911 228 1496
270 735 2095
2095 270 735
735 270 2095
2612 19 639
19 639 2612
639 19 2612
1504 96 2645
96 1504 2645
2645 96 1504
2491 844 2856
2856 844 2491
844 2491 2856
244 35 1823
35 244 1823
1823 35 244
1092 358 2869
2869 358 1092
358 1092 2869
479 277 2696
277 479 2696
2696 277 479
1111 778 1630
1630 778 1111
778 1111 1630
1279 2537 2932
2932 1279 2537
2537 1279 2932
1815 540 2606
2606 540 1815
540 1815 2606
251 16 1961
16 251 1961
1961 16 251
1735 1175 1430
1175 1430 1735
1430 1175 1735
1088 780 1307
1307 780 1088
780 1088 1307
1472 2739 2986
2739 1472 2986
2986 1472 2739
1584 6 2943
6 1584 2943
2943 6 1584
2875 820 977
820 977 2875
977 820 2875
2622 1017 1459
1017 1459 2622
1459 1017 2622
252 1124 2770
1124 252 2770
2770 252 1124
2141 556 2983
556 2141 2983
2983 556 2141
1011 1583 1781
1583 1011 1781
1781 1011 1583
2598 675 2473
2473 675 2598
675 2473 2598
2232 2471 2884
2884 2232 2471
2471 2232 2884
2922 1223 2134
1223 2134 2922
2134 1223 2922
2669 1116 1897
1116 1897 2669
1897 1116 2669
1121 435 788
788 435 1121
435 788 1121
819 1695 1883
1883 819 1695
1695 819 1883
533 138 2997
138 533 2997
2997 138 533
2582 899 1517
1517 899 2582
899 1517 2582
2668 120 495
495 120 2668
120 495 2668
1139 1842 1953
1953 1139 1842
1842 1139 1953
2144 951 1219
951 1219 2144
1219 951 2144
2379 1064 2174
2174 1064 2379
1064 2174 2379
1297 1486 1837
1486 1297 1837
1837 1297 1486
1964 741 2834
741 1964 2834
2834 741 1964
2459 1131 2694
1131 2459 2694
2694 1131 2459
1149 1426 1599
1426 1149 1599
1599 1149 1426
1662 49 1050
1050 49 1662
49 1050 1662
579 510 2648
2648 510 579
510 579 2648
2368 467 2705
2705 467 2368
467 2368 2705
1615 2024 2599
2599 1615 2024
2024 1615 2599
2960 488 2329
2329 488 2960
488 2329 2960
635 553 2326
553 635 2326
2326 553 635
2181 2195 2961
2961 2181 2195
2195 2181 2961
398 854 2841
2841 398 854
854 398 2841
2797 1990 2463
2463 1990 2797
1990 2463 2797
1286 1383 1960
1960 1286 1383
1383 1286 1960
805 126 1257
1257 126 805
126 805 1257
1954 831 2811
2811 831 1954
831 1954 2811
2688 181 530
530 181 2688
181 530 2688
1909 492 507
507 492 1909
492 507 1909
2207 964 2452
964 2207 2452
2452 964 2207
649 223 2607
2607 223 649
223 649 2607
506 1018 1934
1018 506 1934
1934 506 1018
812 309 469
469 309 812
309 469 812
2904 1461 1677
1461 1677 2904
1677 1461 2904
149 41 2372
41 149 2372
2372 41 149
14 207 1303
207 14 1303
1303 14 207
2124 930 1603
1603 930 2124
930 1603 2124
1464 1085 1965
1085 1464 1965
1965 1085 1464
2998 160 2780
160 2780 2998
2780 160 2998
1925 903 2206
903 1925 2206
2206 903 1925
1264 840 1782
1782 840 1264
840 1264 1782
902 1417 2656
1417 902 2656
2656 902 1417
1541 695 2304
2304 695 1541
695 1541 2304
2689 1947 2636
2636 1947 2689
1947 2636 2689
2604 1101 2321
1101 2321 2604
2321 1101 2604
2135 1560 2075
2075 1560 2135
1560 2075 2135
1349 1067 2294
1067 1349 2294
2294 1067 1349
1531 303 1887
1887 303 1531
303 1531 1887
2197 378 2486
378 2197 2486
2486 378 2197
1904 30 1256
30 1256 1904
1256 30 1904
2792 779 2146
2146 779 2792
779 2146 2792
493 1420 2867
2867 493 1420
1420 493 2867
2775 2425 2843
2843 2425 2775
2425 2775 2843
1535 776 1189
1189 776 1535
776 1189 1535
2098 54 68
54 68 2098
68 54 2098
1168 1916 2096
2096 1168 1916
1916 1168 2096
2909 259 1633
259 1633 2909
1633 259 2909
156 1805 2726
2726 156 1805
1805 156 2726
1540 500 689
689 500 1540
500 689 1540
2882 1148 1263
1263 1148 2882
1148 1263 2882
2224 732 1797
732 1797 2224
1797 732 2224
316 63 2749
2749 63 316
63 316 2749
671 1422 2163
2163 671 1422
1422 671 2163
2839 2864 2895
2895 2839 2864
2864 2839 2895
1431 2177 2270
2177 1431 2270
2270 1431 2177
2905 145 2976
145 2905 2976
2976 145 2905
2490 491 1360
1360 491 2490
491 1360 2490
2149 797 2485
797 2149 2485
2485 797 2149
1235 236 2436
2436 236 1235
236 1235 2436
2817 538 829
538 829 2817
829 538 2817
2678 1601 1834
1601 1834 2678
1834 1601 2678
2906 275 1357
275 1357 2906
1357 275 2906
1532 1028 2538
1028 1532 2538
2538 1028 1532
1751 975 2965
2965 975 1751
975 1751 2965
1177 94 711
711 94 1177
94 711 1177
1397 1884 1969
1969 1397 1884
1884 1397 1969
172 531 2525
531 172 2525
2525 172 531
827 2530 2638
2530 827 2638
2638 827 2530
1140 2328 2719
2328 1140 2719
2719 1140 2328
2349 209 2063
209 2063 2349
2063 209 2349
603 1315 1412
1315 603 1412
1412 603 1315
429 1073 1227
1227 429 1073
1073 429 1227
483 1340 2806
1340 483 2806
2806 483 1340
2272 932 2286
932 2272 2286
2286 932 2272
2242 2408 2740
2408 2242 2740
2740 2242 2408
2013 1070 1327
1070 1327 2013
1327 1070 2013
313 168 405
405 168 313
168 313 405
2497 158 2223
158 2223 2497
2223 158 2497
2126 610 2546
2546 610 2126
610 2126 2546
1889 1424 2185
1424 1889 2185
2185 1424 1889
1982 1518 1915
1518 1915 1982
1915 1518 1982
680 782 2760
782 680 2760
2760 680 782
981 2030 2557
2030 981 2557
2557 981 2030
2945 1095 2747
2747 1095 2945
1095 2747 2945
404 520 2890
2890 404 520
520 404 2890
2434 86 1609
86 1609 2434
1609 86 2434
2496 399 569
399 569 2496
569 399 2496
1997 1841 2801
2801 1841 1997
1841 1997 2801
2846 130 1204
1204 130 2846
130 1204 2846
600 375 616
375 600 616
616 375 600
2465 1750 2085
2085 1750 2465
1750 2085 2465
653 1099 1157
1157 653 1099
1099 653 1157
1208 1114 2893
1114 1208 2893
2893 1114 1208
1015 1700 2981
2981 1015 1700
1700 1015 2981
672 1330 2615
1330 672 2615
2615 672 1330
235 692 2700
692 235 2700
2700 235 692
2567 686 2933
2933 686 2567
686 2567 2933
2711 15 1190
15 1190 2711
1190 15 2711
2885 1569 2007
1569 2007 2885
2007 1569 2885
803 1608 2388
1608 803 2388
2388 803 1608
498 2228 2509
2228 498 2509
2509 498 2228
241 877 2816
2816 241 877
877 241 2816
260 406 2568
2568 260 406
406 260 2568
1156 255 660
255 660 1156
660 255 1156
1399 360 1242
1242 360 1399
360 1242 1399
1689 2194 2320
2194 1689 2320
2320 1689 2194
1832 2042 2175
2042 1832 2175
2175 1832 2042
2769 596 2418
596 2418 2769
2418 596 2769
753 1059 1987
1059 753 1987
1987 753 1059
1907 465 1795
1795 465 1907
465 1795 1907
1588 173 1317
1317 173 1588
173 1317 1588
409 369 2791
369 409 2791
2791 369 409
243 80 1403
80 243 1403
1403 80 243
795 1587 2254
2254 795 1587
1587 795 2254
2765 484 2833
484 2765 2833
2833 484 2765
1119 1902 2493
2493 1119 1902
1902 1119 2493
2409 604 2580
2580 604 2409
604 2409 2580
2863 1810 2429
1810 2429 2863
2429 1810 2863
1867 1245 2894
1245 1867 2894
2894 1245 1867
704 659 2410
659 704 2410
2410 659 704
2327 1211 1225
1225 1211 2327
1211 1225 2327
1276 2256 2729
2729 1276 2256
2256 1276 2729
90 2117 2681
2681 90 2117
2117 90 2681
331 2670 2758
2670 331 2758
2758 331 2670
353 142 636
142 353 636
636 142 353
385 574 2010
2010 385 574
574 385 2010
1196 85 1450
85 1196 1450
1450 85 1196
1125 2367 2377
2367 1125 2377
2377 1125 2367
326 401 989
401 326 989
989 326 401
2517 294 1979
1979 294 2517
294 1979 2517
1772 738 2259
738 1772 2259
2259 738 1772
1777 646 2038
646 1777 2038
2038 646 1777
1108 1499 1857
1857 1108 1499
1499 1108 1857
1380 978 2366
978 1380 2366
2366 978 1380
2701 134 879
134 879 2701
879 134 2701
640 1962 2299
2299 640 1962
1962 640 2299
894 2193 2387
2193 894 2387
2387 894 2193
1267 262 1154
262 1154 1267
1154 262 1267
734 124 139
124 139 734
139 124 734
979 148 527
148 527 979
527 148 979
593 418 2389
2389 418 593
418 593 2389
314 78 332
332 78 314
78 314 332
1755 546 1055
1055 546 1755
546 1055 1755
849 129 325
325 129 849
129 325 849
394 13 589
13 394 589
589 13 394
541 296 2237
296 541 2237
2237 296 541
1091 839 2068
839 1091 2068
2068 839 1091
301 1046 1214
1046 301 1214
1214 301 1046
229 87 1411
1411 87 229
87 229 1411
2611 1192 1629
1629 1192 2611
1192 1629 2611
2243 638 1586
638 1586 2243
1586 638 2243
1634 884 2348
884 1634 2348
2348 884 1634
1526 433 1764
1764 433 1526
433 1526 1764
1272 518 2623
518 1272 2623
2623 518 1272
1706 302 1491
1491 302 1706
302 1491 1706
796 475 2744
2744 475 796
475 796 2744
1287 512 1524
1524 512 1287
512 1287 1524
1014 609 2430
609 1014 2430
2430 609 1014
2730 722 2101
722 2101 2730
2101 722 2730
2886 43 359
43 359 2886
359 43 2886
1500 1343 2500
1343 1500 2500
2500 1343 1500
289 736 2221
736 289 2221
2221 289 736
1661 330 2346
330 1661 2346
2346 330 1661
1353 655 1740
1740 655 1353
655 1353 1740
2794 1207 1338
1338 1207 2794
1207 1338 2794
2819 192 2635
192 2635 2819
2635 192 2819
1684 470 2360
470 1684 2360
2360 470 1684
1900 440 2438
440 1900 2438
2438 440 1900
751 1861 2824
1861 751 2824
2824 751 1861
2334 1203 1999
1203 1999 2334
1999 1203 2334
601 720 1364
720 601 1364
1364 601 720
2948 1703 2027
1703 2027 2948
2027 1703 2948
1726 882 2118
882 1726 2118
2118 882 1726
472 312 1463
312 472 1463
1463 312 472
2255 198 354
198 354 2255
354 198 2255
2532 1000 2251
1000 2251 2532
2251 1000 2532
2637 1779 2484
1779 2484 2637
2484 1779 2637
2455 106 2449
2449 106 2455
106 2449 2455
2139 1733 2734
2734 1733 2139
1733 2139 2734
1516 890 1593
1593 890 1516
890 1516 1593
1717 729 1013
1013 729 1717
729 1013 1717
628 1266 2690
2690 628 1266
1266 628 2690
46 694 2809
2809 46 694
694 46 2809
1747 566 1865
1865 566 1747
566 1747 1865
1864 222 1872
222 1864 1872
1872 222 1864
2601 1539 2151
1539 2151 2601
2151 1539 2601
1182 424 2386
2386 424 1182
424 1182 2386
2048 650 2845
2845 650 2048
650 2048 2845
1845 1187 2899
1187 1845 2899
2899 1187 1845
474 453 2995
453 474 2995
2995 453 474
162 425 2721
425 162 2721
2721 162 425
611 1005 2201
2201 611 1005
1005 611 2201
2677 141 644
644 141 2677
141 644 2677
1937 1800 2253
2253 1800 1937
1800 1937 2253
2044 412 1437
412 1437 2044
1437 412 2044
1926 246 494
494 246 1926
246 494 1926
1863 1087 2476
2476 1087 1863
1087 1863 2476
2363 104 1052
1052 104 2363
104 1052 2363
1363 684 887
887 684 1363
684 887 1363
688 1665 2996
2996 688 1665
1665 688 2996
1259 581 1351
1351 581 1259
581 1259 1351
620 426 656
656 426 620
426 620 656
718 953 1130
1130 718 953
953 718 1130
505 102 1989
102 505 1989
1989 102 505
2426 652 1952
652 1952 2426
1952 652 2426
1514 2873 2911
2911 1514 2873
2873 1514 2911
112 428 2641
2641 112 428
428 112 2641
1341 1174 2015
2015 1174 1341
1174 1341 2015
2718 427 2969
427 2718 2969
2969 427 2718
804 1374 2951
1374 804 2951
2951 804 1374
1328 2260 2596
2596 1328 2260
2260 1328 2596
2717 690 2050
2050 690 2717
690 2050 2717
607 456 539
539 456 607
456 539 607
1555 2245 2552
2245 1555 2552
2552 1555 2245
490 2549 2975
2975 490 2549
2549 490 2975
52 909 1565
909 52 1565
1565 52 909
1096 965 2055
965 1096 2055
2055 965 1096
1844 305 502
502 305 1844
305 502 1844
712 1942 2047
1942 712 2047
2047 712 1942
1866 1686 2046
