254 229 278
229 254 278
278 229 254
166 150 234
234 150 166
150 166 234
15 25 173
25 15 173
173 15 25
277 195 266
266 195 277
195 266 277
262 29 205
29 205 262
205 29 262
288 148 233
148 233 288
233 148 288
188 81 168
81 168 188
168 81 188
257 69 290
290 69 257
69 257 290
283 23 77
77 23 283
23 77 283
265 162 250
250 162 265
162 250 265
225 171 279
279 171 225
171 225 279
256 52 244
52 244 256
244 52 256
146 123 180
123 146 180
180 123 146
271 100 214
214 100 271
100 214 271
213 20 220
220 20 213
20 213 220
299 11 12
11 12 299
12 11 299
186 79 183
183 79 186
79 183 186
287 216 236
216 236 287
236 216 287
99 7 291
7 99 291
291 7 99
215 160 207
207 160 215
160 207 215
253 40 90
90 40 253
40 90 253
53 55 199
55 53 199
199 53 55
285 128 206
128 206 285
206 128 285
49 64 202
64 49 202
202 49 64
258 187 264
187 258 264
264 187 258
107 181 227
181 107 227
227 107 181
211 268 289
268 211 289
289 211 268
113 155 161
155 113 161
161 113 155
119 83 298
83 119 298
298 83 119
153 32 60
60 32 153
32 60 153
97 62 247
62 97 247
247 62 97
96 24 182
24 96 182
182 24 96
106 14 228
228 14 106
14 106 228
248 28 196
28 196 248
196 28 248
267 87 190
190 87 267
87 190 267
103 72 133
133 72 103
72 103 133
274 4 178
178 4 274
4 178 274
156 48 130
48 130 156
130 48 156
56 110 208
110 56 208
208 56 110
170 5 6
6 5 170
5 6 170
35 89 209
209 35 89
89 35 209
132 167 212
212 132 167
167 132 212
135 50 78
50 78 135
78 50 135
280 145 164
164 145 280
145 164 280
67 88 149
88 67 149
149 67 88
134 114 263
263 114 134
114 134 263
22 189 222
189 22 222
222 22 189
109 139 284
139 109 284
284 109 139
51 120 194
194 51 120
120 51 194
73 102 231
231 73 102
102 73 231
131 85 93
85 93 131
93 85 131
115 169 297
169 115 297
297 115 169
151 241 296
296 151 241
241 151 296
137 8 44
8 44 137
44 8 137
70 80 226
226 70 80
80 70 226
293 193 240
193 240 293
240 193 293
129 138 286
138 129 286
286 129 138
191 105 159
159 105 191
105 159 191
108 141 152
152 108 141
141 108 152
300 118 125
125 118 300
118 125 300
42 217 242
217 42 242
242 42 217
223 224 292
224 223 292
292 223 224
158 34 239
239 34 158
34 158 239
259 74 84
84 74 259
74 84 259
31 121 237
237 31 121
121 31 237
82 98 197
98 82 197
197 82 98
66 47 117
47 66 117
117 47 66
19 86 157
157 19 86
86 19 157
176 16 184
16 176 184
184 16 176
174 165 204
165 174 204
204 165 174
261 179 269
179 261 269
269 179 261
38 54 144
54 38 144
144 38 54
122 37 172
172 37 122
37 122 172
3 127 252
252 3 127
127 3 252
218 92 104
104 92 218
92 104 218
203 57 75
75 57 203
57 75 203
41 26 112
112 26 41
26 41 112
140 58 243
243 58 140
58 140 243
270 46 272
46 270 272
272 46 270
238 43 210
43 210 238
210 43 238
294 143 230
230 143 294
143 230 294
201 126 249
249 126 201
126 201 249
9 116 246
116 9 246
246 9 116
71 101 124
101 71 124
124 71 101
177 142 163
163 142 177
142 163 177
147 13 95
95 13 147
13 95 147
136 59 175
175 59 136
59 136 175
221 65 276
65 221 276
276 65 221
18 76 154
154 18 76
76 18 154
39 1 63
1 39 63
63 1 39
61 30 192
192 30 61
30 61 192
2 36 219
219 2 36
36 2 219
27 111 251
251 27 111
111 27 251
94 17 200
200 17 94
17 94 200
10 273 281
281 10 273
273 10 281
33 245 260
260 33 245
245 33 260
185 21 295
295 21 185
21 185 295
68 275 282
282 68 275
275 68 282
91 45 255
255 45 91
45 91 255
198 232 235
235 198 232
232 198 235
