13603 26529 28514
26529 13603 28514
28514 13603 26529
1388 4106 21065
21065 1388 4106
4106 1388 21065
19442 3421 22518
22518 3421 19442
3421 19442 22518
24004 2355 29488
2355 24004 29488
29488 2355 24004
223 19002 26098
26098 223 19002
19002 223 26098
1268 22447 24204
22447 1268 24204
24204 1268 22447
28712 15912 26876
26876 15912 28712
15912 26876 28712
13205 18792 22778
18792 13205 22778
22778 13205 18792
18026 6108 14923
14923 6108 18026
6108 14923 18026
29373 952 27866
27866 952 29373
952 27866 29373
4612 13622 20831
20831 4612 13622
13622 4612 20831
26706 7340 8832
8832 7340 26706
7340 8832 26706
20691 64 24143
64 20691 24143
24143 64 20691
15751 17909 26938
26938 15751 17909
17909 15751 26938
22951 17738 29434
17738 22951 29434
29434 17738 22951
5900 15446 28425
15446 5900 28425
28425 5900 15446
8857 3737 19898
19898 3737 8857
3737 8857 19898
12414 4184 16531
4184 12414 16531
16531 4184 12414
4075 17843 21350
17843 4075 21350
21350 4075 17843
23212 11675 23697
11675 23212 23697
23697 11675 23212
6310 20141 25939
20141 6310 25939
25939 6310 20141
17316 2779 5566
2779 5566 17316
5566 2779 17316
9086 17733 23905
17733 9086 23905
23905 9086 17733
550 10415 22873
22873 550 10415
10415 550 22873
12361 12307 17234
17234 12307 12361
12307 12361 17234
22709 157 17863
157 17863 22709
17863 157 22709
24049 19017 26955
26955 19017 24049
19017 24049 26955
26417 21790 27178
21790 26417 27178
27178 21790 26417
13033 4758 6303
6303 4758 13033
4758 6303 13033
21306 10137 29804
29804 10137 21306
10137 21306 29804
2397 15876 17982
15876 2397 17982
17982 2397 15876
23838 14833 22383
14833 22383 23838
22383 14833 23838
21836 12195 17158
12195 17158 21836
17158 12195 21836
10054 16029 27681
16029 10054 27681
27681 10054 16029
11690 6990 20828
6990 11690 20828
20828 6990 11690
7067 1955 4708
4708 1955 7067
1955 4708 7067
10480 11782 29199
29199 10480 11782
11782 10480 29199
7402 8788 13321
8788 7402 13321
13321 7402 8788
351 8305 29599
29599 351 8305
8305 351 29599
1405 10312 18487
18487 1405 10312
10312 1405 18487
6246 3934 6733
6733 3934 6246
3934 6246 6733
3793 9734 26012
26012 3793 9734
9734 3793 26012
9237 4284 25457
4284 9237 25457
25457 4284 9237
2096 6158 18349
18349 2096 6158
6158 2096 18349
168 21557 24306
21557 168 24306
24306 168 21557
29998 10579 13865
10579 13865 29998
13865 10579 29998
26438 1884 23779
23779 1884 26438
1884 23779 26438
14750 6738 8126
8126 6738 14750
6738 8126 14750
20234 1196 7704
1196 7704 20234
7704 1196 20234
8489 18654 26324
26324 8489 18654
18654 8489 26324
7515 1385 12248
1385 7515 12248
12248 1385 7515
6424 3292 14088
3292 6424 14088
14088 3292 6424
28570 2205 14967
2205 14967 28570
14967 2205 28570
13725 18830 24937
18830 13725 24937
24937 13725 18830
3160 20378 25495
25495 3160 20378
20378 3160 25495
25909 1914 2557
1914 2557 25909
2557 1914 25909
22164 18177 29493
18177 22164 29493
29493 18177 22164
17520 6896 12390
6896 12390 17520
12390 6896 17520
21199 4086 27414
27414 4086 21199
4086 21199 27414
21528 1475 11470
1475 11470 21528
11470 1475 21528
28946 4486 18477
4486 18477 28946
18477 4486 28946
15002 12957 25174
12957 15002 25174
25174 12957 15002
15274 10624 24002
24002 10624 15274
10624 15274 24002
16990 2006 6391
2006 6391 16990
6391 2006 16990
11228 8243 12697
8243 11228 12697
12697 8243 11228
11463 13970 26231
13970 11463 26231
26231 11463 13970
16361 16304 27785
16304 16361 27785
27785 16304 16361
18924 12631 27561
27561 12631 18924
12631 18924 27561
23839 4871 13719
4871 13719 23839
13719 4871 23839
13578 7856 24407
7856 13578 24407
24407 7856 13578
6762 177 5183
177 5183 6762
5183 177 6762
13322 20896 29555
20896 13322 29555
29555 13322 20896
13822 3790 8181
8181 3790 13822
3790 8181 13822
22561 28563 29684
29684 22561 28563
28563 22561 29684
14199 306 16158
16158 306 14199
306 14199 16158
17528 6587 16205
6587 16205 17528
16205 6587 17528
7079 11368 25373
25373 7079 11368
11368 7079 25373
3999 11406 12315
12315 3999 11406
11406 3999 12315
27149 7044 24955
7044 24955 27149
24955 7044 27149
13998 9118 15785
15785 9118 13998
9118 13998 15785
16520 11318 15301
15301 11318 16520
11318 15301 16520
17096 26748 28714
26748 17096 28714
28714 17096 26748
14382 22131 23879
22131 14382 23879
23879 14382 22131
24147 5769 23436
23436 5769 24147
5769 23436 24147
10344 15096 28361
15096 10344 28361
28361 10344 15096
16368 10700 14031
14031 10700 16368
10700 14031 16368
29103 19637 29812
29812 19637 29103
19637 29103 29812
18956 5460 14925
14925 5460 18956
5460 14925 18956
24750 5829 22905
5829 22905 24750
22905 5829 24750
14227 8065 24932
8065 14227 24932
24932 8065 14227
19191 2531 27190
2531 19191 27190
27190 2531 19191
29553 16624 20342
20342 16624 29553
16624 20342 29553
20258 1989 12870
12870 1989 20258
1989 12870 20258
11624 6304 24296
6304 11624 24296
24296 6304 11624
11556 16070 21134
16070 11556 21134
21134 11556 16070
13189 1586 12639
1586 12639 13189
12639 1586 13189
23202 5694 9621
5694 9621 23202
9621 5694 23202
6735 11263 26727
11263 6735 26727
26727 6735 11263
10147 2991 21217
2991 10147 21217
21217 2991 10147
25029 15826 27132
15826 25029 27132
27132 15826 25029
3887 9571 17218
17218 3887 9571
9571 3887 17218
24980 18985 23823
23823 18985 24980
18985 23823 24980
14417 23462 24385
24385 14417 23462
23462 14417 24385
19234 9466 24774
9466 19234 24774
24774 9466 19234
29718 24847 27385
27385 24847 29718
24847 27385 29718
2576 906 10055
906 2576 10055
10055 906 2576
10818 7321 14778
7321 10818 14778
14778 7321 10818
5005 27845 29057
27845 5005 29057
29057 5005 27845
27854 4448 18652
18652 4448 27854
4448 18652 27854
9023 14548 27880
14548 9023 27880
27880 9023 14548
13537 25409 26211
26211 13537 25409
25409 13537 26211
29851 10696 25739
10696 25739 29851
25739 10696 29851
20019 8847 11697
8847 11697 20019
11697 8847 20019
19692 1935 26910
26910 1935 19692
1935 19692 26910
20967 4096 13238
4096 13238 20967
13238 4096 20967
12263 7787 24270
7787 12263 24270
24270 7787 12263
13520 11340 25520
25520 11340 13520
11340 13520 25520
18031 13403 18275
13403 18031 18275
18275 13403 18031
9826 10400 16299
16299 9826 10400
10400 9826 16299
10266 17465 19184
17465 10266 19184
19184 10266 17465
19778 9505 21982
21982 9505 19778
9505 19778 21982
20131 13567 28188
13567 20131 28188
28188 13567 20131
16039 19933 24255
24255 16039 19933
19933 16039 24255
13598 27205 29520
27205 13598 29520
29520 13598 27205
693 11423 28704
11423 693 28704
28704 693 11423
26617 3244 27959
27959 3244 26617
3244 26617 27959
27015 2522 21304
2522 21304 27015
21304 2522 27015
182 2974 3551
3551 182 2974
2974 182 3551
22094 2787 20024
20024 2787 22094
2787 20024 22094
13350 3812 16881
3812 13350 16881
16881 3812 13350
8787 7638 15238
15238 7638 8787
7638 8787 15238
24259 20866 21809
21809 20866 24259
20866 21809 24259
21728 6058 28182
28182 6058 21728
6058 21728 28182
3950 4072 19466
19466 3950 4072
4072 3950 19466
4965 6870 17988
17988 4965 6870
6870 4965 17988
11611 10437 11079
10437 11079 11611
11079 10437 11611
15702 13498 16612
16612 13498 15702
13498 15702 16612
2206 9092 26452
26452 2206 9092
9092 2206 26452
1402 6236 20552
20552 1402 6236
6236 1402 20552
22602 9470 16785
9470 16785 22602
16785 9470 22602
18260 4480 10683
4480 10683 18260
10683 4480 18260
29087 5398 24005
5398 24005 29087
24005 5398 29087
18824 1918 18559
18559 1918 18824
1918 18559 18824
25961 4127 19477
4127 19477 25961
19477 4127 25961
1906 23708 27863
27863 1906 23708
23708 1906 27863
22099 4054 6001
4054 6001 22099
6001 4054 22099
22960 12638 25777
25777 12638 22960
12638 22960 25777
10072 1251 8217
8217 1251 10072
1251 8217 10072
21949 22519 27973
22519 21949 27973
27973 21949 22519
8679 484 10957
484 8679 10957
10957 484 8679
18695 12030 12772
12772 12030 18695
12030 12772 18695
8314 1042 2049
2049 1042 8314
1042 2049 8314
6727 1915 12012
12012 1915 6727
1915 6727 12012
3339 22791 23114
23114 3339 22791
22791 3339 23114
21428 4591 18818
18818 4591 21428
4591 18818 21428
16889 5956 9057
5956 9057 16889
9057 5956 16889
8774 15572 20804
20804 8774 15572
15572 8774 20804
13442 16224 17718
17718 13442 16224
16224 13442 17718
11627 2255 22696
22696 2255 11627
2255 11627 22696
21342 2121 5738
5738 2121 21342
2121 5738 21342
20115 14475 18375
14475 18375 20115
18375 14475 20115
3775 10918 20250
10918 3775 20250
20250 3775 10918
29384 7983 13617
13617 7983 29384
7983 13617 29384
2238 7240 14099
14099 2238 7240
7240 2238 14099
10692 11632 26714
11632 10692 26714
26714 10692 11632
19468 2203 24277
24277 2203 19468
2203 19468 24277
2664 7653 8093
7653 2664 8093
8093 2664 7653
28332 879 15561
15561 879 28332
879 15561 28332
7560 1380 20913
20913 1380 7560
1380 7560 20913
14555 19206 26524
26524 14555 19206
19206 14555 26524
26046 15257 25956
25956 15257 26046
15257 25956 26046
7823 380 29740
29740 380 7823
380 7823 29740
8990 18108 24577
24577 8990 18108
18108 8990 24577
6355 4224 25398
25398 4224 6355
4224 6355 25398
16690 26721 29460
29460 16690 26721
26721 16690 29460
4145 16961 26552
26552 4145 16961
16961 4145 26552
29141 6548 21022
6548 21022 29141
21022 6548 29141
15467 4584 27449
4584 15467 27449
27449 4584 15467
10424 20835 24203
24203 10424 20835
20835 10424 24203
7189 908 28589
908 7189 28589
28589 908 7189
18239 491 27335
27335 491 18239
491 18239 27335
12896 20423 25570
20423 12896 25570
25570 12896 20423
3320 7440 10823
10823 3320 7440
7440 3320 10823
14665 4986 9879
9879 4986 14665
4986 9879 14665
831 10563 17818
10563 831 17818
17818 831 10563
7819 1803 24194
1803 7819 24194
24194 1803 7819
14808 11213 26187
26187 11213 14808
11213 14808 26187
11219 19866 28819
28819 11219 19866
19866 11219 28819
24869 3232 24710
3232 24710 24869
24710 3232 24869
21067 14971 20266
14971 20266 21067
20266 14971 21067
15433 23616 29549
23616 15433 29549
29549 15433 23616
10748 14297 29855
14297 10748 29855
29855 10748 14297
16280 7024 12427
7024 12427 16280
12427 7024 16280
26564 24878 26358
24878 26358 26564
26358 24878 26564
18265 14024 19544
14024 18265 19544
19544 14024 18265
12551 11602 24230
24230 11602 12551
11602 12551 24230
13143 17112 19931
17112 13143 19931
19931 13143 17112
28929 10905 15493
15493 10905 28929
10905 15493 28929
18763 24339 28253
28253 18763 24339
24339 18763 28253
13169 6021 11751
6021 11751 13169
11751 6021 13169
8657 13504 23807
13504 8657 23807
23807 8657 13504
11150 25422 29108
25422 11150 29108
29108 11150 25422
27272 9452 27433
9452 27272 27433
27433 9452 27272
2393 14618 24008
14618 2393 24008
24008 2393 14618
600 19224 26533
19224 600 26533
26533 600 19224
4222 7623 11278
11278 4222 7623
7623 4222 11278
27586 2562 6642
6642 2562 27586
2562 6642 27586
15033 18019 27810
18019 15033 27810
27810 15033 18019
10913 2342 23070
23070 2342 10913
2342 10913 23070
22271 19911 24594
24594 19911 22271
19911 22271 24594
2151 2503 12123
2503 2151 12123
12123 2151 2503
6122 4970 6793
4970 6122 6793
6793 4970 6122
23130 5724 9143
5724 9143 23130
9143 5724 23130
26486 10837 28368
10837 26486 28368
28368 10837 26486
25071 2473 20686
2473 20686 25071
20686 2473 25071
2742 735 27343
735 2742 27343
27343 735 2742
24898 13503 18708
13503 18708 24898
18708 13503 24898
26209 23123 28344
28344 23123 26209
23123 26209 28344
13106 11943 21212
11943 13106 21212
21212 11943 13106
29929 1474 12502
1474 12502 29929
12502 1474 29929
8633 1067 13406
13406 1067 8633
1067 8633 13406
22502 3572 6903
6903 3572 22502
3572 6903 22502
2447 8368 21002
21002 2447 8368
8368 2447 21002
14330 13645 26795
26795 13645 14330
13645 14330 26795
19315 1065 16632
16632 1065 19315
1065 16632 19315
3324 2133 22926
2133 3324 22926
22926 2133 3324
12022 8267 15867
15867 8267 12022
8267 12022 15867
5924 7587 17239
17239 5924 7587
7587 5924 17239
3711 10454 28736
28736 3711 10454
10454 3711 28736
27243 6697 12131
6697 12131 27243
12131 6697 27243
2658 7669 9378
9378 2658 7669
7669 2658 9378
17551 5957 21340
5957 17551 21340
21340 5957 17551
8724 13274 16479
13274 8724 16479
16479 8724 13274
13456 7713 20605
20605 7713 13456
7713 13456 20605
24820 2126 5538
2126 5538 24820
5538 2126 24820
19032 1210 8905
1210 8905 19032
8905 1210 19032
8236 1549 20063
20063 1549 8236
1549 8236 20063
21779 10759 13973
13973 10759 21779
10759 13973 21779
14197 21485 24808
21485 14197 24808
24808 14197 21485
10122 3626 7967
7967 3626 10122
3626 7967 10122
11845 7725 23278
23278 7725 11845
7725 11845 23278
21708 21798 22161
22161 21708 21798
21798 21708 22161
16555 1840 19614
19614 1840 16555
1840 16555 19614
23066 12724 15915
15915 12724 23066
12724 15915 23066
8355 17294 17723
17294 8355 17723
17723 8355 17294
24953 552 13866
13866 552 24953
552 13866 24953
28664 20156 22065
20156 22065 28664
22065 20156 28664
15344 16067 28645
16067 15344 28645
28645 15344 16067
7379 13275 20496
13275 7379 20496
20496 7379 13275
17400 5835 18523
5835 17400 18523
18523 5835 17400
9007 14610 27875
14610 9007 27875
27875 9007 14610
23300 24822 28138
24822 23300 28138
28138 23300 24822
17767 10859 14870
10859 14870 17767
14870 10859 17767
1714 27264 27341
27341 1714 27264
27264 1714 27341
24532 4929 5594
4929 5594 24532
5594 4929 24532
25093 16528 20105
16528 20105 25093
20105 16528 25093
20034 5243 27815
5243 20034 27815
27815 5243 20034
13057 11241 25517
11241 13057 25517
25517 11241 13057
644 6941 10946
10946 644 6941
6941 644 10946
15916 2952 26142
26142 2952 15916
2952 15916 26142
26171 705 2274
705 2274 26171
2274 705 26171
24221 13186 24196
24196 13186 24221
13186 24196 24221
17388 22618 23456
22618 17388 23456
23456 17388 22618
9970 3233 3404
3233 3404 9970
3404 3233 9970
6886 7892 14909
7892 6886 14909
14909 6886 7892
19001 1774 19159
19159 1774 19001
1774 19001 19159
26191 18028 20927
18028 20927 26191
20927 18028 26191
9667 4292 4347
4292 4347 9667
4347 4292 9667
19220 13358 14181
14181 13358 19220
13358 14181 19220
22500 7175 8725
8725 7175 22500
7175 8725 22500
4910 14478 18777
18777 4910 14478
14478 4910 18777
26685 1946 15904
1946 15904 26685
15904 1946 26685
16718 23338 27145
23338 16718 27145
27145 16718 23338
16657 2747 3736
2747 3736 16657
3736 2747 16657
3889 19805 20825
20825 3889 19805
19805 3889 20825
21099 19646 22323
22323 19646 21099
19646 21099 22323
28970 6520 24212
6520 24212 28970
24212 6520 28970
27540 15200 16871
15200 16871 27540
16871 15200 27540
17214 607 3334
3334 607 17214
607 3334 17214
23550 14966 22043
22043 14966 23550
14966 22043 23550
10736 11344 21157
11344 10736 21157
21157 10736 11344
30 20053 29477
20053 30 29477
29477 30 20053
650 9039 24837
24837 650 9039
9039 650 24837
25216 1746 18073
18073 1746 25216
1746 18073 25216
21327 12941 29659
12941 21327 29659
29659 12941 21327
26980 20722 23808
23808 20722 26980
20722 23808 26980
23860 2015 26969
26969 2015 23860
2015 23860 26969
22831 6033 12828
6033 12828 22831
12828 6033 22831
19748 5739 10978
5739 10978 19748
10978 5739 19748
15614 12517 25628
25628 12517 15614
12517 15614 25628
25829 9109 21205
21205 9109 25829
9109 21205 25829
2914 496 24637
496 2914 24637
24637 496 2914
27856 9464 25418
25418 9464 27856
9464 25418 27856
4336 4738 24976
24976 4336 4738
4738 4336 24976
1289 18227 23200
18227 1289 23200
23200 1289 18227
10556 5909 10666
10666 5909 10556
5909 10556 10666
27151 17980 24084
24084 17980 27151
17980 24084 27151
14233 4834 18780
4834 14233 18780
18780 4834 14233
812 19494 21656
21656 812 19494
19494 812 21656
28811 7776 12160
7776 12160 28811
12160 7776 28811
11335 22052 26020
22052 11335 26020
26020 11335 22052
28517 3063 6889
6889 3063 28517
3063 6889 28517
5113 12966 13455
12966 5113 13455
13455 5113 12966
20802 9278 29425
9278 20802 29425
29425 9278 20802
19369 2489 13155
13155 2489 19369
2489 13155 19369
21009 11102 14816
11102 14816 21009
14816 11102 21009
21731 4024 15141
15141 4024 21731
4024 15141 21731
16354 852 1403
1403 852 16354
852 1403 16354
518 8839 28850
8839 518 28850
28850 518 8839
29714 26473 28905
26473 28905 29714
28905 26473 29714
13571 21847 27712
21847 13571 27712
27712 13571 21847
9048 24328 26030
24328 9048 26030
26030 9048 24328
4988 14586 21213
21213 4988 14586
14586 4988 21213
22108 1786 7202
7202 1786 22108
1786 7202 22108
12024 1278 15386
15386 1278 12024
1278 12024 15386
2091 134 20779
20779 134 2091
134 2091 20779
26766 15895 23584
15895 23584 26766
23584 15895 26766
19664 850 14376
14376 850 19664
850 14376 19664
15729 2843 13128
13128 2843 15729
2843 13128 15729
1025 11456 19876
11456 1025 19876
19876 1025 11456
15748 10873 15016
10873 15016 15748
15016 10873 15748
16275 11382 18372
11382 16275 18372
18372 11382 16275
5432 13180 21780
13180 5432 21780
21780 5432 13180
16005 3330 18505
3330 16005 18505
18505 3330 16005
6757 24042 24058
24058 6757 24042
24042 6757 24058
2144 4237 18945
4237 2144 18945
18945 2144 4237
29951 5825 19250
19250 5825 29951
5825 19250 29951
4925 19726 21373
19726 4925 21373
21373 4925 19726
19211 586 3808
586 3808 19211
3808 586 19211
25383 1651 21130
21130 1651 25383
1651 21130 25383
27441 19774 24366
24366 19774 27441
19774 24366 27441
19327 4560 11411
4560 11411 19327
11411 4560 19327
25342 6476 23796
6476 23796 25342
23796 6476 25342
2233 12489 27206
12489 2233 27206
27206 2233 12489
20800 5745 24206
5745 20800 24206
24206 5745 20800
12844 10971 11890
10971 11890 12844
11890 10971 12844
13438 8885 15003
15003 8885 13438
8885 13438 15003
18294 12343 20897
20897 12343 18294
12343 18294 20897
22005 7701 9858
9858 7701 22005
7701 9858 22005
20900 7997 10948
10948 7997 20900
7997 10948 20900
3660 9503 23663
23663 3660 9503
9503 3660 23663
6394 5129 22966
5129 6394 22966
22966 5129 6394
12078 7468 21624
21624 7468 12078
7468 12078 21624
16207 7667 10830
10830 7667 16207
7667 10830 16207
14868 4842 16008
4842 14868 16008
16008 4842 14868
3198 14347 23003
14347 3198 23003
23003 3198 14347
18641 16492 24095
16492 18641 24095
24095 16492 18641
13540 1670 23489
1670 13540 23489
23489 1670 13540
7489 26704 27529
27529 7489 26704
26704 7489 27529
13750 12249 29950
29950 12249 13750
12249 13750 29950
7125 4666 28097
4666 7125 28097
28097 4666 7125
26746 9321 23136
23136 9321 26746
9321 23136 26746
24756 10360 20770
10360 20770 24756
20770 10360 24756
24460 8869 11251
11251 8869 24460
8869 11251 24460
5506 28571 28869
28869 5506 28571
28571 5506 28869
14623 9617 16552
9617 14623 16552
16552 9617 14623
29547 36 26995
36 26995 29547
26995 36 29547
23565 14549 24026
24026 14549 23565
14549 23565 24026
7833 21843 22586
22586 7833 21843
21843 7833 22586
1162 12491 28524
12491 1162 28524
28524 1162 12491
13832 4625 7078
4625 7078 13832
7078 4625 13832
17486 2726 25237
2726 17486 25237
25237 2726 17486
22609 4235 26981
26981 4235 22609
4235 22609 26981
19254 7982 17311
17311 7982 19254
7982 17311 19254
26378 702 4726
702 4726 26378
4726 702 26378
17632 9477 14245
9477 14245 17632
14245 9477 17632
2022 10008 10296
10008 2022 10296
10296 2022 10008
26037 10013 25309
25309 10013 26037
10013 25309 26037
14561 12090 13868
13868 12090 14561
12090 13868 14561
13207 4735 10053
10053 4735 13207
4735 10053 13207
24904 2332 20795
20795 2332 24904
2332 20795 24904
21313 4308 19040
19040 4308 21313
4308 19040 21313
327 16219 22763
22763 327 16219
16219 327 22763
23097 7613 12663
12663 7613 23097
7613 12663 23097
17392 21578 25356
21578 17392 25356
25356 17392 21578
16689 1270 10328
1270 10328 16689
10328 1270 16689
19908 2905 3216
2905 3216 19908
3216 2905 19908
263 3091 4727
4727 263 3091
3091 263 4727
28449 15753 20081
15753 20081 28449
20081 15753 28449
12015 13544 20760
13544 12015 20760
20760 12015 13544
23654 10047 10170
10170 10047 23654
10047 10170 23654
24787 7434 23368
7434 23368 24787
23368 7434 24787
25547 10690 19565
19565 10690 25547
10690 19565 25547
4413 25081 27370
25081 4413 27370
27370 4413 25081
13325 9669 24038
9669 13325 24038
24038 9669 13325
13092 1062 19904
1062 13092 19904
19904 1062 13092
24993 14265 24649
24649 14265 24993
14265 24649 24993
27194 3039 23780
3039 23780 27194
23780 3039 27194
2324 17407 22191
22191 2324 17407
17407 2324 22191
24456 5672 24831
24831 5672 24456
5672 24456 24831
4678 671 29597
671 4678 29597
29597 671 4678
14644 10705 20239
10705 14644 20239
20239 10705 14644
14010 3785 4654
3785 4654 14010
4654 3785 14010
26295 17961 29843
17961 26295 29843
29843 17961 26295
2439 10126 20630
20630 2439 10126
10126 2439 20630
6926 25359 29750
29750 6926 25359
25359 6926 29750
2772 10252 23024
10252 2772 23024
23024 2772 10252
23174 22336 26821
26821 22336 23174
22336 23174 26821
5963 5227 28978
5227 5963 28978
28978 5227 5963
2359 11164 15441
15441 2359 11164
11164 2359 15441
928 26090 26878
26090 928 26878
26878 928 26090
19346 3176 28877
3176 19346 28877
28877 3176 19346
19459 7203 22193
7203 19459 22193
22193 7203 19459
21885 14008 22859
14008 21885 22859
22859 14008 21885
7923 2889 5897
2889 5897 7923
5897 2889 7923
2977 11366 11546
11546 2977 11366
11366 2977 11546
22399 17191 29715
29715 17191 22399
17191 22399 29715
16208 1882 23532
1882 16208 23532
23532 1882 16208
4205 8726 19445
19445 4205 8726
8726 4205 19445
12717 10870 26549
10870 12717 26549
26549 10870 12717
16683 23057 23422
23057 16683 23422
23422 16683 23057
16756 11321 22730
22730 11321 16756
11321 16756 22730
21973 4043 24032
4043 21973 24032
24032 4043 21973
5862 9701 11974
9701 5862 11974
11974 5862 9701
21612 9594 20232
20232 9594 21612
9594 20232 21612
766 17273 19055
19055 766 17273
17273 766 19055
19072 8467 28595
28595 8467 19072
8467 19072 28595
111 12243 21958
12243 111 21958
21958 111 12243
21995 5477 28430
28430 5477 21995
5477 21995 28430
28824 22455 29162
22455 28824 29162
29162 22455 28824
10103 2260 9407
9407 2260 10103
2260 9407 10103
18321 17878 25202
25202 17878 18321
17878 18321 25202
18113 10623 26157
10623 18113 26157
26157 10623 18113
20005 8689 10148
10148 8689 20005
8689 10148 20005
16855 13523 14679
13523 14679 16855
14679 13523 16855
19326 5252 12441
12441 5252 19326
5252 12441 19326
8920 10392 21732
21732 8920 10392
10392 8920 21732
16337 2050 2799
2050 2799 16337
2799 2050 16337
7231 7692 10890
10890 7231 7692
7692 7231 10890
17362 5196 25557
25557 5196 17362
5196 17362 25557
20832 1781 10981
10981 1781 20832
1781 10981 20832
12693 24716 26791
26791 12693 24716
24716 12693 26791
14779 8514 26810
26810 8514 14779
8514 14779 26810
597 5986 8967
5986 597 8967
8967 597 5986
28666 8946 26388
8946 26388 28666
26388 8946 28666
391 20180 27105
20180 391 27105
27105 391 20180
6746 745 22638
22638 745 6746
745 6746 22638
18084 27767 28316
28316 18084 27767
27767 18084 28316
6526 13664 23596
13664 6526 23596
23596 6526 13664
19108 20682 28020
28020 19108 20682
20682 19108 28020
8285 1903 19853
19853 1903 8285
1903 8285 19853
14587 13774 25280
25280 13774 14587
13774 14587 25280
19548 3185 15234
3185 15234 19548
15234 3185 19548
16160 21018 28291
28291 16160 21018
21018 16160 28291
1857 13637 21871
13637 1857 21871
21871 1857 13637
4324 7608 26272
7608 4324 26272
26272 4324 7608
13956 6608 7248
7248 6608 13956
6608 7248 13956
28052 5299 14287
14287 5299 28052
5299 14287 28052
13168 6434 20814
20814 6434 13168
6434 13168 20814
25530 5317 11183
5317 11183 25530
11183 5317 25530
18133 21956 24124
24124 18133 21956
21956 18133 24124
28882 15029 27945
27945 15029 28882
15029 27945 28882
4820 17929 29989
29989 4820 17929
17929 4820 29989
28017 18447 20089
18447 20089 28017
20089 18447 28017
29657 2580 29870
29870 2580 29657
2580 29657 29870
1411 7550 12976
7550 1411 12976
12976 1411 7550
26461 4644 20282
4644 20282 26461
20282 4644 26461
5802 20674 25032
25032 5802 20674
20674 5802 25032
2650 18544 25748
18544 2650 25748
25748 2650 18544
5502 4361 10131
10131 4361 5502
4361 5502 10131
24217 6351 15642
6351 15642 24217
15642 6351 24217
28600 8984 19672
19672 8984 28600
8984 19672 28600
23990 8935 19171
8935 19171 23990
19171 8935 23990
29823 2189 9704
9704 2189 29823
2189 9704 29823
16984 9277 27760
27760 9277 16984
9277 16984 27760
12572 21421 29145
29145 12572 21421
21421 12572 29145
21351 6801 18795
6801 18795 21351
18795 6801 21351
10234 12029 15147
12029 10234 15147
15147 10234 12029
7034 3911 16391
16391 3911 7034
3911 7034 16391
10900 18330 28112
28112 10900 18330
18330 10900 28112
21967 17089 20910
17089 20910 21967
20910 17089 21967
16816 4123 9445
9445 4123 16816
4123 9445 16816
23547 10176 14507
10176 14507 23547
14507 10176 23547
10806 6229 8565
8565 6229 10806
6229 8565 10806
5527 20862 21218
21218 5527 20862
20862 5527 21218
26439 20427 22884
20427 22884 26439
22884 20427 26439
5818 9202 26120
9202 5818 26120
26120 5818 9202
565 22828 24400
24400 565 22828
22828 565 24400
7465 19627 23820
19627 7465 23820
23820 7465 19627
14911 902 27268
27268 902 14911
902 14911 27268
5808 6987 12651
12651 5808 6987
6987 5808 12651
18009 5666 27922
27922 5666 18009
5666 18009 27922
3636 11070 12658
11070 3636 12658
12658 3636 11070
13643 7326 7901
7326 7901 13643
7901 7326 13643
28355 3781 27761
3781 27761 28355
27761 3781 28355
26654 8414 11936
8414 11936 26654
11936 8414 26654
17869 10779 11727
10779 11727 17869
11727 10779 17869
11887 208 19284
19284 208 11887
208 11887 19284
28856 24553 26227
24553 26227 28856
26227 24553 28856
19092 11677 27348
11677 19092 27348
27348 11677 19092
9281 1098 3959
1098 3959 9281
3959 1098 9281
11171 3778 26924
26924 3778 11171
3778 11171 26924
11034 1207 29342
1207 11034 29342
29342 1207 11034
3678 6323 19513
6323 3678 19513
19513 3678 6323
1720 1798 8292
8292 1720 1798
1798 1720 8292
28147 16630 18942
16630 18942 28147
18942 16630 28147
21475 1010 5465
1010 5465 21475
5465 1010 21475
11597 4787 14671
4787 11597 14671
14671 4787 11597
28045 22744 29265
22744 28045 29265
29265 22744 28045
17442 5475 23340
23340 5475 17442
5475 17442 23340
6878 334 18496
334 6878 18496
18496 334 6878
6581 10483 29259
29259 6581 10483
10483 6581 29259
4045 16900 17527
16900 4045 17527
17527 4045 16900
13721 8991 21551
8991 13721 21551
21551 8991 13721
10034 15034 15505
15505 10034 15034
15034 10034 15505
17573 150 16403
150 16403 17573
16403 150 17573
4721 11826 13286
11826 4721 13286
13286 4721 11826
7280 6341 14077
6341 7280 14077
14077 6341 7280
17354 4376 27496
27496 4376 17354
4376 17354 27496
16047 441 17404
17404 441 16047
441 16047 17404
3777 10085 26464
10085 3777 26464
26464 3777 10085
7046 9982 10091
9982 7046 10091
10091 7046 9982
25820 20981 28637
20981 25820 28637
28637 20981 25820
21190 3677 28360
28360 3677 21190
3677 21190 28360
2375 8549 29962
29962 2375 8549
8549 2375 29962
22004 3279 27614
27614 3279 22004
3279 22004 27614
11243 6975 25331
25331 6975 11243
6975 11243 25331
16955 2497 9195
9195 2497 16955
2497 9195 16955
18880 20632 28235
28235 18880 20632
20632 18880 28235
5022 9609 23569
23569 5022 9609
9609 5022 23569
18338 341 9587
9587 341 18338
341 9587 18338
1145 16884 20801
16884 1145 20801
20801 1145 16884
19190 25428 26753
25428 19190 26753
26753 19190 25428
294 23125 28922
28922 294 23125
23125 294 28922
5374 10511 29973
10511 5374 29973
29973 5374 10511
12106 6552 20742
6552 12106 20742
20742 6552 12106
7215 14956 19135
19135 7215 14956
14956 7215 19135
24170 12253 15080
12253 15080 24170
15080 12253 24170
28004 9694 20911
9694 20911 28004
20911 9694 28004
8196 4245 19198
19198 4245 8196
4245 8196 19198
14331 15276 22339
22339 14331 15276
15276 14331 22339
18385 10498 13764
13764 10498 18385
10498 13764 18385
11319 13400 28199
13400 11319 28199
28199 11319 13400
14043 3598 26216
3598 14043 26216
26216 3598 14043
20179 12673 22548
12673 20179 22548
22548 12673 20179
10961 20323 22825
22825 10961 20323
20323 10961 22825
16065 725 5040
725 5040 16065
5040 725 16065
22352 131 16096
16096 131 22352
131 16096 22352
2644 12194 28885
12194 2644 28885
28885 2644 12194
27928 2916 18352
18352 2916 27928
2916 18352 27928
20922 6928 24268
6928 20922 24268
24268 6928 20922
3630 8956 22507
22507 3630 8956
8956 3630 22507
22113 13568 18464
13568 18464 22113
18464 13568 22113
25244 2628 10200
10200 2628 25244
2628 10200 25244
20286 7368 24899
24899 7368 20286
7368 20286 24899
15986 3592 9936
3592 9936 15986
9936 3592 15986
18145 16198 24508
16198 18145 24508
24508 16198 18145
20077 6311 23128
6311 20077 23128
23128 6311 20077
26326 16110 23350
16110 23350 26326
23350 16110 26326
7365 13118 27397
13118 7365 27397
27397 7365 13118
13661 4088 21454
21454 4088 13661
4088 13661 21454
3004 26021 26788
26788 3004 26021
26021 3004 26788
25708 16740 17366
16740 17366 25708
17366 16740 25708
12856 6439 10215
6439 10215 12856
10215 6439 12856
7071 25543 29222
29222 7071 25543
25543 7071 29222
10305 17441 29936
29936 10305 17441
17441 10305 29936
19174 5894 25801
25801 5894 19174
5894 19174 25801
23736 10286 16329
16329 10286 23736
10286 16329 23736
10104 25546 26056
25546 10104 26056
26056 10104 25546
739 7517 22440
7517 739 22440
22440 739 7517
15093 3493 14238
14238 3493 15093
3493 14238 15093
7911 8286 23575
23575 7911 8286
8286 7911 23575
23227 1901 12940
12940 1901 23227
1901 12940 23227
11541 10554 17710
10554 11541 17710
17710 10554 11541
22553 8284 28972
28972 8284 22553
8284 22553 28972
13410 4155 16199
16199 4155 13410
4155 13410 16199
23552 1128 21868
1128 21868 23552
21868 1128 23552
9624 19926 23799
23799 9624 19926
19926 9624 23799
13961 11022 26582
26582 11022 13961
11022 13961 26582
13708 6750 21594
21594 6750 13708
6750 13708 21594
28962 4902 17386
4902 17386 28962
17386 4902 28962
17237 538 10668
538 10668 17237
10668 538 17237
224 10525 27002
10525 224 27002
27002 224 10525
17640 13609 26017
26017 13609 17640
13609 17640 26017
19271 5579 19896
19896 5579 19271
5579 19271 19896
12794 2962 20806
20806 2962 12794
2962 12794 20806
11595 4063 25623
25623 4063 11595
4063 11595 25623
5445 2106 14439
14439 2106 5445
2106 5445 14439
9428 1360 20697
1360 9428 20697
20697 1360 9428
12791 8566 17044
8566 12791 17044
17044 8566 12791
17205 4957 6950
6950 4957 17205
4957 6950 17205
22038 10975 19213
19213 10975 22038
10975 19213 22038
16807 2677 25131
2677 16807 25131
25131 2677 16807
21450 11533 19996
19996 11533 21450
11533 19996 21450
25888 2042 2808
2808 2042 25888
2042 2808 25888
14454 397 2221
397 2221 14454
2221 397 14454
25308 6242 17740
17740 6242 25308
6242 17740 25308
25162 11929 12394
12394 11929 25162
11929 12394 25162
27249 11352 15073
15073 11352 27249
11352 15073 27249
12826 22059 28559
22059 12826 28559
28559 12826 22059
24832 24795 28557
28557 24795 24832
24795 24832 28557
1595 1604 27141
27141 1595 1604
1604 1595 27141
21196 3100 16081
16081 3100 21196
3100 16081 21196
6456 20030 26402
20030 6456 26402
26402 6456 20030
11694 5101 14539
14539 5101 11694
5101 11694 14539
4816 26410 26612
26410 4816 26612
26612 4816 26410
12402 3243 6974
3243 6974 12402
6974 3243 12402
20047 11473 18809
18809 11473 20047
11473 18809 20047
16810 1593 15991
1593 15991 16810
15991 1593 16810
18107 1369 8662
1369 8662 18107
8662 1369 18107
29853 4829 9214
9214 4829 29853
4829 9214 29853
8337 17440 27439
17440 8337 27439
27439 8337 17440
8000 2610 19707
2610 8000 19707
19707 2610 8000
9823 11819 28359
11819 9823 28359
28359 9823 11819
5423 5691 19302
19302 5423 5691
5691 5423 19302
6816 3903 4894
4894 3903 6816
3903 4894 6816
7455 13338 26979
26979 7455 13338
13338 7455 26979
6979 301 28142
301 6979 28142
28142 301 6979
18124 10393 28388
28388 10393 18124
10393 18124 28388
26643 8434 24086
24086 8434 26643
8434 24086 26643
6654 7416 17755
7416 6654 17755
17755 6654 7416
19927 13422 26268
26268 13422 19927
13422 19927 26268
13450 525 27488
525 13450 27488
27488 525 13450
10569 4930 13279
13279 4930 10569
4930 10569 13279
28021 2770 23488
2770 23488 28021
23488 2770 28021
15174 12649 13423
13423 12649 15174
12649 13423 15174
25290 6605 7136
7136 6605 25290
6605 7136 25290
9184 8773 24410
8773 9184 24410
24410 8773 9184
13371 722 4523
722 4523 13371
4523 722 13371
4481 5047 25792
25792 4481 5047
5047 4481 25792
24028 2589 28703
2589 24028 28703
28703 2589 24028
7130 14063 15401
15401 7130 14063
14063 7130 15401
29408 16765 21584
21584 16765 29408
16765 21584 29408
27050 3276 12279
3276 12279 27050
12279 3276 27050
20847 167 1870
1870 167 20847
167 1870 20847
5172 5089 29347
29347 5089 5172
5089 5172 29347
19496 26058 28070
26058 19496 28070
28070 19496 26058
20175 7815 15777
7815 15777 20175
15777 7815 20175
19689 13343 22722
13343 19689 22722
22722 13343 19689
28350 20607 26939
20607 26939 28350
26939 20607 28350
21673 15591 18955
18955 15591 21673
15591 18955 21673
19428 3355 17074
3355 17074 19428
17074 3355 19428
17485 15313 24263
24263 15313 17485
15313 17485 24263
17506 4172 24950
4172 17506 24950
24950 4172 17506
19943 22419 28580
22419 19943 28580
28580 19943 22419
7445 18762 18953
18953 7445 18762
18762 7445 18953
1342 12271 17373
12271 1342 17373
17373 1342 12271
27442 19648 21424
21424 19648 27442
19648 21424 27442
7632 2257 20480
2257 7632 20480
20480 2257 7632
21322 16261 22320
16261 21322 22320
22320 16261 21322
17854 4385 16431
16431 4385 17854
4385 16431 17854
17797 4111 25968
25968 4111 17797
4111 17797 25968
17771 1952 2920
1952 2920 17771
2920 1952 17771
1819 943 4652
4652 943 1819
943 1819 4652
23011 17676 27313
17676 23011 27313
27313 17676 23011
5971 165 26703
165 5971 26703
26703 165 5971
14719 332 10258
10258 332 14719
332 10258 14719
5533 229 18413
229 5533 18413
18413 229 5533
29801 8651 13296
8651 13296 29801
13296 8651 29801
28909 2086 25337
25337 2086 28909
2086 25337 28909
22120 7502 19207
7502 19207 22120
19207 7502 22120
20094 21478 21651
21478 20094 21651
21651 20094 21478
22388 144 15885
144 15885 22388
15885 144 22388
19472 18990 29760
29760 18990 19472
18990 19472 29760
21490 5033 24172
24172 5033 21490
5033 21490 24172
17619 6320 24868
6320 17619 24868
24868 6320 17619
16580 7441 8879
7441 8879 16580
8879 7441 16580
8175 20 25650
25650 20 8175
20 8175 25650
13056 558 15103
15103 558 13056
558 13056 15103
16045 8922 13589
13589 8922 16045
8922 13589 16045
22751 8925 22761
8925 22751 22761
22761 8925 22751
11815 21746 24661
21746 11815 24661
24661 11815 21746
4632 2948 9480
9480 2948 4632
2948 4632 9480
28283 8142 20434
20434 8142 28283
8142 20434 28283
25930 498 2744
498 2744 25930
2744 498 25930
1509 18930 25529
18930 1509 25529
25529 1509 18930
19508 2907 23711
2907 19508 23711
23711 2907 19508
21940 7569 21465
21465 7569 21940
7569 21465 21940
2590 183 17658
183 2590 17658
17658 183 2590
16475 2681 8574
8574 2681 16475
2681 8574 16475
9027 1161 20268
20268 1161 9027
1161 9027 20268
15472 4796 24041
4796 15472 24041
24041 4796 15472
1941 8024 12652
8024 1941 12652
12652 1941 8024
13480 10933 18406
18406 10933 13480
10933 13480 18406
16948 13513 22117
13513 16948 22117
22117 13513 16948
16380 6567 17868
17868 6567 16380
6567 16380 17868
22349 1153 3464
1153 3464 22349
3464 1153 22349
25688 1852 21665
21665 1852 25688
1852 21665 25688
1123 16748 24336
16748 1123 24336
24336 1123 16748
7109 9857 15605
15605 7109 9857
9857 7109 15605
3829 9662 16588
9662 3829 16588
16588 3829 9662
5670 5018 18434
5018 5670 18434
18434 5018 5670
10944 14295 15185
15185 10944 14295
14295 10944 15185
8762 16642 17873
16642 8762 17873
17873 8762 16642
21599 26 18241
18241 26 21599
26 18241 21599
6622 394 7746
394 6622 7746
7746 394 6622
7466 99 12437
99 7466 12437
12437 99 7466
16091 4069 21932
4069 16091 21932
21932 4069 16091
17523 9494 20664
9494 17523 20664
20664 9494 17523
704 11655 12703
11655 704 12703
12703 704 11655
22901 7388 25867
25867 7388 22901
7388 22901 25867
21655 2880 7676
2880 7676 21655
7676 2880 21655
12008 9818 14345
9818 12008 14345
14345 9818 12008
16815 1795 15954
15954 1795 16815
1795 15954 16815
19116 23901 28986
23901 19116 28986
28986 19116 23901
23259 14935 29992
29992 14935 23259
14935 23259 29992
24219 673 23370
673 23370 24219
23370 673 24219
983 19794 22514
22514 983 19794
19794 983 22514
26072 6338 22290
6338 22290 26072
22290 6338 26072
13459 996 11035
11035 996 13459
996 11035 13459
20129 8504 16517
16517 8504 20129
8504 16517 20129
17889 20631 28254
28254 17889 20631
20631 17889 28254
7260 8557 24617
24617 7260 8557
8557 7260 24617
2619 3819 10586
3819 2619 10586
10586 2619 3819
21849 9810 21524
9810 21524 21849
21524 9810 21849
1638 2830 24679
2830 1638 24679
24679 1638 2830
26087 870 10619
10619 870 26087
870 10619 26087
1060 10822 29896
29896 1060 10822
10822 1060 29896
13111 8954 15987
8954 13111 15987
15987 8954 13111
23649 5792 24653
5792 23649 24653
24653 5792 23649
2305 378 5156
5156 378 2305
378 2305 5156
1269 6324 19668
19668 1269 6324
6324 1269 19668
20998 433 14567
14567 433 20998
433 14567 20998
7414 14092 25105
14092 7414 25105
25105 7414 14092
24480 9029 15052
15052 9029 24480
9029 15052 24480
8776 3327 23148
23148 3327 8776
3327 8776 23148
12968 15133 24908
24908 12968 15133
15133 12968 24908
3907 2293 29385
2293 3907 29385
29385 2293 3907
23555 9040 23033
23033 9040 23555
9040 23033 23555
16684 832 999
999 832 16684
832 999 16684
26780 12451 20851
20851 12451 26780
12451 20851 26780
6995 3717 20807
3717 6995 20807
20807 3717 6995
12426 13139 20112
13139 12426 20112
20112 12426 13139
18362 13210 25935
25935 13210 18362
13210 18362 25935
728 6609 25302
6609 728 25302
25302 728 6609
23790 1930 29013
29013 1930 23790
1930 23790 29013
22287 12158 13805
12158 13805 22287
13805 12158 22287
13137 6051 21690
21690 6051 13137
6051 13137 21690
19322 3582 22070
22070 3582 19322
3582 19322 22070
3180 11775 21309
21309 3180 11775
11775 3180 21309
28024 9465 10751
9465 10751 28024
10751 9465 28024
4508 15865 26329
26329 4508 15865
15865 4508 26329
5144 2498 29662
2498 5144 29662
29662 2498 5144
28151 3173 7427
3173 7427 28151
7427 3173 28151
2544 1780 6543
6543 1780 2544
1780 2544 6543
8018 12400 28615
28615 8018 12400
12400 8018 28615
20008 2794 8311
8311 2794 20008
2794 8311 20008
910 5235 10517
10517 910 5235
5235 910 10517
11949 9028 29249
29249 9028 11949
9028 11949 29249
27512 7476 12152
12152 7476 27512
7476 12152 27512
22707 19841 22783
22783 19841 22707
19841 22707 22783
21458 15994 23595
23595 15994 21458
15994 21458 23595
7616 4532 15801
15801 4532 7616
4532 7616 15801
27883 10030 18116
18116 10030 27883
10030 18116 27883
26332 11385 14801
11385 14801 26332
14801 11385 26332
2957 8911 13641
8911 2957 13641
13641 2957 8911
15707 9026 26189
9026 15707 26189
26189 9026 15707
5811 18010 25585
25585 5811 18010
18010 5811 25585
16693 1975 14015
14015 1975 16693
1975 14015 16693
26419 16183 24214
24214 16183 26419
16183 24214 26419
5431 6390 24220
6390 5431 24220
24220 5431 6390
23485 12797 23545
12797 23485 23545
23545 12797 23485
22196 10723 24632
10723 22196 24632
24632 10723 22196
4305 1079 14526
14526 1079 4305
1079 4305 14526
19579 13131 17022
17022 13131 19579
13131 17022 19579
4950 7974 8395
8395 4950 7974
7974 4950 8395
3824 3385 20326
20326 3385 3824
3385 3824 20326
12938 1218 18959
1218 12938 18959
18959 1218 12938
26686 5128 29237
29237 5128 26686
5128 26686 29237
21068 4398 12185
12185 4398 21068
4398 12185 21068
2706 2848 14638
2848 2706 14638
14638 2706 2848
9864 17164 29667
29667 9864 17164
17164 9864 29667
15556 19215 21503
19215 15556 21503
21503 15556 19215
28127 7322 25303
7322 25303 28127
25303 7322 28127
24039 11897 26359
11897 24039 26359
26359 11897 24039
22078 16621 29558
16621 22078 29558
29558 16621 22078
24591 5023 26364
26364 5023 24591
5023 24591 26364
19439 3104 14774
14774 3104 19439
3104 14774 19439
8758 7689 25892
7689 8758 25892
25892 7689 8758
7211 1136 4840
1136 4840 7211
4840 1136 7211
1730 9227 20032
20032 1730 9227
9227 1730 20032
12728 11049 25452
25452 11049 12728
11049 12728 25452
12909 5517 24167
5517 12909 24167
24167 5517 12909
19914 17283 27336
27336 17283 19914
17283 19914 27336
8035 22839 23302
23302 8035 22839
22839 8035 23302
21520 13263 15064
15064 13263 21520
13263 15064 21520
16137 355 13068
355 13068 16137
13068 355 16137
13672 5848 27052
27052 5848 13672
5848 13672 27052
20570 24555 27405
27405 20570 24555
24555 20570 27405
3987 8464 28888
28888 3987 8464
8464 3987 28888
4253 4621 10326
4621 4253 10326
10326 4253 4621
6641 15186 15320
15186 6641 15320
15320 6641 15186
11823 22083 29988
22083 11823 29988
29988 11823 22083
9616 19485 22805
19485 9616 22805
22805 9616 19485
13577 2730 27137
2730 13577 27137
27137 2730 13577
26651 19328 28379
28379 19328 26651
19328 26651 28379
9916 7306 25007
25007 7306 9916
7306 9916 25007
21056 15374 24551
15374 21056 24551
24551 15374 21056
24825 15177 15741
15177 15741 24825
15741 15177 24825
15637 939 15460
