2882 62 2585
62 2585 2882
2585 62 2882
2754 468 2737
2737 468 2754
468 2737 2754
2672 2101 2704
2101 2672 2704
2704 2101 2672
2611 138 2537
138 2537 2611
2537 138 2611
96 433 1979
433 96 1979
1979 96 433
2366 2046 2802
2046 2366 2802
2802 2046 2366
2736 1267 2590
1267 2590 2736
2590 1267 2736
1392 390 1073
390 1073 1392
1073 390 1392
1215 708 2037
2037 708 1215
708 1215 2037
2512 225 1403
225 1403 2512
1403 225 2512
983 336 1455
1455 336 983
336 983 1455
534 1369 2644
2644 534 1369
1369 534 2644
1018 1738 2637
1738 1018 2637
2637 1018 1738
2400 1876 2001
1876 2001 2400
2001 1876 2400
1352 192 2218
192 1352 2218
2218 192 1352
2696 1170 1978
1978 1170 2696
1170 1978 2696
579 596 2455
596 579 2455
2455 579 596
1003 651 886
886 651 1003
651 886 1003
1180 2314 2717
2314 1180 2717
2717 1180 2314
660 2801 2916
2916 660 2801
2801 660 2916
2486 1712 1888
1888 1712 2486
1712 1888 2486
158 1383 1384
1383 158 1384
1384 158 1383
2121 1535 2838
2838 1535 2121
1535 2121 2838
2984 1421 2608
1421 2608 2984
2608 1421 2984
2767 1049 2247
1049 2247 2767
2247 1049 2767
195 437 2523
437 195 2523
2523 195 437
328 2550 2589
2550 328 2589
2589 328 2550
1500 816 1456
1456 816 1500
816 1456 1500
2006 408 2151
2151 408 2006
408 2006 2151
2695 230 1419
230 1419 2695
1419 230 2695
2751 2280 2468
2468 2280 2751
2280 2468 2751
341 2321 2444
2444 341 2321
2321 341 2444
1806 422 913
422 913 1806
913 422 1806
1515 95 1276
95 1276 1515
1276 95 1515
630 302 2860
2860 302 630
302 630 2860
381 1189 2840
2840 381 1189
1189 381 2840
2374 1250 2241
1250 2241 2374
2241 1250 2374
41 1791 2866
2866 41 1791
1791 41 2866
2283 141 1987
141 1987 2283
1987 141 2283
1914 523 988
988 523 1914
523 988 1914
299 697 2367
697 299 2367
2367 299 697
1355 957 1766
1766 957 1355
957 1355 1766
2443 2551 2745
2745 2443 2551
2551 2443 2745
1846 685 1934
685 1846 1934
1934 685 1846
1989 2291 2517
2291 1989 2517
2517 1989 2291
1880 2112 2488
2112 1880 2488
2488 1880 2112
298 1406 2143
1406 298 2143
2143 298 1406
2472 296 1438
1438 296 2472
296 1438 2472
1713 2835 2897
2835 1713 2897
2897 1713 2835
1772 539 1473
1473 539 1772
539 1473 1772
1466 186 924
924 186 1466
186 924 1466
1484 1752 1862
1862 1484 1752
1752 1484 1862
904 1763 2915
1763 904 2915
2915 904 1763
241 558 1297
1297 241 558
558 241 1297
2786 531 2349
2349 531 2786
531 2349 2786
2999 184 881
184 881 2999
881 184 2999
215 2288 2344
2288 215 2344
2344 215 2288
2487 532 580
580 532 2487
532 580 2487
967 588 1822
1822 588 967
588 967 1822
692 1509 2480
2480 692 1509
1509 692 2480
1253 246 2225
2225 246 1253
246 1253 2225
1221 1050 2120
2120 1050 1221
1050 1221 2120
2994 556 2617
2617 556 2994
556 2617 2994
617 1546 2924
1546 617 2924
2924 617 1546
2993 33 2454
33 2454 2993
2454 33 2993
265 676 1858
676 265 1858
1858 265 676
1891 2015 2320
2015 1891 2320
2320 1891 2015
1706 993 1034
993 1034 1706
1034 993 1706
51 171 1098
171 51 1098
1098 51 171
82 1027 1225
1027 82 1225
1225 82 1027
1553 495 1244
495 1244 1553
1244 495 1553
2738 1703 2914
1703 2738 2914
2914 1703 2738
2708 2295 2325
2295 2325 2708
2325 2295 2708
2429 329 1577
329 1577 2429
1577 329 2429
1754 507 2145
507 1754 2145
2145 507 1754
1922 1595 2514
2514 1595 1922
1595 1922 2514
1504 994 1902
994 1504 1902
1902 994 1504
1393 1351 1387
1351 1387 1393
1387 1351 1393
56 2670 2719
2670 56 2719
2719 56 2670
675 496 2593
496 675 2593
2593 496 675
320 334 1286
334 320 1286
1286 320 334
1819 947 1445
947 1445 1819
1445 947 1819
673 545 1350
545 673 1350
1350 545 673
150 191 2649
2649 150 191
191 150 2649
1036 458 2740
458 1036 2740
2740 458 1036
2485 235 744
235 744 2485
744 235 2485
2069 236 1863
1863 236 2069
236 1863 2069
2891 1517 2609
2609 1517 2891
1517 2609 2891
2817 176 339
176 339 2817
339 176 2817
2828 1160 1821
1160 1821 2828
1821 1160 2828
1614 345 1877
345 1614 1877
1877 345 1614
2936 1777 2274
1777 2274 2936
2274 1777 2936
385 573 666
666 385 573
573 385 666
366 1472 1961
1961 366 1472
1472 366 1961
1570 620 2761
620 1570 2761
2761 620 1570
2650 709 1479
1479 709 2650
709 1479 2650
788 2575 2680
2680 788 2575
2575 788 2680
1512 1601 2085
2085 1512 1601
1601 1512 2085
911 167 1074
167 911 1074
1074 167 911
1743 1318 2424
1318 1743 2424
2424 1318 1743
2886 1095 2109
1095 2109 2886
2109 1095 2886
1194 631 2634
631 1194 2634
2634 631 1194
2841 1753 2521
1753 2521 2841
2521 1753 2841
1691 2516 2846
2846 1691 2516
2516 1691 2846
2497 1032 1265
1265 1032 2497
1032 1265 2497
2963 131 1446
1446 131 2963
131 1446 2963
1113 442 933
933 442 1113
442 933 1113
1187 1745 1887
1887 1187 1745
1745 1187 1887
2363 305 926
926 305 2363
305 926 2363
85 1197 2540
1197 85 2540
2540 85 1197
2029 233 309
309 233 2029
233 309 2029
1389 508 2996
508 1389 2996
2996 508 1389
645 1205 2815
2815 645 1205
1205 645 2815
557 1487 2599
2599 557 1487
1487 557 2599
1168 2845 2883
2883 1168 2845
2845 1168 2883
2597 1386 2475
2475 1386 2597
1386 2475 2597
648 1041 1938
1041 648 1938
1938 648 1041
227 2416 2673
2416 227 2673
2673 227 2416
718 1128 1166
1128 718 1166
1166 718 1128
2814 1616 2496
2496 1616 2814
1616 2496 2814
1556 821 1093
821 1093 1556
1093 821 1556
2482 1332 2124
2124 1332 2482
1332 2124 2482
428 347 1083
347 428 1083
1083 347 428
2204 659 1928
659 1928 2204
1928 659 2204
461 75 1016
75 461 1016
1016 75 461
2544 2028 2518
2518 2028 2544
2028 2518 2544
698 862 2077
2077 698 862
862 698 2077
267 181 2836
181 267 2836
2836 181 267
1776 271 1057
1057 271 1776
271 1057 1776
634 325 536
536 325 634
325 536 634
553 1348 1598
1598 553 1348
1348 553 1598
2834 330 2198
2198 330 2834
330 2198 2834
155 1390 2565
1390 155 2565
2565 155 1390
1508 1020 2447
1020 1508 2447
2447 1020 1508
255 1288 2194
2194 255 1288
1288 255 2194
2610 522 2042
522 2042 2610
2042 522 2610
2782 315 1573
315 1573 2782
1573 315 2782
1402 584 2811
584 1402 2811
2811 584 1402
870 689 2333
689 870 2333
2333 689 870
378 1062 1800
1062 378 1800
1800 378 1062
2273 922 2375
922 2273 2375
2375 922 2273
313 1492 2080
2080 313 1492
1492 313 2080
2951 497 627
497 627 2951
627 497 2951
2641 2564 2607
2564 2607 2641
2607 2564 2641
1333 2165 2808
2808 1333 2165
2165 1333 2808
551 1882 2160
1882 551 2160
2160 551 1882
740 1182 2691
1182 740 2691
2691 740 1182
1302 398 2158
398 1302 2158
2158 398 1302
2492 626 2665
626 2492 2665
2665 626 2492
2879 35 2397
35 2397 2879
2397 35 2879
566 1334 2619
2619 566 1334
1334 566 2619
2147 657 791
791 657 2147
657 791 2147
1237 413 728
413 728 1237
728 413 1237
2804 1044 1152
1152 1044 2804
1044 1152 2804
741 1198 1898
1898 741 1198
1198 741 1898
1184 252 2174
252 1184 2174
2174 252 1184
939 1409 2956
2956 939 1409
1409 939 2956
46 295 1986
295 46 1986
1986 46 295
1450 179 2627
2627 179 1450
179 1450 2627
1623 1151 1522
1151 1522 1623
1522 1151 1623
1901 599 1077
599 1077 1901
1077 599 1901
373 972 1702
972 373 1702
1702 373 972
2278 951 2787
2787 951 2278
951 2278 2787
555 1924 2359
2359 555 1924
1924 555 2359
244 2483 2773
2773 244 2483
2483 244 2773
995 1652 1940
1652 995 1940
1940 995 1652
1718 811 1723
811 1718 1723
1723 811 1718
2202 665 1498
665 1498 2202
1498 665 2202
1516 2436 2797
2436 1516 2797
2797 1516 2436
1551 914 2639
2639 914 1551
914 1551 2639
2258 125 2971
125 2258 2971
2971 125 2258
2033 867 2844
2844 867 2033
867 2033 2844
301 451 1081
1081 301 451
451 301 1081
84 1923 2092
2092 84 1923
1923 84 2092
1730 792 1970
792 1730 1970
1970 792 1730
2329 1293 2726
1293 2329 2726
2726 1293 2329
1502 1868 2892
1868 1502 2892
2892 1502 1868
1559 249 1102
249 1102 1559
1102 249 1559
2062 574 891
574 891 2062
891 574 2062
354 1670 2024
2024 354 1670
1670 354 2024
2732 2328 2970
2970 2328 2732
2328 2732 2970
16 984 1835
1835 16 984
984 16 1835
2640 1833 2040
2040 1833 2640
1833 2040 2640
1337 973 1231
1231 973 1337
973 1231 1337
1949 83 2798
83 1949 2798
2798 83 1949
2779 861 1164
1164 861 2779
861 1164 2779
1540 647 2563
2563 647 1540
647 1540 2563
1842 515 1959
1959 515 1842
515 1842 1959
471 1304 2180
2180 471 1304
1304 471 2180
1004 105 2658
105 1004 2658
2658 105 1004
2435 164 1129
164 1129 2435
1129 164 2435
1230 510 1781
1781 510 1230
510 1230 1781
1751 1417 2889
2889 1417 1751
1417 1751 2889
72 175 1784
175 72 1784
1784 72 175
2338 1554 2045
1554 2045 2338
2045 1554 2338
182 1076 1211
1076 182 1211
1211 182 1076
291 2073 2702
2702 291 2073
2073 291 2702
1292 938 2408
2408 938 1292
938 1292 2408
1375 124 290
124 290 1375
290 124 1375
693 722 1373
1373 693 722
722 693 1373
2340 2203 2371
2203 2340 2371
2371 2203 2340
27 102 2235
2235 27 102
102 27 2235
1746 701 1317
1317 701 1746
701 1317 1746
1131 11 1992
1992 11 1131
11 1131 1992
999 512 1665
512 999 1665
1665 512 999
2205 1534 1560
1534 1560 2205
1560 1534 2205
297 163 992
163 297 992
992 163 297
353 1254 1782
1782 353 1254
1254 353 1782
344 1964 1973
1964 344 1973
1973 344 1964
1569 1011 1029
1029 1011 1569
1011 1029 1569
605 1097 1774
1774 605 1097
1097 605 1774
1110 1431 1850
1850 1110 1431
1431 1110 1850
348 1767 2735
2735 348 1767
1767 348 2735
117 851 1731
851 117 1731
1731 117 851
1468 711 2724
2724 711 1468
711 1468 2724
1590 100 832
100 832 1590
832 100 1590
965 1849 2265
2265 965 1849
1849 965 2265
2457 436 2821
2821 436 2457
436 2457 2821
2026 361 950
361 950 2026
950 361 2026
1783 635 1638
635 1638 1783
1638 635 1783
1167 528 1666
528 1167 1666
1666 528 1167
940 1716 2237
1716 940 2237
2237 940 1716
2647 81 2677
2677 81 2647
81 2647 2677
308 71 1176
1176 71 308
71 308 1176
1436 1458 2346
1458 1436 2346
2346 1436 1458
2842 3 1773
1773 3 2842
3 1773 2842
919 404 2861
404 919 2861
2861 404 919
38 505 1736
1736 38 505
505 38 1736
1012 1226 2125
2125 1012 1226
1226 1012 2125
752 2403 2477
2403 752 2477
2477 752 2403
2743 716 2772
2772 716 2743
716 2743 2772
1592 757 1905
757 1592 1905
1905 757 1592
2266 1576 2255
2255 1576 2266
1576 2255 2266
970 1896 2458
2458 970 1896
1896 970 2458
204 624 2178
624 204 2178
2178 204 624
1574 640 2418
640 1574 2418
2418 640 1574
1626 1654 2857
1654 1626 2857
2857 1626 1654
211 490 1619
1619 211 490
490 211 1619
762 1503 2446
1503 762 2446
2446 762 1503
1809 250 1368
1368 250 1809
250 1368 1809
1900 1566 2279
2279 1566 1900
1566 1900 2279
1860 2302 2730
2730 1860 2302
2302 1860 2730
607 256 905
905 256 607
256 607 905
1045 754 2410
2410 754 1045
754 1045 2410
2142 1664 2195
2195 1664 2142
1664 2142 2195
2466 234 2505
234 2466 2505
2505 234 2466
1910 2432 2628
2432 1910 2628
2628 1910 2432
1144 1030 2968
1030 1144 2968
2968 1030 1144
828 833 2373
833 828 2373
2373 828 833
1471 1804 2602
2602 1471 1804
1804 1471 2602
2081 880 998
998 880 2081
880 998 2081
1639 213 1397
213 1397 1639
1397 213 1639
853 544 1213
1213 544 853
544 853 1213
2976 1021 1080
1021 1080 2976
1080 1021 2976
772 746 2549
2549 746 772
746 772 2549
263 365 2966
365 263 2966
2966 263 365
2336 2862 2868
2862 2336 2868
2868 2336 2862
611 604 2305
604 611 2305
2305 604 611
2873 725 1447
1447 725 2873
725 1447 2873
713 885 2153
2153 713 885
885 713 2153
1981 1072 2087
1072 1981 2087
2087 1072 1981
172 822 2688
2688 172 822
822 172 2688
890 1179 2413
2413 890 1179
1179 890 2413
449 429 644
644 429 449
429 449 644
2071 745 1980
745 1980 2071
1980 745 2071
1349 834 2703
834 1349 2703
2703 834 1349
321 1320 1933
1320 321 1933
1933 321 1320
2176 481 2106
481 2106 2176
2106 481 2176
1175 906 1907
1907 906 1175
906 1175 1907
502 1539 1899
1899 502 1539
1539 502 1899
187 1124 2716
2716 187 1124
1124 187 2716
2928 2013 2065
2013 2065 2928
2065 2013 2928
2698 1423 2744
2744 1423 2698
1423 2698 2744
2264 160 2884
2884 160 2264
160 2264 2884
2453 1084 1391
1084 1391 2453
1391 1084 2453
2777 679 1897
1897 679 2777
679 1897 2777
2574 1709 2138
1709 2138 2574
2138 1709 2574
270 503 1169
1169 270 503
503 270 1169
190 695 1259
1259 190 695
695 190 1259
119 154 1220
1220 119 154
154 119 1220
1578 1994 2684
2684 1578 1994
1994 1578 2684
1692 2392 2902
2392 1692 2902
2902 1692 2392
369 338 1501
1501 338 369
338 369 1501
1805 857 2981
2981 857 1805
857 1805 2981
1139 407 2025
407 1139 2025
2025 407 1139
2662 656 845
656 845 2662
845 656 2662
1426 894 1811
894 1426 1811
1811 894 1426
2955 734 1443
1443 734 2955
734 1443 2955
1828 859 1789
1789 859 1828
859 1789 1828
2372 1000 1541
1541 1000 2372
1000 1541 2372
2361 1643 2394
1643 2361 2394
2394 1643 2361
2004 112 2332
112 2004 2332
2332 112 2004
2839 593 1015
593 1015 2839
1015 593 2839
1413 844 2017
844 1413 2017
2017 844 1413
2490 1555 1747
1747 1555 2490
1555 1747 2490
1913 955 1059
955 1059 1913
1059 955 1913
1869 374 2419
2419 374 1869
374 1869 2419
1480 1622 2674
1622 1480 2674
2674 1480 1622
229 980 2230
980 229 2230
2230 229 980
2111 1908 2697
2697 1908 2111
1908 2111 2697
2098 23 1676
23 1676 2098
1676 23 2098
2260 1440 2056
2056 1440 2260
1440 2056 2260
2653 272 1338
272 1338 2653
1338 272 2653
446 781 1381
1381 446 781
781 446 1381
1324 73 696
73 696 1324
696 73 1324
387 923 1514
923 387 1514
1514 387 923
2612 1609 2196
2196 1609 2612
1609 2196 2612
790 829 2311
2311 790 829
829 790 2311
2427 130 2827
2827 130 2427
130 2427 2827
2930 259 1658
259 1658 2930
1658 259 2930
636 333 2213
333 636 2213
2213 333 636
1735 869 1911
869 1735 1911
1911 869 1735
2766 694 2377
694 2377 2766
2377 694 2766
1177 686 2855
686 1177 2855
2855 686 1177
876 1415 2932
2932 876 1415
1415 876 2932
1068 612 2234
2234 612 1068
612 1068 2234
2965 2034 2342
2342 2034 2965
2034 2342 2965
1865 288 1549
288 1549 1865
1549 288 1865
1628 1844 2461
2461 1628 1844
1844 1628 2461
2979 1165 2700
2700 1165 2979
1165 2700 2979
1617 1236 2402
1236 1617 2402
2402 1236 1617
1527 405 2577
405 1527 2577
2577 405 1527
1976 142 2901
142 1976 2901
2901 142 1976
476 491 1818
491 476 1818
1818 476 491
2445 2267 2591
2267 2445 2591
2591 2267 2445
2310 537 610
537 610 2310
610 537 2310
1240 1400 2962
1400 1240 2962
2962 1240 1400
2752 1212 1827
1827 1212 2752
1212 1827 2752
2285 273 2763
273 2285 2763
2763 273 2285
2620 2128 2675
2128 2620 2675
2675 2128 2620
1255 962 1769
1769 962 1255
962 1255 1769
847 425 908
908 425 847
425 847 908
324 351 2987
351 324 2987
2987 324 351
2849 197 1545
1545 197 2849
197 1545 2849
2888 1565 2021
1565 2021 2888
2021 1565 2888
2667 787 2975
2975 787 2667
787 2667 2975
1104 2946 2989
2946 1104 2989
2989 1104 2946
2832 137 803
137 803 2832
803 137 2832
1919 1319 2428
1319 1919 2428
2428 1319 1919
909 750 2622
2622 750 909
750 909 2622
2489 1245 2795
1245 2489 2795
2795 1245 2489
1742 712 2343
2343 712 1742
712 1742 2343
663 1998 2206
1998 663 2206
2206 663 1998
2339 487 2254
2254 487 2339
487 2254 2339
2533 895 1078
1078 895 2533
895 1078 2533
1677 432 1548
1548 432 1677
432 1548 1677
755 700 2923
2923 700 755
700 755 2923
1441 52 2307
52 1441 2307
2307 52 1441
2390 431 826
826 431 2390
431 826 2390
1243 57 188
188 57 1243
57 188 1243
1396 140 723
140 723 1396
723 140 1396
736 311 2509
2509 311 736
311 736 2509
2542 971 1715
971 1715 2542
1715 971 2542
2985 1657 2921
2921 1657 2985
1657 2921 2985
1795 216 2426
216 1795 2426
2426 216 1795
1467 643 784
643 784 1467
784 643 1467
2474 513 2182
2182 513 2474
513 2182 2474
964 1399 2872
1399 964 2872
2872 964 1399
2391 761 966
966 761 2391
761 966 2391
2558 2578 2731
2578 2558 2731
2731 2558 2578
386 1830 2440
1830 386 2440
2440 386 1830
2954 564 863
863 564 2954
564 863 2954
342 1737 2167
2167 342 1737
1737 342 2167
2503 317 1208
317 1208 2503
1208 317 2503
2525 1852 2000
2000 1852 2525
1852 2000 2525
2232 1448 2820
1448 2232 2820
2820 1448 2232
2360 2448 2541
2448 2360 2541
2541 2360 2448
281 358 1022
358 281 1022
1022 281 358
2545 74 1065
74 1065 2545
1065 74 2545
1543 1765 1971
1971 1543 1765
1765 1543 1971
720 287 1647
287 720 1647
1647 287 720
1377 268 619
619 268 1377
268 619 1377
1117 591 2406
591 1117 2406
2406 591 1117
541 1005 1640
1005 541 1640
1640 541 1005
1200 414 2431
414 1200 2431
2431 414 1200
2146 465 2894
2894 465 2146
465 2146 2894
1222 902 2231
2231 902 1222
902 1222 2231
2388 1238 2990
1238 2388 2990
2990 1238 2388
19 377 2011
2011 19 377
377 19 2011
1861 37 1223
1223 37 1861
37 1223 1861
379 798 2693
798 379 2693
2693 379 798
578 261 1538
261 578 1538
1538 261 578
2687 2248 2292
2248 2292 2687
2292 2248 2687
527 1420 2209
1420 527 2209
2209 527 1420
1470 1111 2148
1111 1470 2148
2148 1111 1470
2871 2086 2522
2522 2086 2871
2086 2522 2871
1768 1536 1893
1893 1536 1768
1536 1768 1893
2233 240 2484
2484 240 2233
240 2233 2484
1972 1145 2878
1145 1972 2878
2878 1145 1972
2980 1038 2792
2792 1038 2980
1038 2792 2980
633 440 877
440 633 877
877 440 633
1957 1372 2200
1372 1957 2200
2200 1372 1957
376 751 961
961 376 751
751 376 961
2449 1485 2869
2869 1485 2449
1485 2449 2869
2356 1683 2561
2561 1683 2356
1683 2356 2561
575 66 2129
66 575 2129
2129 66 575
418 1380 2689
2689 418 1380
1380 418 2689
2236 1298 2421
1298 2236 2421
2421 1298 2236
1024 1055 2850
2850 1024 1055
1055 1024 2850
1991 1327 2219
2219 1327 1991
1327 1991 2219
2465 457 1232
457 1232 2465
1232 457 2465
60 237 1388
237 60 1388
1388 60 237
375 625 1931
1931 375 625
625 375 1931
1645 661 2746
2746 661 1645
661 1645 2746
2506 1347 2500
2500 1347 2506
1347 2500 2506
2012 738 1360
738 1360 2012
1360 738 2012
1808 978 1613
978 1613 1808
1613 978 1808
456 355 1951
355 456 1951
1951 355 456
450 17 1210
17 450 1210
1210 17 450
395 475 1813
1813 395 475
475 395 1813
2755 219 769
219 769 2755
769 219 2755
421 2423 2571
2423 421 2571
2571 421 2423
2833 1674 1929
1929 1674 2833
1674 1929 2833
2538 254 2535
254 2535 2538
2535 254 2538
2334 1605 2618
2618 1605 2334
1605 2334 2618
402 40 1693
40 402 1693
1693 40 402
771 53 1965
53 771 1965
1965 53 771
426 360 477
360 426 477
477 360 426
2315 363 2823
363 2315 2823
2823 363 2315
243 2863 2935
2863 243 2935
2935 243 2863
399 2108 2411
2411 399 2108
2108 399 2411
1909 483 1026
1026 483 1909
483 1026 1909
485 1775 2706
2706 485 1775
1775 485 2706
115 920 1444
1444 115 920
920 115 1444
1690 1429 1465
1465 1429 1690
1429 1465 1690
2785 126 1606
1606 126 2785
126 1606 2785
2606 210 1840
1840 210 2606
210 1840 2606
29 501 1872
501 29 1872
1872 29 501
2661 889 2242
889 2242 2661
2242 889 2661
1171 1134 1495
1134 1171 1495
1495 1134 1171
2289 1524 2813
1524 2289 2813
2813 1524 2289
818 199 1748
199 818 1748
1748 199 818
1786 779 1607
779 1607 1786
1607 779 1786
275 116 2557
2557 116 275
116 275 2557
2002 2679 2694
2694 2002 2679
2679 2002 2694
1871 948 2036
948 1871 2036
2036 948 1871
206 1303 1630
1630 206 1303
1303 206 1630
682 159 674
674 159 682
159 674 682
774 616 1997
616 774 1997
1997 616 774
795 120 1061
1061 120 795
120 795 1061
2007 1106 1937
1937 1106 2007
1106 1937 2007
1330 1838 2476
1838 1330 2476
2476 1330 1838
778 756 1686
1686 756 778
756 778 1686
111 960 2281
2281 111 960
960 111 2281
509 1451 2858
1451 509 2858
2858 509 1451
794 1943 2718
2718 794 1943
1943 794 2718
205 1629 2347
1629 205 2347
2347 205 1629
1990 638 1707
638 1707 1990
1707 638 1990
478 493 1382
493 478 1382
1382 478 493
349 2104 2771
2771 349 2104
2104 349 2771
918 238 1903
238 918 1903
1903 238 918
48 462 2825
462 48 2825
2825 48 462
681 1248 1557
1557 681 1248
1248 681 1557
2226 1567 1596
1567 1596 2226
1596 1567 2226
655 170 1625
170 655 1625
1625 170 655
2791 1460 2570
2570 1460 2791
1460 2570 2791
2309 1234 2072
2072 1234 2309
1234 2072 2309
504 936 2422
2422 504 936
936 504 2422
941 1090 1845
1845 941 1090
1090 941 1845
2035 1001 2810
2810 1001 2035
1001 2035 2810
2481 1883 2554
1883 2481 2554
2554 1883 2481
855 10 127
127 10 855
10 127 855
2682 1133 2382
1133 2382 2682
2382 1133 2682
2977 217 813
813 217 2977
217 813 2977
1642 766 1476
766 1476 1642
1476 766 1642
943 748 1916
1916 748 943
748 943 1916
773 2183 2652
2183 773 2652
2652 773 2183
874 479 1563
1563 479 874
479 874 1563
2300 1204 1968
1968 1204 2300
1204 1968 2300
153 1719 2378
2378 153 1719
1719 153 2378
2920 1046 2462
2462 1046 2920
1046 2462 2920
2282 878 2986
2986 878 2282
878 2282 2986
815 1262 2594
1262 815 2594
2594 815 1262
2569 1251 1651
1651 1251 2569
1251 1651 2569
2793 208 2530
2530 208 2793
208 2530 2793
1335 226 2262
2262 226 1335
226 1335 2262
77 221 1199
221 77 1199
1199 77 221
1158 1009 1726
1009 1158 1726
1726 1009 1158
2185 702 949
949 702 2185
702 949 2185
2912 559 2714
2714 559 2912
559 2714 2912
480 721 768
768 480 721
721 480 768
2943 2721 2764
2764 2721 2943
2721 2764 2943
2197 2173 2207
2207 2173 2197
2173 2197 2207
2940 883 1096
883 1096 2940
1096 883 2940
704 2676 2760
2676 704 2760
2760 704 2676
884 690 1148
1148 690 884
690 884 1148
1310 759 806
759 806 1310
806 759 1310
2742 101 231
231 101 2742
101 231 2742
2398 1653 2559
2559 1653 2398
1653 2398 2559
583 793 1275
1275 583 793
793 583 1275
2091 2211 2601
2601 2091 2211
2211 2091 2601
1185 1119 1682
1682 1119 1185
1119 1185 1682
247 1906 2434
2434 247 1906
1906 247 2434
836 258 530
258 530 836
530 258 836
2909 1650 1885
1650 1885 2909
1885 1650 2909
1497 1043 2973
2973 1043 1497
1043 1497 2973
2405 94 1603
1603 94 2405
94 1603 2405
283 642 1103
1103 283 642
642 283 1103
1462 1135 2778
1135 1462 2778
2778 1135 1462
1053 683 2430
683 1053 2430
2430 683 1053
1269 568 1694
1694 568 1269
568 1269 1694
1618 157 1941
157 1618 1941
1941 157 1618
1816 203 2084
203 1816 2084
2084 203 1816
2555 780 2296
2296 780 2555
780 2296 2555
2656 2348 2452
2452 2348 2656
2348 2452 2656
2032 1946 2118
2118 1946 2032
1946 2032 2118
749 1759 2249
2249 749 1759
1759 749 2249
2722 492 1799
1799 492 2722
492 1799 2722
1945 963 2425
2425 963 1945
963 1945 2425
180 274 410
274 180 410
410 180 274
2988 1191 1917
1917 1191 2988
1191 1917 2988
1999 489 2134
2134 489 1999
489 1999 2134
499 2473 2875
2875 499 2473
2473 499 2875
2020 1511 2632
2632 1511 2020
1511 2020 2632
958 1385 1834
1834 958 1385
1385 958 1834
2031 1729 2784
2784 1729 2031
1729 2031 2784
2712 1762 1831
1762 1831 2712
1831 1762 2712
1268 925 1067
925 1067 1268
1067 925 1268
1258 202 1157
202 1157 1258
1157 202 1258
1357 1371 2370
1371 1357 2370
2370 1357 1371
472 1947 2905
2905 472 1947
1947 472 2905
2741 1771 1857
1771 1857 2741
1857 1771 2741
1125 776 2297
776 1125 2297
2297 776 1125
1734 989 2856
989 1734 2856
2856 989 1734
729 1478 2638
1478 729 2638
2638 729 1478
2596 198 1519
1519 198 2596
198 1519 2596
2384 1136 2277
1136 2277 2384
2277 1136 2384
1274 424 1787
1787 424 1274
424 1274 1787
1202 253 1407
253 1202 1407
1407 253 1202
2824 1510 1814
1814 1510 2824
1510 1814 2824
1264 576 2642
2642 576 1264
576 1264 2642
2957 1529 2510
2510 1529 2957
1529 2510 2957
1581 1689 2942
2942 1581 1689
1689 1581 2942
2139 2631 2775
2775 2139 2631
2631 2139 2775
1889 434 2362
434 1889 2362
2362 434 1889
1058 934 1760
1760 934 1058
934 1058 1760
123 2252 2927
2927 123 2252
2252 123 2927
2947 70 671
70 671 2947
671 70 2947
145 2290 2460
2290 145 2460
2460 145 2290
1155 1892 2093
1892 1155 2093
2093 1155 1892
1071 1361 2116
1361 1071 2116
2116 1071 1361
968 1340 2519
2519 968 1340
1340 968 2519
932 562 606
606 562 932
562 606 932
662 486 707
486 662 707
707 486 662
2796 1101 2039
1101 2039 2796
2039 1101 2796
854 733 2579
2579 733 854
733 854 2579
1823 22 2271
2271 22 1823
22 1823 2271
223 1864 2268
1864 223 2268
2268 223 1864
2983 47 49
49 47 2983
47 49 2983
2335 445 727
727 445 2335
445 727 2335
2899 1174 2502
2502 1174 2899
1174 2502 2899
843 731 2239
2239 731 843
731 843 2239
2572 560 837
560 837 2572
837 560 2572
2220 1137 2948
2948 1137 2220
1137 2220 2948
2651 1810 2710
1810 2651 2710
2710 1810 2651
2322 621 2757
2757 621 2322
621 2322 2757
2083 284 2471
284 2083 2471
2471 284 2083
2190 64 1950
1950 64 2190
64 1950 2190
2313 1708 2592
2592 1708 2313
1708 2313 2592
825 1132 1634
1634 825 1132
1132 825 1634
1649 370 1138
370 1138 1649
1138 370 1649
2208 1115 2944
2944 1115 2208
1115 2208 2944
2240 1621 2396
2396 1621 2240
1621 2240 2396
1836 68 447
447 68 1836
68 447 1836
2130 251 2655
251 2130 2655
2655 251 2130
1306 1089 2246
2246 1089 1306
1089 1306 2246
460 9 2625
2625 9 460
9 460 2625
715 1114 1261
1114 715 1261
1261 715 1114
1632 1257 2870
1257 1632 2870
2870 1257 1632
2395 323 2133
323 2133 2395
2133 323 2395
401 380 1925
1925 380 401
380 401 1925
1853 2122 2442
2442 1853 2122
2122 1853 2442
1048 2244 2304
2244 1048 2304
2304 1048 2244
563 248 1483
1483 248 563
248 563 1483
239 760 2383
760 239 2383
2383 239 760
517 2079 2253
2079 517 2253
2253 517 2079
667 1123 2102
1123 667 2102
2102 667 1123
416 1214 1278
1278 416 1214
1214 416 1278
1069 494 581
494 581 1069
581 494 1069
1363 177 2407
177 1363 2407
2407 177 1363
2659 2864 2887
2864 2659 2887
2887 2659 2864
2507 346 1681
1681 346 2507
346 1681 2507
2636 1918 2853
1918 2636 2853
2853 1918 2636
2799 1007 1778
1778 1007 2799
1007 1778 2799
2386 169 1793
169 1793 2386
1793 169 2386
2950 224 1513
1513 224 2950
224 1513 2950
1646 703 1904
1904 703 1646
703 1646 1904
463 26 2287
2287 26 463
26 463 2287
2119 1757 2526
2526 1757 2119
1757 2119 2526
2469 118 2765
118 2469 2765
2765 118 2469
2018 597 1699
1699 597 2018
597 1699 2018
2159 937 1359
937 1359 2159
1359 937 2159
2664 470 546
470 546 2664
546 470 2664
1482 1454 2057
2057 1454 1482
1454 1482 2057
2678 79 669
79 669 2678
669 79 2678
1687 737 2898
2898 737 1687
737 1687 2898
775 1714 1944
1714 775 1944
1944 775 1714
2633 864 2199
2199 864 2633
864 2199 2633
2404 2543 2720
2543 2404 2720
2720 2404 2543
1656 986 2171
2171 986 1656
986 1656 2171
2837 403 1432
403 1432 2837
1432 403 2837
2969 623 2876
2876 623 2969
623 2876 2969
1801 1424 1660
1424 1660 1801
1660 1424 1801
122 106 1936
1936 106 122
106 122 1936
2933 382 438
438 382 2933
382 438 2933
1263 1404 2874
2874 1263 1404
1404 1263 2874
959 1130 1280
1280 959 1130
1130 959 1280
975 1325 2929
2929 975 1325
1325 975 2929
2041 2331 2781
2331 2041 2781
2781 2041 2331
1636 2978 2991
2978 1636 2991
2991 1636 2978
352 417 1408
417 352 1408
1408 352 417
586 362 482
362 482 586
482 362 586
135 466 2709
2709 135 466
466 135 2709
209 1343 2534
1343 209 2534
2534 209 1343
121 6 1562
6 121 1562
1562 6 121
601 1366 2063
2063 601 1366
1366 601 2063
1725 969 1695
1695 969 1725
969 1695 1725
2548 266 2164
266 2164 2548
2164 266 2548
1568 337 1505
1505 337 1568
337 1505 1568
1732 1218 2646
1218 1732 2646
2646 1218 1732
841 1843 2003
2003 841 1843
1843 841 2003
2060 801 1309
1309 801 2060
801 1309 2060
2306 802 2023
802 2023 2306
2023 802 2306
1418 2096 2807
2096 1418 2807
2807 1418 2096
921 917 1376
917 921 1376
1376 917 921
1206 1300 2906
2906 1206 1300
1300 1206 2906
5 856 3000
856 5 3000
3000 5 856
2660 1 88
88 1 2660
1 88 2660
2953 139 629
139 629 2953
629 139 2953
2318 269 455
455 269 2318
269 455 2318
589 400 2010
400 589 2010
2010 400 589
1958 13 1143
1143 13 1958
13 1143 1958
1797 896 2770
2770 896 1797
896 1797 2770
1341 819 2890
819 1341 2890
2890 819 1341
134 1279 1580
1580 134 1279
1279 134 1580
2088 383 2613
2613 383 2088
383 2088 2613
521 1094 2070
2070 521 1094
1094 521 2070
1550 2566 2616
2616 1550 2566
2566 1550 2616
1530 846 1247
1247 846 1530
846 1247 1530
808 1582 2144
2144 808 1582
1582 808 2144
2600 1884 2089
1884 2089 2600
2089 1884 2600
2829 2499 2816
2499 2816 2829
2816 2499 2829
1365 1356 1870
1870 1356 1365
1356 1365 1870
36 602 1635
1635 36 602
602 36 1635
1912 1051 2393
1051 1912 2393
2393 1051 1912
2238 1008 2030
1008 2030 2238
2030 1008 2238
1932 1422 2038
2038 1422 1932
1422 1932 2038
2284 1995 2790
2790 1995 2284
1995 2284 2790
717 156 1370
1370 156 717
156 717 1370
1826 277 1312
277 1312 1826
1312 277 1826
1260 2115 2528
2115 1260 2528
2528 1260 2115
1620 1895 2865
2865 1620 1895
1895 1620 2865
2582 1336 1364
1364 1336 2582
1336 1364 2582
152 658 2705
2705 152 658
658 152 2705
419 1354 1395
1395 419 1354
1354 419 1395
2958 245 1411
1411 245 2958
245 1411 2958
1824 705 1955
705 1824 1955
1955 705 1824
809 622 2294
622 809 2294
2294 622 809
1584 443 848
443 848 1584
848 443 1584
1499 2414 2847
2414 1499 2847
2847 1499 2414
2759 849 2707
849 2707 2759
2707 849 2759
2097 310 1926
1926 310 2097
310 1926 2097
1740 628 2168
628 1740 2168
2168 628 1740
706 600 2964
2964 600 706
600 706 2964
427 1028 1966
1028 427 1966
1966 427 1028
1367 1153 2769
2769 1153 1367
1153 1367 2769
639 786 2904
2904 639 786
786 639 2904
194 1075 1854
1075 194 1854
1854 194 1075
1064 423 1631
423 1064 1631
1631 423 1064
1190 1954 2961
2961 1190 1954
1954 1190 2961
2952 391 2364
391 2364 2952
2364 391 2952
817 1118 1307
1307 817 1118
1118 817 1307
439 1100 2330
1100 439 2330
2330 439 1100
1610 1633 2573
2573 1610 1633
1633 1610 2573
2974 113 1052
1052 113 2974
113 1052 2974
2127 1890 1996
1890 1996 2127
1996 1890 2127
2161 2095 2357
2357 2095 2161
2095 2161 2357
688 511 592
511 592 688
592 511 688
1756 1571 1758
1571 1756 1758
1758 1571 1756
1195 990 2806
2806 990 1195
990 1195 2806
603 595 1583
1583 595 603
595 603 1583
2501 997 1977
1977 997 2501
997 1977 2501
2867 144 2132
2132 144 2867
144 2132 2867
1183 1627 2822
2822 1183 1627
1627 1183 2822
2546 133 2221
133 2221 2546
2221 133 2546
1316 799 882
882 799 1316
799 882 1316
1425 820 2532
2532 820 1425
820 1425 2532
1229 1107 1532
1107 1229 1532
1532 1107 1229
1154 572 2536
572 1154 2536
2536 572 1154
2467 1285 1704
1704 1285 2467
1285 1704 2467
2210 242 1091
242 1091 2210
1091 242 2210
2562 613 2911
2911 613 2562
613 2562 2911
2100 90 1339
90 1339 2100
1339 90 2100
2027 193 2614
193 2027 2614
2614 193 2027
1196 548 1092
548 1092 1196
1092 548 1196
1733 1322 2982
1322 1733 2982
2982 1322 1733
1679 1201 1518
1518 1201 1679
1201 1518 1679
357 18 2354
18 357 2354
2354 18 357
189 30 1974
1974 30 189
30 189 1974
1017 654 770
770 654 1017
654 770 1017
24 1172 2780
1172 24 2780
2780 24 1172
2358 2319 2907
2319 2358 2907
2907 2319 2358
2701 540 1866
540 1866 2701
1866 540 2701
1459 280 2008
2008 280 1459
280 1459 2008
2478 1591 1711
1711 1591 2478
1591 1711 2478
1033 1141 1496
1141 1033 1496
1496 1033 1141
1161 148 307
307 148 1161
148 307 1161
1669 1313 1612
1313 1612 1669
1612 1313 1669
1308 1301 2934
1301 1308 2934
2934 1301 1308
55 1588 2450
1588 55 2450
2450 55 1588
952 294 1948
294 952 1948
1948 294 952
1659 166 2896
2896 166 1659
166 1659 2896
1829 2054 2668
2054 1829 2668
2668 1829 2054
699 89 1329
1329 89 699
89 699 1329
2175 1163 1412
1412 1163 2175
1163 1412 2175
98 1728 2154
2154 98 1728
1728 98 2154
1006 2212 2903
2212 1006 2903
2903 1006 2212
1463 196 1162
196 1162 1463
1162 196 1463
2464 930 1984
1984 930 2464
930 1984 2464
2456 1056 2645
1056 2456 2645
2645 1056 2456
1812 1427 2556
2556 1427 1812
1427 1812 2556
852 807 2352
807 852 2352
2352 807 852
2715 1575 1750
1575 1750 2715
1750 1575 2715
1668 1939 2581
1939 1668 2581
2581 1668 1939
1764 824 2848
824 1764 2848
2848 824 1764
2177 1962 2047
2047 1962 2177
1962 2047 2177
783 444 552
552 444 783
444 552 783
2493 875 2409
2409 875 2493
875 2409 2493
1967 1520 1593
1593 1520 1967
1520 1593 1967
488 1755 2854
1755 488 2854
2854 488 1755
2972 1921 2831
2831 1921 2972
1921 2831 2972
1328 514 550
550 514 1328
514 550 1328
448 389 2819
389 448 2819
2819 389 448
1315 1178 1920
1178 1315 1920
1920 1178 1315
1311 1544 2369
2369 1311 1544
1544 1311 2369
335 743 2818
743 335 2818
2818 335 743
1014 371 996
371 996 1014
996 371 1014
1721 286 2068
286 1721 2068
2068 286 1721
165 207 561
561 165 207
207 165 561
1156 61 1410
1410 61 1156
61 1156 1410
276 535 1217
1217 276 535
535 276 1217
50 1489 2938
1489 50 2938
2938 50 1489
441 1105 2312
2312 441 1105
1105 441 2312
691 149 312
312 149 691
149 312 691
2803 2 1088
2 1088 2803
1088 2 2803
104 7 2136
7 104 2136
2136 7 104
44 1414 2739
2739 44 1414
1414 44 2739
2630 1294 1477
1294 1477 2630
1477 1294 2630
15 484 1744
1744 15 484
484 15 1744
982 109 742
742 109 982
109 742 982
1047 1039 2131
1039 1047 2131
2131 1039 1047
2727 173 1837
1837 173 2727
173 1837 2727
565 687 2420
2420 565 687
687 565 2420
2624 178 1249
178 1249 2624
1249 178 2624
1394 1331 1597
1597 1331 1394
1331 1394 1597
356 42 789
42 356 789
789 42 356
2387 714 1874
1874 714 2387
714 1874 2387
1239 1611 2520
1611 1239 2520
2520 1239 1611
929 1491 2179
1491 929 2179
2179 929 1491
409 212 916
916 212 409
212 409 916
680 1600 1847
1600 680 1847
1847 680 1600
800 1493 1960
1493 800 1960
1960 800 1493
1209 903 979
903 979 1209
979 903 1209
2261 1082 2491
1082 2261 2491
2491 1082 2261
2595 1266 2270
2270 1266 2595
1266 2270 2595
2326 1741 2044
1741 2044 2326
2044 1741 2326
710 454 1002
454 710 1002
1002 454 710
1615 314 392
392 314 1615
314 392 1615
2337 2152 2995
2152 2337 2995
2995 2152 2337
2149 306 1675
306 1675 2149
1675 306 2149
2598 292 1547
292 1547 2598
1547 292 2598
498 136 991
991 136 498
136 498 991
615 78 2945
78 615 2945
2945 78 615
2437 1983 2918
2918 1983 2437
1983 2437 2918
384 2117 2186
2117 384 2186
2186 384 2117
161 128 2303
128 161 2303
2303 128 161
831 1975 2433
1975 831 2433
2433 831 1975
2805 668 1474
668 1474 2805
1474 668 2805
1362 364 2776
2776 364 1362
364 1362 2776
2925 359 810
810 359 2925
359 810 2925
797 1042 1085
1042 797 1085
1085 797 1042
1273 1449 1526
1449 1273 1526
1526 1273 1449
1469 1270 1873
1873 1270 1469
1270 1469 1873
1010 103 1035
1035 103 1010
103 1010 1035
464 285 2135
285 464 2135
2135 285 464
2789 987 2885
987 2789 2885
2885 987 2789
2323 1087 1599
1087 1599 2323
1599 1087 2323
220 900 2327
900 220 2327
2327 220 900
2511 1506 1935
1935 1506 2511
1506 1935 2511
684 1796 2269
2269 684 1796
1796 684 2269
1173 1150 2479
2479 1150 1173
1150 1173 2479
1761 931 1927
1927 931 1761
931 1761 1927
412 1149 2643
1149 412 2643
2643 412 1149
2826 1886 2053
1886 2053 2826
2053 1886 2826
1727 782 2685
2685 782 1727
782 1727 2685
1227 151 873
873 151 1227
151 873 1227
2728 2583 2877
2877 2583 2728
2583 2728 2877
1770 1242 2368
2368 1242 1770
1242 1770 2368
411 547 1344
547 411 1344
1344 411 547
114 672 1602
672 114 1602
1602 114 672
2747 183 650
183 650 2747
650 183 2747
300 2250 2605
2250 300 2605
2605 300 2250
2043 2191 2259
2191 2043 2259
2259 2043 2191
2223 303 570
570 303 2223
303 570 2223
2155 397 2341
397 2155 2341
2341 397 2155
1561 1066 2439
1066 1561 2439
2439 1066 1561
653 1915 2299
1915 653 2299
2299 653 1915
1661 473 1453
473 1453 1661
1453 473 1661
2552 1246 1374
1246 1374 2552
1374 1246 2552
549 69 1717
1717 69 549
69 549 1717
726 2055 2298
2298 726 2055
2055 726 2298
840 747 2075
2075 747 840
747 840 2075
1531 1585 2380
1585 1531 2380
2380 1531 1585
1988 1832 2495
2495 1832 1988
1832 1988 2495
1710 2567 2604
2567 1710 2604
2604 1710 2567
2729 76 2229
76 2229 2729
2229 76 2729
2494 34 1586
34 1586 2494
1586 34 2494
1848 646 1126
646 1126 1848
1126 646 1848
677 764 2222
764 677 2222
2222 677 764
4 257 2192
257 4 2192
2192 4 257
372 1326 2788
2788 372 1326
1326 372 2788
942 1216 2014
2014 942 1216
1216 942 2014
1856 28 850
850 28 1856
28 850 1856
25 739 2750
2750 25 739
739 25 2750
2681 331 2603
331 2603 2681
2603 331 2681
2960 1252 1604
1604 1252 2960
1252 1604 2960
1079 2170 2317
2170 1079 2317
2317 1079 2170
866 526 594
594 526 866
526 594 866
1587 214 1109
214 1109 1587
1109 214 1587
1878 129 1439
129 1439 1878
1439 129 1878
1147 860 2692
860 1147 2692
2692 860 1147
2666 1494 1780
1780 1494 2666
1494 1780 2666
2172 218 1678
1678 218 2172
218 1678 2172
1271 554 2019
554 1271 2019
2019 554 1271
2623 1146 2228
2228 1146 2623
1146 2228 2623
2417 1648 1794
1648 1794 2417
1794 1648 2417
827 1894 2648
1894 827 2648
2648 827 1894
54 2345 2459
2459 54 2345
2345 54 2459
1558 1398 2113
1398 1558 2113
2113 1398 1558
1031 452 1722
1722 452 1031
452 1031 1722
892 2316 2635
2316 892 2635
2635 892 2316
2515 304 2441
304 2441 2515
2441 304 2515
2272 1287 2629
1287 2272 2629
2629 1287 2272
1181 538 1235
538 1181 1235
1235 538 1181
2324 1108 2937
1108 2324 2937
2937 1108 2324
2022 222 858
858 222 2022
222 858 2022
289 2301 2663
2663 289 2301
2301 289 2663
632 1641 2162
1641 632 2162
2162 632 1641
1825 2157 2941
2157 1825 2941
2941 1825 2157
201 146 474
474 146 201
146 201 474
812 367 2189
367 812 2189
2189 367 812
567 1224 1697
1697 567 1224
1224 567 1697
2910 2527 2657
2657 2527 2910
2527 2657 2910
1673 719 1037
1037 719 1673
719 1037 1673
598 1428 1817
1817 598 1428
1428 598 1817
2201 2163 2768
2163 2201 2768
2768 2163 2201
459 1572 2783
2783 459 1572
1572 459 2783
2156 1815 2389
1815 2156 2389
2389 1815 2156
804 649 1452
1452 649 804
649 804 1452
1867 14 1792
14 1792 1867
1792 14 1867
664 1281 1705
1281 664 1705
1705 664 1281
2114 326 777
777 326 2114
326 777 2114
2090 2293 2654
2293 2090 2654
2654 2090 2293
2584 1401 2926
1401 2584 2926
2926 1401 2584
805 2169 2243
2169 805 2243
2243 805 2169
1953 350 1203
1203 350 1953
350 1203 1953
2353 1720 2381
2381 1720 2353
1720 2353 2381
1437 1290 1481
1481 1290 1437
1290 1437 1481
1116 2052 2082
2082 1116 2052
2052 1116 2082
2263 652 2150
2150 652 2263
652 2150 2263
907 1700 2529
2529 907 1700
1700 907 2529
2560 2107 2217
2217 2107 2560
2107 2217 2560
343 1193 2181
2181 343 1193
1193 343 2181
388 1788 2141
1788 388 2141
2141 388 1788
1272 954 1219
954 1219 1272
1219 954 1272
1985 585 2733
585 1985 2733
2733 585 1985
2939 678 2997
678 2939 2997
2997 678 2939
641 2539 2588
2539 641 2588
2588 641 2539
1688 65 1142
65 1142 1688
1142 65 1688
1040 368 1881
1881 368 1040
368 1040 1881
1284 228 2998
228 1284 2998
2998 228 1284
278 838 1537
1537 278 838
838 278 1537
2774 430 2105
430 2105 2774
2105 430 2774
1192 1839 2412
1839 1192 2412
2412 1192 1839
2734 524 2066
2066 524 2734
524 2066 2734
1820 910 2399
910 1820 2399
2399 910 1820
2531 901 935
901 935 2531
935 901 2531
2308 763 2881
2881 763 2308
763 2308 2881
985 571 1698
571 985 1698
1698 571 985
835 637 898
637 835 898
898 637 835
1963 12 1070
1070 12 1963
12 1070 1963
2580 587 1644
587 1644 2580
1644 587 2580
2061 533 590
533 590 2061
590 533 2061
977 897 2351
897 977 2351
2351 897 977
32 945 2794
945 32 2794
2794 32 945
1321 543 767
543 767 1321
767 543 1321
1433 1663 1680
1663 1433 1680
1680 1433 1663
2099 1289 2992
1289 2099 2992
2992 1289 2099
2214 435 2257
2257 435 2214
435 2214 2257
670 953 1969
1969 670 953
953 670 1969
1739 2094 2919
2094 1739 2919
2919 1739 2094
2830 814 1671
1671 814 2830
814 1671 2830
2184 1624 2140
1624 2140 2184
2140 1624 2184
2438 87 1283
87 1283 2438
1283 87 2438
1685 520 1342
1342 520 1685
520 1342 1685
1552 1086 1282
1086 1282 1552
1282 1086 1552
2524 293 879
879 293 2524
293 879 2524
1305 110 340
110 340 1305
340 110 1305
946 1942 2895
1942 946 2895
2895 946 1942
1256 262 2626
2626 262 1256
262 1256 2626
31 1023 2365
1023 31 2365
2365 31 1023
2064 2009 2711
2711 2009 2064
2009 2064 2711
420 264 830
264 420 830
830 264 420
2016 45 92
92 45 2016
45 92 2016
1655 1358 2470
2470 1358 1655
1358 1655 2470
2498 1353 2110
2110 1353 2498
1353 2110 2498
1019 2166 2513
2166 1019 2513
2513 1019 2166
577 1430 2713
1430 577 2713
2713 577 1430
1461 322 2900
2900 322 1461
322 1461 2900
2615 2748 2859
2748 2615 2859
2859 2615 2748
1416 1159 1859
1159 1416 1859
1859 1159 1416
67 1525 1875
1875 67 1525
1525 67 1875
2251 893 1314
1314 893 2251
893 1314 2251
318 319 2051
319 318 2051
2051 318 319
2586 1851 2967
1851 2586 2967
2967 1851 2586
1127 1122 2917
1122 1127 2917
2917 1122 1127
1291 516 2103
516 1291 2103
2103 516 1291
2812 162 2843
2843 162 2812
162 2812 2843
2379 80 765
765 80 2379
80 765 2379
2587 1802 2880
1802 2587 2880
2880 1802 2587
2758 1608 1749
1608 1749 2758
1749 1608 2758
1295 86 2401
2401 86 1295
86 1295 2401
1486 1054 1798
1054 1486 1798
1798 1054 1486
2504 976 1701
976 1701 2504
1701 976 2504
1696 915 928
928 915 1696
915 928 1696
2753 1013 2058
1013 2058 2753
2058 1013 2753
282 1345 2690
2690 282 1345
1345 282 2690
2215 2568 2959
2959 2215 2568
2568 2215 2959
1457 796 868
868 796 1457
796 868 1457
2350 63 469
469 63 2350
63 469 2350
1879 582 1542
582 1542 1879
1542 582 1879
2276 529 1379
529 1379 2276
1379 529 2276
1299 865 927
865 927 1299
927 865 1299
569 2123 2216
2216 569 2123
2123 569 2216
2224 97 1523
1523 97 2224
97 1523 2224
1779 732 1475
1475 732 1779
732 1475 1779
1667 393 2913
393 1667 2913
2913 393 1667
2725 1662 1956
1956 1662 2725
1662 1956 2725
1121 93 2050
93 1121 2050
2050 93 1121
2553 1112 1490
1112 1490 2553
1490 1112 2553
1207 944 1346
944 1207 1346
1346 944 1207
2049 887 1442
887 1442 2049
1442 887 2049
91 500 1982
1982 91 500
500 91 1982
2076 327 2762
327 2076 2762
2762 327 2076
2576 1099 2067
2067 1099 2576
1099 2067 2576
147 108 1564
108 147 1564
1564 108 147
899 2188 2949
2188 899 2949
2949 899 2188
1188 519 2126
519 1188 2126
2126 519 1188
842 279 2193
279 842 2193
