2765 735 2107
735 2107 2765
2107 735 2765
124 1891 2058
1891 124 2058
2058 124 1891
273 2023 2804
2804 273 2023
2023 273 2804
2003 552 2505
552 2003 2505
2505 552 2003
2856 1061 1353
1353 1061 2856
1061 1353 2856
1931 1818 2236
1818 1931 2236
2236 1818 1931
429 636 2412
636 429 2412
2412 429 636
1541 97 861
861 97 1541
97 861 1541
259 2176 2836
2176 259 2836
2836 259 2176
2591 2638 2833
2638 2591 2833
2833 2591 2638
929 2390 2683
2390 929 2683
2683 929 2390
749 143 1629
1629 143 749
143 749 1629
2994 1123 1790
1123 1790 2994
1790 1123 2994
2356 8 2419
2419 8 2356
8 2356 2419
2233 593 980
593 980 2233
980 593 2233
839 2381 2743
2381 839 2743
2743 839 2381
1983 281 2615
2615 281 1983
281 1983 2615
53 511 550
550 53 511
511 53 550
1195 1597 1691
1597 1195 1691
1691 1195 1597
840 424 1720
424 840 1720
1720 424 840
972 1975 2092
1975 972 2092
2092 972 1975
2521 2156 2746
2156 2521 2746
2746 2156 2521
1465 846 2257
846 1465 2257
2257 846 1465
2399 234 493
493 234 2399
234 493 2399
2656 580 1717
580 1717 2656
1717 580 2656
2826 217 2860
2860 217 2826
217 2826 2860
2263 1460 2598
2598 1460 2263
1460 2263 2598
284 692 2779
692 284 2779
2779 284 692
2165 708 1468
708 1468 2165
1468 708 2165
2032 1661 2074
1661 2032 2074
2074 1661 2032
2975 876 2383
2383 876 2975
876 2383 2975
99 1906 1987
1906 99 1987
1987 99 1906
1549 571 786
571 786 1549
786 571 1549
237 302 2645
302 237 2645
2645 237 302
1656 399 451
451 399 1656
399 451 1656
2702 1073 1100
1100 1073 2702
1073 1100 2702
2367 952 2496
2496 952 2367
952 2367 2496
28 884 1675
1675 28 884
884 28 1675
2440 1885 2551
2551 1885 2440
1885 2440 2551
965 1917 2116
2116 965 1917
1917 965 2116
2436 622 716
716 622 2436
622 716 2436
483 298 385
385 298 483
298 385 483
1508 1519 2047
2047 1508 1519
1519 1508 2047
1035 973 1032
1032 973 1035
973 1032 1035
813 175 398
398 175 813
175 398 813
2498 1501 1999
1999 1501 2498
1501 1999 2498
1317 513 1944
1944 513 1317
513 1317 1944
568 878 1825
1825 568 878
878 568 1825
205 444 1182
1182 205 444
444 205 1182
2442 1217 1263
1217 1263 2442
1263 1217 2442
361 562 2064
2064 361 562
562 361 2064
1055 1294 2578
1294 1055 2578
2578 1055 1294
759 755 2044
755 759 2044
2044 755 759
561 1164 1719
1164 561 1719
1719 561 1164
271 506 927
927 271 506
506 271 927
1358 699 2256
699 1358 2256
2256 699 1358
2596 2017 2453
2017 2453 2596
2453 2017 2596
524 57 1673
1673 57 524
57 524 1673
2395 585 678
678 585 2395
585 678 2395
2494 266 877
266 877 2494
877 266 2494
2266 279 999
999 279 2266
279 999 2266
168 542 1325
542 168 1325
1325 168 542
470 2054 2748
2054 470 2748
2748 470 2054
2493 73 869
73 869 2493
869 73 2493
1383 1078 2345
2345 1078 1383
1078 1383 2345
2973 2523 2621
2523 2621 2973
2621 2523 2973
1832 933 2993
2993 933 1832
933 1832 2993
2944 2566 2879
2566 2879 2944
2879 2566 2944
458 1615 1803
1803 458 1615
1615 458 1803
2666 1528 2481
1528 2481 2666
2481 1528 2666
2030 283 1929
1929 283 2030
283 1929 2030
419 1364 1689
1364 419 1689
1689 419 1364
1642 496 2304
496 1642 2304
2304 496 1642
1753 526 1005
1005 526 1753
526 1005 1753
21 484 518
484 21 518
518 21 484
2013 607 1206
607 1206 2013
1206 607 2013
1839 2456 2868
2868 1839 2456
2456 1839 2868
2206 1056 1251
1056 1251 2206
1251 1056 2206
1821 213 2001
2001 213 1821
213 1821 2001
671 1757 2203
2203 671 1757
1757 671 2203
2055 378 1308
378 1308 2055
1308 378 2055
365 1751 2759
1751 365 2759
2759 365 1751
1298 1157 2051
2051 1157 1298
1157 1298 2051
922 1330 2201
2201 922 1330
1330 922 2201
649 1327 1886
1886 649 1327
1327 649 1886
1674 584 2420
584 1674 2420
2420 584 1674
134 1733 2510
2510 134 1733
1733 134 2510
831 135 154
154 135 831
135 154 831
248 1255 2866
2866 248 1255
1255 248 2866
313 1401 1699
1699 313 1401
1401 313 1699
1555 331 1993
331 1555 1993
1993 331 1555
221 970 1679
1679 221 970
970 221 1679
1972 829 1764
829 1764 1972
1764 829 1972
2728 340 2369
340 2369 2728
2369 340 2728
1284 1749 2362
1749 1284 2362
2362 1284 1749
1561 1051 2489
2489 1051 1561
1051 1561 2489
103 417 1131
417 103 1131
1131 103 417
240 347 1573
1573 240 347
347 240 1573
1140 1515 2823
1515 1140 2823
2823 1140 1515
2691 1500 2816
1500 2691 2816
2816 1500 2691
2626 1520 1686
1520 1686 2626
1686 1520 2626
1432 475 1175
475 1175 1432
1175 475 1432
2185 1440 2978
2978 1440 2185
1440 2185 2978
239 908 1018
1018 239 908
908 239 1018
2794 408 2249
2249 408 2794
408 2249 2794
2319 1278 1982
1982 1278 2319
1278 1982 2319
560 843 1168
843 560 1168
1168 560 843
2712 1473 2113
2113 1473 2712
1473 2113 2712
1000 418 499
418 499 1000
499 418 1000
2709 201 2360
201 2360 2709
2360 201 2709
1153 791 2461
791 1153 2461
2461 791 1153
263 705 1897
1897 263 705
705 263 1897
1161 1108 1531
1108 1161 1531
1531 1108 1161
1362 450 2857
450 1362 2857
2857 450 1362
384 359 2324
2324 359 384
359 384 2324
1641 639 1571
1571 639 1641
639 1571 1641
882 1801 2649
1801 882 2649
2649 882 1801
1806 1148 1878
1148 1806 1878
1878 1148 1806
1942 1301 2408
1301 1942 2408
2408 1301 1942
2616 567 2594
567 2594 2616
2594 567 2616
2389 250 377
250 377 2389
377 250 2389
1181 700 2742
700 1181 2742
2742 700 1181
2667 784 2518
2518 784 2667
784 2518 2667
2740 375 1128
1128 375 2740
375 1128 2740
904 1802 2883
2883 904 1802
1802 904 2883
2174 539 2393
539 2174 2393
2393 539 2174
2500 1273 2459
1273 2459 2500
2459 1273 2500
435 1117 2471
1117 435 2471
2471 435 1117
528 413 1069
1069 413 528
413 528 1069
2288 575 990
990 575 2288
575 990 2288
2502 548 874
548 874 2502
874 548 2502
2410 1544 1879
1544 1879 2410
1879 1544 2410
1636 113 2699
113 1636 2699
2699 113 1636
318 2327 2720
2327 318 2720
2720 318 2327
527 2065 2689
2689 527 2065
2065 527 2689
1711 2268 2329
2329 1711 2268
2268 1711 2329
1007 1354 2807
1354 1007 2807
2807 1007 1354
1622 155 1949
155 1622 1949
1949 155 1622
1799 112 1861
1861 112 1799
112 1799 1861
1193 1234 2148
1234 1193 2148
2148 1193 1234
441 595 1850
1850 441 595
595 441 1850
1337 1388 2642
1388 1337 2642
2642 1337 1388
356 1068 1425
1068 356 1425
1425 356 1068
442 1096 1527
1096 442 1527
1527 442 1096
1369 504 1304
504 1304 1369
1304 504 1369
2105 558 1003
558 1003 2105
1003 558 2105
2258 1038 2865
2865 1038 2258
1038 2258 2865
1297 1090 1379
1090 1297 1379
1379 1090 1297
2906 322 350
322 350 2906
350 322 2906
1566 737 2035
737 1566 2035
2035 737 1566
1125 983 1452
983 1125 1452
1452 983 1125
648 1071 2062
2062 648 1071
1071 648 2062
2250 225 2630
225 2250 2630
2630 225 2250
871 986 1669
1669 871 986
986 871 1669
2859 1220 2016
1220 2016 2859
2016 1220 2859
2307 126 1938
1938 126 2307
126 1938 2307
2595 2464 2829
2464 2595 2829
2829 2464 2595
277 538 734
538 277 734
734 277 538
1293 1320 2386
2386 1293 1320
1320 1293 2386
659 888 1199
888 659 1199
1199 659 888
1371 2472 2522
2472 1371 2522
2522 1371 2472
1769 586 1144
1144 586 1769
586 1144 1769
2668 1257 1846
1257 1846 2668
1846 1257 2668
1310 1451 1854
1854 1310 1451
1451 1310 1854
260 650 2349
2349 260 650
650 260 2349
2050 202 1532
1532 202 2050
202 1532 2050
2873 2388 2485
2485 2388 2873
2388 2485 2873
2725 1178 2713
2713 1178 2725
1178 2713 2725
1139 88 1110
88 1110 1139
1110 88 1139
1880 981 2730
981 1880 2730
2730 981 1880
1027 330 1724
330 1027 1724
1724 330 1027
875 1408 1466
1408 875 1466
1466 875 1408
1088 1871 2623
1871 1088 2623
2623 1088 1871
1092 1355 2501
1355 1092 2501
2501 1092 1355
1899 535 2876
535 1899 2876
2876 535 1899
1534 164 2824
2824 164 1534
164 1534 2824
1428 210 2701
210 1428 2701
2701 210 1428
2986 537 1588
537 1588 2986
1588 537 2986
1019 459 892
459 892 1019
892 459 1019
440 285 2227
2227 285 440
285 440 2227
366 1142 2231
2231 366 1142
1142 366 2231
1049 2483 2817
2817 1049 2483
2483 1049 2817
1030 1174 1422
1422 1030 1174
1174 1030 1422
115 1377 1798
1798 115 1377
1377 115 1798
1513 26 2795
2795 26 1513
26 1513 2795
1130 1286 2849
1286 1130 2849
2849 1130 1286
2312 910 2457
910 2312 2457
2457 910 2312
2776 393 2818
2818 393 2776
393 2776 2818
739 675 2171
2171 675 739
675 739 2171
1026 107 1484
1484 107 1026
107 1026 1484
2920 1400 1443
1443 1400 2920
1400 1443 2920
433 1233 2474
1233 433 2474
2474 433 1233
2182 1169 1586
1586 1169 2182
1169 1586 2182
2200 907 1788
907 1788 2200
1788 907 2200
2180 1659 2524
2524 1659 2180
1659 2180 2524
926 672 859
859 672 926
672 859 926
219 179 1203
179 219 1203
1203 179 219
1470 2037 2411
2411 1470 2037
2037 1470 2411
2287 1386 2365
1386 2287 2365
2365 1386 2287
2449 215 1053
1053 215 2449
215 1053 2449
1415 1483 2797
1483 1415 2797
2797 1415 1483
2416 265 2425
2425 265 2416
265 2416 2425
2235 1904 2881
1904 2235 2881
2881 1904 2235
2599 1404 2029
1404 2029 2599
2029 1404 2599
2981 498 2803
498 2803 2981
2803 498 2981
1103 130 1609
130 1103 1609
1609 130 1103
1687 1683 2167
1683 1687 2167
2167 1683 1687
455 1943 1961
1961 455 1943
1943 455 1961
31 60 420
60 31 420
420 31 60
1266 1040 2587
2587 1040 1266
1040 1266 2587
674 955 1017
1017 674 955
955 674 1017
1082 461 2790
2790 461 1082
461 1082 2790
278 2063 2223
2223 278 2063
2063 278 2223
2014 303 2586
303 2014 2586
2586 303 2014
824 396 1920
396 824 1920
1920 396 824
2766 421 657
421 657 2766
657 421 2766
467 574 2808
574 467 2808
2808 467 574
129 2251 2577
2577 129 2251
2251 129 2577
2750 294 1275
294 1275 2750
1275 294 2750
1158 49 2536
2536 49 1158
49 1158 2536
1607 1454 2618
1454 1607 2618
2618 1454 1607
1742 1477 2300
1477 1742 2300
2300 1477 1742
2011 563 837
837 563 2011
563 837 2011
2855 1194 2008
2008 1194 2855
1194 2008 2855
261 1419 2401
2401 261 1419
1419 261 2401
1365 307 1705
307 1365 1705
1705 307 1365
662 763 1626
1626 662 763
763 662 1626
138 229 1521
1521 138 229
229 138 1521
2753 706 1106
1106 706 2753
706 1106 2753
1812 2469 2727
2727 1812 2469
2469 1812 2727
1739 1453 1740
1453 1739 1740
1740 1453 1739
2931 865 2215
865 2215 2931
2215 865 2931
1458 501 698
501 698 1458
698 501 1458
1723 61 2004
2004 61 1723
61 1723 2004
525 1227 1781
1227 525 1781
1781 525 1227
520 324 2700
2700 324 520
324 520 2700
1651 880 1710
880 1651 1710
1710 880 1651
1822 355 903
903 355 1822
355 903 1822
95 974 1332
1332 95 974
974 95 1332
939 2247 2531
2531 939 2247
2247 939 2531
2799 1955 2793
1955 2793 2799
2793 1955 2799
2026 1219 1285
1285 1219 2026
1219 1285 2026
1921 588 2874
2874 588 1921
588 1921 2874
2572 1858 2096
2096 1858 2572
1858 2096 2572
1366 299 1122
299 1122 1366
1122 299 1366
683 457 1433
457 683 1433
1433 457 683
65 2466 2960
2960 65 2466
2466 65 2960
2810 2543 2660
2660 2543 2810
2543 2660 2810
2782 1200 2680
2680 1200 2782
1200 2680 2782
27 410 2658
2658 27 410
410 27 2658
1462 1085 1932
1085 1462 1932
1932 1085 1462
2901 503 1776
503 1776 2901
1776 503 2901
1962 2431 2791
2791 1962 2431
2431 1962 2791
1363 2209 2462
2462 1363 2209
2209 1363 2462
2242 600 2455
2455 600 2242
600 2242 2455
1765 879 1829
1829 879 1765
879 1765 1829
1245 669 1028
669 1028 1245
1028 669 1245
133 376 1225
376 133 1225
1225 133 376
2094 1804 2894
1804 2094 2894
2894 1804 2094
1075 644 2097
2097 644 1075
644 1075 2097
2563 371 1916
371 1916 2563
1916 371 2563
2770 69 280
69 280 2770
280 69 2770
2950 2724 2861
2724 2861 2950
2861 2724 2950
732 1132 2379
1132 732 2379
2379 732 1132
512 1552 2565
1552 512 2565
2565 512 1552
2544 777 2177
777 2177 2544
2177 777 2544
2262 2347 2886
2886 2262 2347
2347 2262 2886
2468 389 2545
2545 389 2468
389 2468 2545
934 181 1418
181 934 1418
1418 181 934
1695 22 2286
22 1695 2286
2286 22 1695
1113 2166 2211
2166 1113 2211
2211 1113 2166
2555 717 1259
717 1259 2555
1259 717 2555
954 1262 2210
2210 954 1262
1262 954 2210
6 1091 2193
1091 6 2193
2193 6 1091
1677 733 2290
2290 733 1677
733 1677 2290
2194 838 1694
1694 838 2194
838 1694 2194
2491 1349 2676
1349 2491 2676
2676 1349 2491
272 1738 1750
1750 272 1738
1738 272 1750
1081 1590 1628
1628 1081 1590
1590 1081 1628
2768 687 2212
687 2212 2768
2212 687 2768
655 1529 2589
1529 655 2589
2589 655 1529
1984 750 2758
750 1984 2758
2758 750 1984
1427 256 629
256 629 1427
629 256 1427
2018 166 2673
166 2018 2673
2673 166 2018
743 33 1859
1859 33 743
33 743 1859
1187 177 2375
177 1187 2375
2375 177 1187
799 758 864
864 758 799
758 799 864
1632 1572 1881
1881 1572 1632
1572 1632 1881
232 1844 2450
2450 232 1844
1844 232 2450
2274 477 1909
1909 477 2274
477 1909 2274
24 247 2635
247 24 2635
2635 24 247
1819 1373 1654
1654 1373 1819
1373 1654 1819
1283 180 2067
2067 180 1283
180 1283 2067
2789 291 815
291 815 2789
815 291 2789
2629 351 2723
2723 351 2629
351 2629 2723
703 1218 1540
1218 703 1540
1540 703 1218
2344 411 2336
2336 411 2344
411 2336 2344
1160 1510 2239
2239 1160 1510
1510 1160 2239
2767 3 1011
1011 3 2767
3 1011 2767
2292 2731 2966
2966 2292 2731
2731 2292 2966
996 1843 1978
1978 996 1843
1843 996 1978
386 863 1608
863 386 1608
1608 386 863
2091 1702 1831
1702 1831 2091
1831 1702 2091
1213 807 881
807 881 1213
881 807 1213
942 1783 2719
2719 942 1783
1783 942 2719
1618 790 2413
2413 790 1618
790 1618 2413
2 1450 2022
1450 2 2022
2022 2 1450
1631 923 1883
1883 923 1631
923 1631 1883
1732 358 2735
2735 358 1732
358 1732 2735
2583 1925 2692
2692 1925 2583
1925 2583 2692
2930 306 1849
306 1849 2930
1849 306 2930
406 233 2643
233 406 2643
2643 233 406
596 632 1633
1633 596 632
632 596 1633
2364 270 1716
1716 270 2364
270 1716 2364
1543 572 804
572 804 1543
804 572 1543
1823 533 1147
1147 533 1823
533 1147 1823
1924 1209 1518
1209 1518 1924
1518 1209 1924
1877 1775 2202
1775 1877 2202
2202 1775 1877
1718 1260 2604
1260 1718 2604
2604 1260 1718
2639 402 1084
402 1084 2639
1084 402 2639
2854 1216 2837
1216 2837 2854
2837 1216 2854
2904 1990 2314
2314 1990 2904
1990 2314 2904
317 2326 2882
2882 317 2326
2326 317 2882
2451 2104 2504
2504 2104 2451
2104 2451 2504
509 86 2690
86 509 2690
2690 86 509
47 2875 2899
2899 47 2875
2875 47 2899
1459 427 886
886 427 1459
427 886 1459
2711 274 1277
274 1277 2711
1277 274 2711
2641 1050 2405
1050 2405 2641
2405 1050 2641
1376 2913 2974
2913 1376 2974
2974 1376 2913
2134 930 1595
1595 930 2134
930 1595 2134
2387 1780 2977
2977 1780 2387
1780 2387 2977
2554 2378 2650
2650 2378 2554
2378 2554 2650
2241 403 565
565 403 2241
403 565 2241
1649 559 2237
2237 559 1649
559 1649 2237
1650 1526 1981
1526 1650 1981
1981 1526 1650
2704 109 1957
1957 109 2704
109 1957 2704
123 59 1697
59 123 1697
1697 59 123
1339 1063 1550
1063 1339 1550
1550 1063 1339
42 2128 2346
2128 42 2346
2346 42 2128
2205 157 2400
157 2205 2400
2400 157 2205
2878 4 212
4 212 2878
212 4 2878
2631 296 489
489 296 2631
296 489 2631
1269 94 100
94 100 1269
100 94 1269
711 304 553
553 304 711
304 553 711
1099 43 1336
1336 43 1099
43 1099 1336
1786 1560 2925
1560 1786 2925
2925 1560 1786
1070 635 1624
1624 635 1070
635 1070 1624
603 401 1976
401 603 1976
1976 401 603
1414 656 1008
1008 656 1414
656 1008 1414
2936 712 2366
2366 712 2936
712 2366 2936
1797 507 2592
507 1797 2592
2592 507 1797
2980 1287 1420
1420 1287 2980
1287 1420 2980
2371 465 835
835 465 2371
465 835 2371
2353 2110 2532
2110 2353 2532
2532 2110 2353
2781 555 2334
2334 555 2781
555 2334 2781
2959 1901 2192
1901 2192 2959
2192 1901 2959
2265 1772 2998
2998 1772 2265
1772 2265 2998
490 956 2158
956 490 2158
2158 490 956
2785 663 2147
2147 663 2785
663 2147 2785
2560 532 1874
532 1874 2560
1874 532 2560
206 898 2309
898 206 2309
2309 206 898
310 646 2892
646 310 2892
2892 310 646
2476 1556 1965
1556 1965 2476
1965 1556 2476
2870 381 597
381 597 2870
597 381 2870
2484 760 1374
760 1374 2484
1374 760 2484
2937 738 1378
1378 738 2937
738 1378 2937
127 1180 2169
1180 127 2169
2169 127 1180
2540 1201 2341
2341 1201 2540
1201 2341 2540
25 845 995
845 25 995
995 25 845
2584 1389 2763
2763 1389 2584
1389 2584 2763
1841 686 1505
1505 686 1841
686 1505 1841
249 1447 1660
1447 249 1660
1660 249 1447
780 2486 2884
2486 780 2884
2884 780 2486
1305 1185 1417
1417 1185 1305
1185 1305 1417
147 1314 2335
2335 147 1314
1314 147 2335
2354 720 1964
720 1964 2354
1964 720 2354
40 463 2997
2997 40 463
463 40 2997
395 751 1863
1863 395 751
751 395 1863
2941 811 2021
2021 811 2941
811 2021 2941
2061 162 2261
2261 162 2061
162 2061 2261
2475 781 1228
781 1228 2475
1228 781 2475
2007 590 1782
590 1782 2007
1782 590 2007
1546 1779 1940
1779 1546 1940
1940 1546 1779
1830 857 2897
2897 857 1830
857 1830 2897
2392 1382 1926
1926 1382 2392
1382 1926 2392
252 1937 2264
2264 252 1937
1937 252 2264
1912 64 174
174 64 1912
64 174 1912
404 2187 2570
2187 404 2570
2570 404 2187
2342 286 2397
286 2342 2397
2397 286 2342
348 1479 2969
1479 348 2969
2969 348 1479
2880 1014 1600
1014 1600 2880
1600 1014 2880
436 1463 2438
2438 436 1463
1463 436 2438
391 614 2783
2783 391 614
614 391 2783
2149 1247 2036
1247 2036 2149
2036 1247 2149
357 1395 2927
2927 357 1395
1395 357 2927
1865 626 2773
626 1865 2773
2773 626 1865
1361 1785 2548
2548 1361 1785
1785 1361 2548
2576 1315 2539
1315 2539 2576
2539 1315 2576
2343 679 1166
1166 679 2343
679 1166 2343
2777 2160 2842
2842 2160 2777
2160 2777 2842
197 45 185
185 45 197
45 185 197
2726 1851 2328
2328 1851 2726
1851 2328 2726
1604 119 1969
119 1604 1969
1969 119 1604
673 118 2373
118 673 2373
2373 118 673
2273 362 979
979 362 2273
362 979 2273
1192 543 2270
543 1192 2270
2270 543 1192
887 1448 2033
1448 887 2033
2033 887 1448
1807 82 902
902 82 1807
82 902 1807
74 554 2562
554 74 2562
2562 74 554
139 2732 2761
2732 139 2761
2761 139 2732
961 2000 2708
2708 961 2000
2000 961 2708
2075 658 2674
2674 658 2075
658 2075 2674
2559 911 1112
1112 911 2559
911 1112 2559
906 557 2252
2252 557 906
557 906 2252
638 372 2749
2749 372 638
372 638 2749
169 1688 1808
1808 169 1688
1688 169 1808
2225 1438 1545
1438 1545 2225
1545 1438 2225
407 583 833
833 407 583
583 407 833
1242 1994 2302
2302 1242 1994
1994 1242 2302
1759 481 1098
1098 481 1759
481 1098 1759
1368 803 2929
2929 803 1368
803 1368 2929
2259 2118 2533
2533 2118 2259
2118 2259 2533
1333 106 1188
106 1188 1333
1188 106 1333
667 1918 2582
2582 667 1918
1918 667 2582
853 1133 2695
2695 853 1133
1133 853 2695
578 343 2254
2254 343 578
343 578 2254
928 792 2359
792 928 2359
2359 792 928
2127 2470 2851
2470 2127 2851
2851 2127 2470
2710 1996 2908
2908 1996 2710
1996 2710 2908
2610 334 994
334 994 2610
994 334 2610
1306 620 2605
620 1306 2605
2605 620 1306
1911 1229 2396
2396 1229 1911
1229 1911 2396
258 1928 2338
1928 258 2338
2338 258 1928
2439 624 1445
1445 624 2439
624 1445 2439
20 605 771
605 20 771
771 20 605
394 18 2446
18 394 2446
2446 18 394
1191 1299 2995
1299 1191 2995
2995 1191 1299
131 536 1834
1834 131 536
536 131 1834
415 2005 2838
2005 415 2838
2838 415 2005
2073 1553 2893
2893 1553 2073
1553 2073 2893
1146 431 2404
2404 431 1146
431 1146 2404
1493 1464 2946
1464 1493 2946
2946 1464 1493
462 2232 2424
2232 462 2424
2424 462 2232
715 1507 2317
1507 715 2317
2317 715 1507
2918 1062 1721
1062 1721 2918
1721 1062 2918
2024 2157 2911
2911 2024 2157
2157 2024 2911
2754 56 1592
56 1592 2754
1592 56 2754
914 1036 1576
1036 914 1576
1576 914 1036
1469 111 1129
1129 111 1469
111 1129 1469
1714 772 1375
772 1375 1714
1375 772 1714
1170 1617 2602
2602 1170 1617
1617 1170 2602
953 1796 2482
2482 953 1796
1796 953 2482
872 1316 2119
2119 872 1316
1316 872 2119
1637 1693 1977
1693 1637 1977
1977 1637 1693
2553 969 1047
969 1047 2553
1047 969 2553
1866 194 1512
194 1512 1866
1512 194 1866
997 885 2352
2352 885 997
885 997 2352
400 921 1554
1554 400 921
921 400 1554
2611 576 2009
2009 576 2611
576 2009 2611
2301 230 1045
230 1045 2301
1045 230 2301
1735 2705 2938
2938 1735 2705
2705 1735 2938
293 1342 2495
1342 293 2495
2495 293 1342
67 122 2115
2115 67 122
122 67 2115
1016 1412 2940
2940 1016 1412
1412 1016 2940
1094 689 725
725 689 1094
689 725 1094
2662 1593 1655
1593 1655 2662
1655 1593 2662
938 991 2418
2418 938 991
991 938 2418
2556 70 1946
1946 70 2556
70 1946 2556
652 1478 1703
1703 652 1478
1478 652 1703
1563 414 2963
414 1563 2963
2963 414 1563
199 1896 2444
1896 199 2444
2444 199 1896
2363 1248 2238
2238 1248 2363
1248 2238 2363
621 2698 2945
2945 621 2698
2698 621 2945
1715 1547 1971
1547 1715 1971
1971 1547 1715
519 2558 2772
2772 519 2558
2558 519 2772
617 870 2769
870 617 2769
2769 617 870
1596 1731 2800
1731 1596 2800
2800 1596 1731
1959 895 2430
2430 895 1959
895 1959 2430
2903 425 1491
425 1491 2903
1491 425 2903
2086 5 1126
1126 5 2086
5 1126 2086
2590 547 2271
2271 547 2590
547 2271 2590
2987 150 2153
150 2153 2987
2153 150 2987
1486 1696 2186
2186 1486 1696
1696 1486 2186
810 287 2787
2787 287 810
287 810 2787
1240 992 2910
2910 992 1240
992 1240 2910
55 363 805
805 55 363
363 55 805
1292 1381 2102
2102 1292 1381
1381 1292 2102
1869 709 2647
2647 709 1869
709 1869 2647
637 1296 2380
2380 637 1296
1296 637 2380
58 2738 2775
2775 58 2738
2738 58 2775
2834 642 1614
1614 642 2834
642 1614 2834
730 1267 1698
1267 730 1698
1698 730 1267
1652 466 1667
466 1652 1667
1667 466 1652
236 1020 2435
1020 236 2435
2435 236 1020
2737 1585 2622
1585 2622 2737
2622 1585 2737
2571 2217 2443
2217 2443 2571
2443 2217 2571
1231 1184 1467
1467 1184 1231
1184 1231 1467
975 985 1421
1421 975 985
985 975 1421
754 858 1657
858 754 1657
1657 754 858
1372 1913 2422
2422 1372 1913
1913 1372 2422
1936 2421 2715
2421 1936 2715
2715 1936 2421
353 478 1951
478 353 1951
1951 353 478
1398 1052 1322
1322 1052 1398
1052 1322 1398
1805 316 2136
2136 316 1805
316 1805 2136
2269 267 328
328 267 2269
267 328 2269
2967 1535 1606
1535 1606 2967
1606 1535 2967
1736 2123 2547
2547 1736 2123
2123 1736 2547
1670 182 801
801 182 1670
182 801 1670
1321 577 1323
1323 577 1321
577 1321 1323
207 2172 2224
2224 207 2172
2172 207 2224
1444 2175 2196
2196 1444 2175
2175 1444 2196
2350 1728 1923
1923 1728 2350
1728 1923 2350
92 218 1434
218 92 1434
1434 92 218
2069 1727 2458
1727 2069 2458
2458 1727 2069
867 1060 2811
2811 867 1060
1060 867 2811
161 2143 2757
2757 161 2143
2143 161 2757
570 848 1954
1954 570 848
848 570 1954
1893 156 319
319 156 1893
156 319 1893
136 275 2762
2762 136 275
275 136 2762
78 1784 2693
2693 78 1784
1784 78 2693
964 660 2687
660 964 2687
2687 660 964
832 701 1640
1640 701 832
701 832 1640
255 900 1252
1252 255 900
900 255 1252
1111 1773 2648
1773 1111 2648
2648 1111 1773
368 315 2306
315 368 2306
2306 315 368
2593 223 2953
2953 223 2593
223 2593 2953
1578 327 2625
327 1578 2625
2625 327 1578
1313 1791 2391
2391 1313 1791
1791 1313 2391
2989 873 1044
1044 873 2989
873 1044 2989
1436 591 1343
591 1343 1436
1343 591 1436
747 1768 2962
2962 747 1768
1768 747 2962
308 1243 1558
1558 308 1243
1243 308 1558
696 52 369
52 369 696
369 52 696
332 855 2146
855 332 2146
2146 332 855
2243 1587 2907
1587 2243 2907
2907 1587 2243
1475 850 2964
850 1475 2964
2964 850 1475
190 474 1621
474 190 1621
1621 190 474
2514 2747 2957
2957 2514 2747
2747 2514 2957
604 170 432
170 432 604
432 170 604
819 1403 2059
2059 819 1403
1403 819 2059
634 718 1334
718 634 1334
1334 634 718
1119 2580 2888
2580 1119 2888
2888 1119 2580
98 15 1456
1456 15 98
15 98 1456
1602 2083 2820
2820 1602 2083
2083 1602 2820
2394 198 606
606 198 2394
198 606 2394
1392 1356 1761
1761 1356 1392
1356 1392 1761
188 472 643
643 188 472
472 188 643
1551 338 2131
338 1551 2131
2131 338 1551
1557 2427 2696
2427 1557 2696
2696 1557 2427
1991 251 1015
1015 251 1991
251 1015 1991
2053 91 364
91 364 2053
364 91 2053
779 125 1264
125 779 1264
1264 125 779
1828 1713 2133
1713 1828 2133
2133 1713 1828
2949 821 1754
1754 821 2949
821 1754 2949
1136 2569 2617
2569 1136 2617
2617 1136 2569
184 1021 2869
2869 184 1021
1021 184 2869
768 1619 2407
1619 768 2407
2407 768 1619
566 1583 2568
2568 566 1583
1583 566 2568
23 163 1684
1684 23 163
163 23 1684
12 345 2490
345 12 2490
2490 12 345
1481 137 1884
137 1481 1884
1884 137 1481
581 917 958
958 581 917
917 581 958
1763 448 825
448 825 1763
825 448 1763
1494 681 2291
2291 681 1494
681 1494 2291
1620 1198 1274
1274 1198 1620
1198 1274 1620
569 2222 2806
2222 569 2806
2806 569 2222
691 2208 2828
2208 691 2828
2828 691 2208
2132 158 2744
2744 158 2132
158 2132 2744
795 405 2733
2733 405 795
405 795 2733
2831 2088 2734
2088 2734 2831
2734 2088 2831
796 2613 2839
2839 796 2613
2613 796 2839
2159 141 2179
141 2159 2179
2179 141 2159
1795 104 1154
104 1154 1795
1154 104 1795
2155 2550 2840
2550 2155 2840
2840 2155 2550
1399 349 2798
349 1399 2798
2798 349 1399
1778 500 937
937 500 1778
500 937 1778
1888 1852 2752
2752 1852 1888
1852 1888 2752
1986 505 769
769 505 1986
505 769 1986
2784 844 1485
844 1485 2784
1485 844 2784
920 1396 1662
1396 920 1662
1662 920 1396
2163 1933 2028
1933 2028 2163
2028 1933 2163
144 1474 1953
1953 144 1474
1474 144 1953
1435 909 1238
909 1238 1435
1238 909 1435
178 682 1430
1430 178 682
682 178 1430
1603 1706 2226
2226 1603 1706
1706 1603 2226
998 1548 1726
1548 998 1726
1726 998 1548
897 1253 2671
1253 897 2671
2671 897 1253
2923 2315 2984
2315 2923 2984
2984 2315 2923
476 704 1104
1104 476 704
704 476 1104
1837 1439 2294
2294 1439 1837
1439 1837 2294
2321 741 2675
741 2321 2675
2675 741 2321
1627 1265 2853
2853 1265 1627
1265 1627 2853
196 1668 1950
1668 196 1950
1950 196 1668
445 434 960
960 434 445
434 445 960
625 1387 2220
2220 625 1387
1387 625 2220
1411 2465 2786
2465 1411 2786
2786 1411 2465
2896 841 1472
841 1472 2896
1472 841 2896
812 2278 2516
2278 812 2516
2516 812 2278
2432 114 1291
114 1291 2432
1291 114 2432
2947 1793 2955
1793 2947 2955
2955 1793 2947
770 323 989
323 770 989
989 323 770
2627 1149 2125
1149 2125 2627
2125 1149 2627
726 728 2983
728 726 2983
2983 726 728
556 1658 1725
1658 556 1725
1725 556 1658
2900 587 2129
587 2129 2900
2129 587 2900
1497 1582 2279
2279 1497 1582
1582 1497 2279
2843 1033 2253
2253 1033 2843
1033 2253 2843
2921 87 2887
87 2887 2921
2887 87 2921
282 305 2229
2229 282 305
305 282 2229
1268 546 2372
2372 546 1268
546 1268 2372
329 1176 2512
1176 329 2512
2512 329 1176
473 573 1115
573 473 1115
1115 473 573
2337 905 1163
1163 905 2337
905 1163 2337
783 13 2852
2852 13 783
13 783 2852
469 1646 2164
1646 469 2164
2164 469 1646
149 1815 2199
1815 149 2199
2199 149 1815
1496 1307 2221
2221 1307 1496
1307 1496 2221
1212 1611 1998
1998 1212 1611
1611 1212 1998
2651 460 2492
460 2492 2651
2492 460 2651
2871 90 1575
90 1575 2871
1575 90 2871
1889 744 1672
1672 744 1889
744 1672 1889
2822 1794 2305
1794 2305 2822
2305 1794 2822
41 2678 2898
2678 41 2898
2898 41 2678
1892 187 2686
2686 187 1892
187 1892 2686
1258 1682 2552
1682 1258 2552
2552 1258 1682
492 116 1814
116 492 1814
1814 116 492
2374 808 1357
808 1357 2374
1357 808 2374
83 966 1941
1941 83 966
966 83 1941
618 688 748
748 618 688
688 618 748
1488 468 2664
468 1488 2664
2664 468 1488
2473 1345 1482
1345 1482 2473
1482 1345 2473
901 370 2999
2999 370 901
370 901 2999
2072 817 2049
817 2049 2072
2049 817 2072
1506 186 2313
2313 186 1506
186 1506 2313
2661 521 1167
521 1167 2661
1167 521 2661
2814 1644 2095
1644 2095 2814
2095 1644 2814
2282 1207 1495
1207 1495 2282
1495 1207 2282
2585 1701 2012
1701 2012 2585
2012 1701 2585
2600 192 2358
192 2358 2600
2358 192 2600
1514 300 2385
2385 300 1514
300 1514 2385
2764 1282 2214
2214 1282 2764
1282 2214 2764
1581 946 2992
946 1581 2992
2992 946 1581
1789 766 2609
2609 766 1789
766 1789 2609
721 630 1276
630 721 1276
1276 630 721
2792 976 1455
976 1455 2792
1455 976 2792
1605 485 2101
485 1605 2101
2101 485 1605
2142 1054 1857
1857 1054 2142
1054 1857 2142
1249 253 438
438 253 1249
253 438 1249
2025 1067 2933
2933 1067 2025
1067 2025 2933
1835 1492 2912
2912 1492 1835
1492 1835 2912
200 2513 2889
2513 200 2889
2889 200 2513
1302 690 2601
690 1302 2601
2601 690 1302
1057 1025 2503
1025 1057 2503
2503 1025 1057
931 680 1121
1121 680 931
680 931 1121
29 729 2821
2821 29 729
729 29 2821
2597 341 1671
1671 341 2597
341 1671 2597
242 2736 2815
2815 242 2736
2736 242 2815
776 1116 2325
1116 776 2325
2325 776 1116
1059 354 1256
1256 354 1059
354 1059 1256
2718 1664 2218
1664 2218 2718
2218 1664 2718
1915 1634 1966
1634 1915 1966
1966 1634 1915
868 891 1709
1709 868 891
891 868 1709
2703 246 883
883 246 2703
246 883 2703
1900 1405 2126
2126 1405 1900
1405 1900 2126
1431 541 1948
1948 541 1431
541 1431 1948
2434 216 226
226 216 2434
216 226 2434
50 713 1441
1441 50 713
713 50 1441
2575 262 2181
2181 262 2575
262 2181 2575
820 1246 2255
2255 820 1246
1246 820 2255
456 788 2293
2293 456 788
788 456 2293
301 1002 1186
1186 301 1002
1002 301 1186
2041 1235 2098
1235 2041 2098
2098 1235 2041
1875 1155 2139
2139 1155 1875
1155 1875 2139
2173 309 1328
309 1328 2173
1328 309 2173
890 342 2982
342 890 2982
2982 342 890
1261 724 1847
1847 724 1261
724 1261 1847
2087 1066 1390
1390 1066 2087
1066 1390 2087
2079 1331 2637
1331 2079 2637
2637 1331 2079
947 2331 2497
2331 947 2497
2497 947 2331
1517 1043 1755
1755 1043 1517
1043 1517 1755
594 101 2573
2573 101 594
101 594 2573
2588 235 1318
1318 235 2588
235 1318 2588
2943 1406 2477
2477 1406 2943
1406 2477 2943
1653 1770 2848
2848 1653 1770
1770 1653 2848
2970 1183 2812
1183 2812 2970
2812 1183 2970
77 140 2318
140 77 2318
2318 77 140
2447 388 1707
388 1707 2447
1707 388 2447
818 1894 2093
1894 818 2093
2093 818 1894
2078 1079 1599
1599 1079 2078
1079 1599 2078
789 599 2057
599 789 2057
2057 599 789
1570 80 963
963 80 1570
80 963 1570
2659 1985 2914
1985 2659 2914
2914 1985 2659
2991 913 2076
913 2076 2991
2076 913 2991
523 145 925
925 145 523
145 523 925
1086 373 1344
373 1086 1344
1344 373 1086
108 289 1503
1503 108 289
289 108 1503
2919 1635 2085
1635 2085 2919
2085 1635 2919
1979 1367 1577
1577 1367 1979
1367 1577 1979
1309 1525 2655
2655 1309 1525
1525 1309 2655
806 2299 2332
2299 806 2332
2332 806 2299
165 1580 2417
2417 165 1580
1580 165 2417
81 736 1151
736 81 1151
1151 81 736
1934 2106 2403
2106 1934 2403
2403 1934 2106
325 1903 2191
2191 325 1903
1903 325 2191
1300 615 1359
1359 615 1300
615 1300 1359
1882 16 75
16 75 1882
75 16 1882
105 1712 2607
2607 105 1712
1712 105 2607
1341 670 1567
1567 670 1341
670 1341 1567
2089 2103 2567
2103 2089 2567
2567 2089 2103
2138 1666 2714
2714 1666 2138
1666 2138 2714
2034 793 2939
793 2034 2939
2939 793 2034
2606 2168 2905
2168 2606 2905
2905 2168 2606
2144 312 1817
1817 312 2144
312 1817 2144
949 676 940
940 676 949
676 940 949
426 1064 2542
2542 426 1064
1064 426 2542
1902 592 2348
592 1902 2348
2348 592 1902
1574 628 1289
628 1289 1574
1289 628 1574
1145 661 702
702 661 1145
661 702 1145
1639 1559 2010
2010 1559 1639
1559 1639 2010
171 2090 2339
2339 171 2090
2090 171 2339
1502 189 1197
189 1197 1502
1197 189 1502
2932 2019 2634
2019 2634 2932
2634 2019 2932
214 2384 2409
2409 214 2384
2384 214 2409
380 412 2830
2830 380 412
412 380 2830
2640 1076 2653
2653 1076 2640
1076 2640 2653
982 1516 1824
1824 982 1516
1516 982 1824
2260 515 2926
2926 515 2260
515 2260 2926
1410 1565 2081
2081 1410 1565
1565 1410 2081
668 397 2460
2460 397 668
397 668 2460
314 816 1922
816 314 1922
1922 314 816
2015 579 2295
2295 579 2015
579 2015 2295
1524 346 2862
2862 346 1524
346 1524 2862
1777 54 2509
54 1777 2509
2509 54 1777
2948 545 1295
1295 545 2948
545 1295 2948
63 148 2433
148 63 2433
2433 63 148
1058 1690 2739
2739 1058 1690
1690 1058 2739
2117 2722 2755
2755 2117 2722
2722 2117 2755
2961 610 1873
1873 610 2961
610 1873 2961
856 1208 1384
1208 856 1384
1384 856 1208
464 516 1511
516 464 1511
1511 464 516
2124 2161 2382
2161 2124 2382
2382 2124 2161
1173 1568 2916
2916 1173 1568
1568 1173 2916
1536 288 326
326 288 1536
288 326 1536
685 2663 2845
2845 685 2663
2663 685 2845
809 257 522
522 257 809
257 522 809
1172 443 2895
443 1172 2895
2895 443 1172
862 39 2426
39 862 2426
2426 39 862
814 935 2751
935 814 2751
2751 814 935
2971 719 2706
2706 719 2971
719 2706 2971
1533 1230 1729
1230 1533 1729
1729 1230 1533
1963 1221 1303
1221 1303 1963
1303 1221 1963
1958 1072 1190
1072 1190 1958
1190 1072 1958
2979 2478 2835
2835 2478 2979
2478 2835 2979
834 2316 2741
2316 834 2741
2741 834 2316
1138 714 941
941 714 1138
714 941 1138
486 128 1960
128 486 1960
1960 128 486
752 2499 2670
2499 752 2670
2670 752 2499
849 746 984
746 849 984
984 746 849
1101 1004 2665
2665 1004 1101
1004 1101 2665
2246 2507 2564
2507 2246 2564
2564 2246 2507
2230 2541 2771
2771 2230 2541
2541 2230 2771
2376 96 2031
2031 96 2376
96 2031 2376
487 1538 1643
1643 487 1538
1538 487 1643
2052 1080 1215
1080 1215 2052
1215 1080 2052
437 2330 2351
2351 437 2330
2330 437 2351
2190 640 2922
640 2190 2922
2922 640 2190
2915 2296 2632
2296 2632 2915
2632 2296 2915
860 1616 1956
1616 860 1956
1956 860 1616
447 918 2546
2546 447 918
918 447 2546
2636 936 1196
936 1196 2636
1196 936 2636
2323 1562 2832
2832 1562 2323
1562 2323 2832
502 1205 1244
1205 502 1244
1244 502 1205
1499 1041 2976
1041 1499 2976
2976 1041 1499
211 1890 2612
2612 211 1890
1890 211 2612
110 2694 2988
2694 110 2988
2988 110 2694
950 360 589
589 360 950
360 589 950
2805 152 2162
2162 152 2805
152 2162 2805
601 224 1407
224 601 1407
1407 224 601
416 9 2574
9 416 2574
2574 9 416
851 1856 2189
1856 851 2189
2189 851 1856
2333 1809 2624
1809 2333 2624
2624 1809 2333
1347 916 2320
916 1347 2320
2320 916 1347
609 1680 2245
2245 609 1680
1680 609 2245
1967 1065 2534
1065 1967 2534
2534 1065 1967
1236 37 1461
1461 37 1236
37 1236 1461
948 727 1134
727 948 1134
1134 727 948
540 1335 2448
1335 540 2448
2448 540 1335
1741 2529 2756
2529 1741 2756
2756 1741 2529
957 1927 2178
1927 957 2178
2178 957 1927
10 1756 2071
1756 10 2071
2071 10 1756
2283 1569 1598
1569 1598 2283
1598 1569 2283
2682 2520 2917
2917 2520 2682
2520 2682 2917
1855 2122 2956
2122 1855 2956
2956 1855 2122
2549 453 2951
2951 453 2549
453 2549 2951
2428 932 2441
932 2428 2441
2441 932 2428
497 2154 2467
2467 497 2154
2154 497 2467
2850 852 993
852 993 2850
993 852 2850
1074 382 1678
382 1074 1678
1678 382 1074
2038 896 2778
896 2038 2778
2778 896 2038
1638 1758 2985
2985 1638 1758
1758 1638 2985
449 245 1816
1816 245 449
245 449 1816
544 264 2219
2219 264 544
264 544 2219
19 2620 2942
2942 19 2620
2620 19 2942
1905 51 1476
51 1476 1905
1476 51 1905
428 1910 2068
1910 428 2068
2068 428 1910
1089 564 2760
564 1089 2760
2760 564 1089
919 1087 2669
1087 919 2669
2669 919 1087
227 1009 1868
1009 227 1868
1868 227 1009
2240 1437 2080
2080 1437 2240
1437 2080 2240
14 968 2780
968 14 2780
2780 14 968
1730 1747 1930
1747 1730 1930
1930 1730 1747
2244 894 2867
2867 894 2244
894 2244 2867
2289 1279 2517
2517 1279 2289
1279 2289 2517
1097 494 2402
494 1097 2402
2402 494 1097
89 2528 2864
2528 89 2864
2864 89 2528
2140 1676 2827
2827 1676 2140
1676 2140 2827
193 710 2526
710 193 2526
2526 193 710
1232 757 1391
757 1232 1391
1391 757 1232
488 1143 1997
1143 488 1997
1997 488 1143
2608 1150 1394
1150 1394 2608
1394 1150 2608
1350 1348 2112
2112 1348 1350
1348 1350 2112
828 654 2322
654 828 2322
2322 654 828
2858 1409 2234
2234 1409 2858
1409 2234 2858
220 2679 2909
2679 220 2909
2909 220 2679
549 11 1974
1974 11 549
11 549 1974
32 452 782
452 32 782
782 32 452
2644 183 1853
1853 183 2644
183 1853 2644
1876 191 2048
2048 191 1876
191 1876 2048
1442 531 1584
1584 531 1442
531 1442 1584
36 1952 2877
1952 36 2877
2877 36 1952
1908 1380 2519
2519 1380 1908
1380 1908 2519
2841 1102 1124
1124 1102 2841
1102 1124 2841
2813 1423 2729
1423 2729 2813
2729 1423 2813
1107 297 2538
2538 297 1107
297 1107 2538
2825 48 151
48 151 2825
151 48 2825
1989 1237 1935
1237 1935 1989
1935 1237 1989
627 2272 2479
2479 627 2272
2272 627 2479
2488 1767 2297
1767 2297 2488
2297 1767 2488
2846 146 2885
146 2846 2885
2885 146 2846
1681 785 2152
785 1681 2152
2152 785 1681
2020 1177 2281
1177 2020 2281
2281 1177 2020
619 1023 1827
1827 619 1023
1023 619 1827
945 731 794
731 794 945
794 731 945
1647 471 778
778 471 1647
471 778 1647
2515 723 2082
2082 723 2515
723 2082 2515
693 1280 2872
1280 693 2872
2872 693 1280
1024 842 2151
2151 842 1024
842 1024 2151
344 173 2581
2581 173 344
173 344 2581
2452 1311 2183
1311 2183 2452
2183 1311 2452
439 1214 1992
1214 439 1992
1992 439 1214
1424 899 2111
899 1424 2111
2111 899 1424
276 222 1352
222 276 1352
1352 222 276
2141 775 2114
2114 775 2141
775 2114 2141
34 854 2954
854 34 2954
2954 34 854
2109 1272 2040
1272 2040 2109
2040 1272 2109
2060 336 959
336 959 2060
959 336 2060
1156 176 889
176 889 1156
889 176 1156
1919 1601 3000
1601 1919 3000
3000 1601 1919
623 695 2958
695 623 2958
2958 623 695
1037 1564 2284
1564 1037 2284
2284 1037 1564
2891 1152 2774
2774 1152 2891
1152 2774 2891
1489 800 2066
800 1489 2066
2066 800 1489
2308 988 1833
1833 988 2308
988 1833 2308
352 30 132
30 132 352
132 30 352
1039 1810 2361
2361 1039 1810
1810 1039 2361
677 602 1947
602 677 1947
1947 602 677
2311 653 1995
653 1995 2311
1995 653 2311
773 167 2277
2277 167 773
167 773 2277
2145 423 491
423 491 2145
491 423 2145
1402 774 1737
1737 774 1402
774 1402 1737
978 79 2077
2077 79 978
79 978 2077
2275 1001 1281
1001 1281 2275
1281 1001 2275
1612 1744 1826
1826 1612 1744
1744 1612 1826
1239 254 335
254 335 1239
335 254 1239
943 1077 1752
1752 943 1077
1077 943 1752
822 268 2340
268 822 2340
2340 268 822
2809 647 1509
647 1509 2809
1509 647 2809
1326 1 847
847 1 1326
1 847 1326
2006 2121 2996
2121 2006 2996
2996 2006 2121
2135 2039 2298
2039 2135 2298
2298 2039 2135
798 241 2213
2213 241 798
241 798 2213
2108 1589 2972
2972 1589 2108
1589 2108 2972
2619 641 740
641 740 2619
740 641 2619
1537 893 1204
893 1204 1537
1204 893 1537
1945 159 2197
159 1945 2197
2197 159 1945
1224 17 2120
2120 17 1224
17 1224 2120
383 967 1760
1760 383 967
967 383 1760
2745 2216 2579
2216 2579 2745
2579 2216 2745
311 1748 2677
1748 311 2677
2677 311 1748
1385 295 1988
295 1385 1988
1988 295 1385
62 1127 2628
2628 62 1127
1127 62 2628
44 38 1171
1171 38 44
38 44 1171
2684 1939 2184
2184 1939 2684
1939 2184 2684
84 390 1700
390 84 1700
1700 84 390
1393 598 1031
1031 598 1393
598 1031 1393
2285 608 2511
608 2285 2511
2511 608 2285
2965 1836 2454
1836 2454 2965
2454 1836 2965
2046 1324 1840
1840 1324 2046
1324 1840 2046
2530 1114 1222
1114 1222 2530
1222 1114 2530
1137 1105 2170
2170 1105 1137
1105 1137 2170
684 951 1704
1704 684 951
951 684 1704
971 1539 2934
2934 971 1539
1539 971 2934
694 2043 2707
2043 694 2707
2707 694 2043
2100 613 2429
613 2100 2429
2429 613 2100
1613 142 1202
1202 142 1613
142 1202 1613
2652 153 482
482 153 2652
153 482 2652
379 1845 2654
1845 379 2654
2654 379 1845
2204 912 1523
912 1523 2204
1523 912 2204
1449 35 2716
2716 35 1449
35 1449 2716
1329 1498 2952
2952 1329 1498
1498 1329 2952
2525 508 1887
1887 508 2525
508 1887 2525
1980 160 1109
1109 160 1980
160 1109 1980
2480 987 1530
1530 987 2480
987 1530 2480
1774 836 1480
836 1480 1774
1480 836 1774
2614 480 1319
1319 480 2614
480 1319 2614
2557 611 1743
1743 611 2557
611 1743 2557
1226 1118 2056
1118 1226 2056
2056 1118 1226
767 446 2357
2357 446 767
446 767 2357
1870 117 1095
1095 117 1870
117 1095 1870
2924 722 1270
722 1270 2924
1270 722 2924
1630 71 1813
71 1630 1813
1813 71 1630
1241 510 1159
510 1159 1241
1159 510 1241
2508 454 1010
454 1010 2508
1010 454 2508
430 1022 1895
1895 430 1022
1022 430 1895
2633 68 2188
68 2188 2633
2188 68 2633
1745 2070 2928
2070 1745 2928
2928 1745 2070
1083 102 1811
102 1083 1811
1811 102 1083
387 1864 2002
2002 387 1864
1864 387 2002
244 2042 2195
2195 244 2042
2042 244 2195
2310 1623 2527
2527 1623 2310
1623 2310 2527
2406 666 1490
666 1490 2406
1490 666 2406
495 290 1093
290 495 1093
1093 290 495
2796 797 1579
1579 797 2796
797 1579 2796
2863 551 1504
551 1504 2863
1504 551 2863
1867 633 1860
1860 633 1867
633 1860 1867
1771 172 2788
2788 172 1771
172 1771 2788
2368 2137 2721
2137 2368 2721
2721 2137 2368
866 208 1179
208 866 1179
1179 208 866
2099 761 1120
1120 761 2099
761 1120 2099
1370 269 517
269 517 1370
517 269 1370
2603 977 2561
2561 977 2603
977 2561 2603
2130 339 1006
339 1006 2130
1006 339 2130
1591 85 2355
85 1591 2355
2355 85 1591
745 1223 1746
1746 745 1223
1223 745 1746
631 1722 2537
1722 631 2537
2537 631 1722
2207 422 1189
422 1189 2207
1189 422 2207
2844 76 320
76 320 2844
320 76 2844
1862 742 1135
1135 742 1862
742 1135 1862
321 530 1290
1290 321 530
530 321 1290
2423 802 2414
802 2414 2423
2414 802 2423
392 120 228
120 228 392
228 120 392
2685 1648 1907
1648 1907 2685
1907 1648 2685
2027 514 1968
514 1968 2027
1968 514 2027
707 195 479
479 195 707
195 479 707
2646 529 2437
2437 529 2646
529 2437 2646
582 830 1766
830 582 1766
1766 582 830
1250 534 1346
1346 534 1250
534 1250 1346
1542 367 2535
367 1542 2535
2535 367 1542
2802 1029 2487
1029 2487 2802
