119 66 131
131 66 119
66 119 131
58 95 298
298 58 95
95 58 298
18 189 242
242 18 189
189 18 242
133 140 160
140 133 160
160 133 140
162 67 234
234 67 162
67 162 234
86 96 239
96 86 239
239 86 96
106 147 177
177 106 147
147 106 177
80 60 126
126 60 80
60 80 126
221 124 204
124 204 221
204 124 221
195 47 272
272 47 195
47 195 272
56 81 267
81 56 267
267 56 81
113 41 89
41 89 113
89 41 113
290 132 164
132 164 290
164 132 290
297 36 77
36 77 297
77 36 297
157 5 38
38 5 157
5 38 157
233 53 281
281 53 233
53 233 281
211 161 295
161 211 295
295 161 211
248 69 296
296 69 248
69 248 296
159 156 187
156 159 187
187 156 159
39 59 197
59 39 197
197 39 59
98 174 264
174 98 264
264 98 174
20 150 198
198 20 150
150 20 198
217 22 130
130 22 217
22 130 217
247 35 260
35 247 260
260 35 247
224 32 229
32 224 229
229 32 224
167 64 288
64 167 288
288 64 167
145 31 219
219 31 145
31 145 219
151 51 228
51 151 228
228 51 151
183 79 191
79 183 191
191 79 183
24 73 134
134 24 73
73 24 134
201 30 280
280 30 201
30 201 280
253 42 118
118 42 253
42 118 253
293 283 285
285 283 293
283 285 293
188 127 207
207 127 188
127 188 207
245 49 154
49 154 245
154 49 245
74 176 279
279 74 176
176 74 279
256 101 103
101 103 256
103 101 256
63 215 251
251 63 215
215 63 251
87 40 269
40 87 269
269 40 87
172 102 193
193 102 172
102 172 193
181 10 92
92 10 181
10 92 181
100 112 199
199 100 112
112 100 199
209 11 68
11 68 209
68 11 209
110 105 168
168 105 110
105 110 168
244 230 286
230 244 286
286 230 244
34 212 276
212 34 276
276 34 212
227 213 287
213 227 287
287 213 227
240 108 241
108 240 241
241 108 240
57 109 210
109 57 210
210 57 109
75 54 294
54 75 294
294 54 75
152 236 273
273 152 236
236 152 273
76 7 182
7 76 182
182 7 76
237 48 243
48 237 243
243 48 237
262 135 223
135 223 262
223 135 262
165 25 88
25 88 165
88 25 165
8 265 300
265 8 300
300 8 265
94 82 141
82 94 141
141 82 94
4 117 175
117 4 175
175 4 117
26 122 178
178 26 122
122 26 178
169 208 238
238 169 208
208 169 238
231 120 218
218 120 231
120 218 231
166 139 163
139 163 166
163 139 166
220 33 171
33 171 220
171 33 220
282 65 194
194 65 282
65 194 282
222 43 257
43 222 257
257 43 222
179 184 235
235 179 184
184 179 235
13 37 271
271 13 37
37 13 271
46 70 202
70 46 202
202 46 70
275 136 259
136 259 275
259 136 275
284 16 128
16 128 284
128 16 284
192 155 158
155 158 192
158 155 192
17 3 214
3 17 214
214 3 17
299 50 274
274 50 299
50 274 299
29 266 278
278 29 266
266 29 278
123 61 270
61 123 270
270 61 123
291 19 104
104 19 291
19 104 291
93 115 146
115 93 146
146 93 115
216 21 91
21 91 216
91 21 216
144 6 143
6 143 144
143 6 144
62 180 268
268 62 180
180 62 268
289 15 170
15 170 289
170 15 289
186 137 246
137 186 246
246 137 186
129 196 254
196 129 254
254 129 196
277 12 149
12 149 277
149 12 277
28 45 84
45 28 84
84 28 45
125 99 258
99 125 258
258 99 125
138 55 185
185 55 138
55 138 185
121 23 78
23 78 121
78 23 121
252 90 206
90 206 252
206 90 252
44 148 226
226 44 148
148 44 226
97 14 85
14 85 97
85 14 97
261 27 205
205 27 261
27 205 261
232 72 263
72 232 263
263 72 232
52 83 200
200 52 83
83 52 200
190 255 292
255 190 292
292 190 255
71 107 203
203 71 107
107 71 203
173 1 142
142 1 173
1 142 173
2 116 153
153 2 116
116 2 153
249 111 250
250 111 249
111 249 250
9 114 225
114 9 225
225 9 114
