6633 2208 9848
9848 2208 6633
2208 6633 9848
2752 9202 20119
20119 2752 9202
9202 2752 20119
12582 876 21663
21663 876 12582
876 12582 21663
14990 1866 28853
28853 1866 14990
1866 14990 28853
2584 13240 17939
13240 2584 17939
17939 2584 13240
16248 15175 22805
22805 15175 16248
15175 16248 22805
19904 6548 24580
24580 6548 19904
6548 19904 24580
17903 3632 17204
17204 3632 17903
3632 17204 17903
27765 20261 23786
20261 23786 27765
23786 20261 27765
21653 361 26550
26550 361 21653
361 21653 26550
22168 1018 10719
1018 10719 22168
10719 1018 22168
19899 202 22479
202 19899 22479
22479 202 19899
14656 45 25255
25255 45 14656
45 14656 25255
18301 13278 13449
13449 13278 18301
13278 13449 18301
16870 11695 20301
11695 16870 20301
20301 11695 16870
20049 6568 26127
26127 6568 20049
6568 20049 26127
5748 5044 16253
16253 5044 5748
5044 5748 16253
13032 1892 26104
1892 13032 26104
26104 1892 13032
16316 10387 21235
21235 10387 16316
10387 16316 21235
6855 992 21703
992 6855 21703
21703 992 6855
14941 11060 15033
15033 11060 14941
11060 14941 15033
14689 7354 11193
7354 11193 14689
11193 7354 14689
7701 11305 23781
11305 7701 23781
23781 7701 11305
22269 4098 26173
4098 22269 26173
26173 4098 22269
7606 9135 27314
27314 7606 9135
9135 7606 27314
27798 53 9700
53 9700 27798
9700 53 27798
6408 2569 22097
2569 6408 22097
22097 2569 6408
22729 21256 26588
21256 22729 26588
26588 21256 22729
7581 4972 5148
5148 4972 7581
4972 5148 7581
724 10989 12404
10989 724 12404
12404 724 10989
21644 3509 9467
9467 3509 21644
3509 9467 21644
9548 15252 16385
16385 9548 15252
15252 9548 16385
22089 9028 28398
28398 9028 22089
9028 22089 28398
17612 6442 11446
11446 6442 17612
6442 11446 17612
5727 7122 23380
23380 5727 7122
7122 5727 23380
8829 11004 25076
11004 8829 25076
25076 8829 11004
19064 13052 17583
17583 13052 19064
13052 17583 19064
16352 7545 28418
28418 7545 16352
7545 16352 28418
8946 7622 28601
28601 7622 8946
7622 8946 28601
20980 1286 8967
8967 1286 20980
1286 8967 20980
14415 9054 25178
9054 14415 25178
25178 9054 14415
25568 14337 20276
20276 14337 25568
14337 20276 25568
16520 22589 26070
26070 16520 22589
22589 16520 26070
27809 20211 20542
20211 20542 27809
20542 20211 27809
1640 11531 24020
11531 1640 24020
24020 1640 11531
17593 117 14466
14466 117 17593
117 14466 17593
10011 8140 21587
8140 10011 21587
21587 8140 10011
24528 4981 6938
4981 6938 24528
6938 4981 24528
2174 19229 28185
19229 2174 28185
28185 2174 19229
1122 4271 6277
6277 1122 4271
4271 1122 6277
8122 12565 14568
14568 8122 12565
12565 8122 14568
20099 11067 12338
11067 12338 20099
12338 11067 20099
4451 173 17334
17334 173 4451
173 4451 17334
1584 10658 23849
10658 1584 23849
23849 1584 10658
23270 6523 14200
14200 6523 23270
6523 14200 23270
27751 20979 21112
20979 21112 27751
21112 20979 27751
5162 1057 4225
4225 1057 5162
1057 4225 5162
1296 5730 24179
24179 1296 5730
5730 1296 24179
5733 3336 20720
20720 3336 5733
3336 5733 20720
3156 11576 23856
11576 3156 23856
23856 3156 11576
28982 9097 17257
9097 17257 28982
17257 9097 28982
24602 21385 24446
21385 24446 24602
24446 21385 24602
1606 1962 7616
7616 1606 1962
1962 1606 7616
8055 1033 10464
10464 1033 8055
1033 8055 10464
6169 9169 21766
9169 6169 21766
21766 6169 9169
11214 20321 28070
20321 11214 28070
28070 11214 20321
24082 23619 29489
29489 23619 24082
23619 24082 29489
444 20777 20883
20777 444 20883
20883 444 20777
16475 8102 16850
8102 16475 16850
16850 8102 16475
6339 6333 7348
6333 6339 7348
7348 6333 6339
15800 22624 28533
28533 15800 22624
22624 15800 28533
25894 9673 15669
15669 9673 25894
9673 15669 25894
15422 5026 12873
12873 5026 15422
5026 12873 15422
23304 11264 12380
12380 11264 23304
11264 12380 23304
4934 5016 27293
5016 4934 27293
27293 4934 5016
11311 9724 18956
18956 9724 11311
9724 11311 18956
2904 22734 29613
29613 2904 22734
22734 2904 29613
6053 4645 26526
4645 6053 26526
26526 4645 6053
16808 3927 8713
8713 3927 16808
3927 8713 16808
9545 979 6402
979 6402 9545
6402 979 9545
7517 9201 9902
9902 7517 9201
9201 7517 9902
15102 6810 21710
21710 6810 15102
6810 15102 21710
10346 8210 13362
8210 10346 13362
13362 8210 10346
13215 14495 19306
14495 13215 19306
19306 13215 14495
14290 7245 24542
24542 7245 14290
7245 14290 24542
17805 4652 5666
4652 5666 17805
5666 4652 17805
8194 2489 25383
25383 2489 8194
2489 8194 25383
19329 11644 17206
11644 17206 19329
17206 11644 19329
15732 2102 29837
29837 2102 15732
2102 15732 29837
23603 12772 15890
15890 12772 23603
12772 15890 23603
21415 8766 28519
8766 21415 28519
28519 8766 21415
28234 14705 25447
25447 14705 28234
14705 25447 28234
19101 6220 10404
10404 6220 19101
6220 10404 19101
22906 22248 29164
22248 22906 29164
29164 22248 22906
17693 2862 17504
17504 2862 17693
2862 17504 17693
3616 7872 17765
7872 3616 17765
17765 3616 7872
7171 10919 24502
10919 7171 24502
24502 7171 10919
4709 601 3857
601 3857 4709
3857 601 4709
3463 3631 12239
12239 3463 3631
3631 3463 12239
27498 26740 29666
26740 27498 29666
29666 26740 27498
16569 2135 8975
2135 8975 16569
8975 2135 16569
24996 8719 14482
8719 14482 24996
14482 8719 24996
10984 7342 11653
11653 7342 10984
7342 10984 11653
7238 14463 24796
14463 7238 24796
24796 7238 14463
9367 6085 27396
6085 9367 27396
27396 6085 9367
24011 12187 16217
16217 12187 24011
12187 16217 24011
1207 1740 25969
25969 1207 1740
1740 1207 25969
9734 928 17138
928 9734 17138
17138 928 9734
26834 1713 3453
1713 3453 26834
3453 1713 26834
12540 16132 29482
29482 12540 16132
16132 12540 29482
20547 2620 14444
14444 2620 20547
2620 14444 20547
6055 4783 12837
4783 6055 12837
12837 4783 6055
16042 7225 17056
17056 7225 16042
7225 16042 17056
25077 19354 29401
19354 25077 29401
29401 19354 25077
9364 14036 22171
14036 9364 22171
22171 9364 14036
16575 17283 22640
17283 16575 22640
22640 16575 17283
25346 6152 10071
10071 6152 25346
6152 10071 25346
20096 338 6433
338 6433 20096
6433 338 20096
7196 14401 25020
25020 7196 14401
14401 7196 25020
12267 13970 24748
13970 12267 24748
24748 12267 13970
2064 16541 21211
21211 2064 16541
16541 2064 21211
20809 6849 21024
21024 6849 20809
6849 20809 21024
4153 5393 12362
12362 4153 5393
5393 4153 12362
3547 7783 15760
15760 3547 7783
7783 3547 15760
26580 11951 24807
11951 24807 26580
24807 11951 26580
2886 4047 9281
4047 2886 9281
9281 2886 4047
10706 13997 28069
28069 10706 13997
13997 10706 28069
23235 12512 20645
12512 20645 23235
20645 12512 23235
15329 2646 14028
2646 14028 15329
14028 2646 15329
12370 18222 20054
18222 12370 20054
20054 12370 18222
12996 6680 25693
6680 12996 25693
25693 6680 12996
472 12810 14349
14349 472 12810
12810 472 14349
27964 21280 23712
21280 23712 27964
23712 21280 27964
26430 9735 28609
28609 9735 26430
9735 26430 28609
6636 9440 23776
9440 6636 23776
23776 6636 9440
29813 7212 16166
7212 16166 29813
16166 7212 29813
9229 11393 15840
15840 9229 11393
11393 9229 15840
7237 13162 19728
13162 7237 19728
19728 7237 13162
7833 7691 17108
17108 7691 7833
7691 7833 17108
25770 1231 14235
1231 14235 25770
14235 1231 25770
20531 23866 26589
26589 20531 23866
23866 20531 26589
17592 5138 29169
29169 5138 17592
5138 17592 29169
28957 16567 18675
18675 16567 28957
16567 18675 28957
2466 16799 26001
26001 2466 16799
16799 2466 26001
12750 13701 27031
27031 12750 13701
13701 12750 27031
19163 2827 23103
2827 19163 23103
23103 2827 19163
22251 4217 6742
4217 6742 22251
6742 4217 22251
25140 4631 11915
11915 4631 25140
4631 11915 25140
4674 21437 22488
21437 4674 22488
22488 4674 21437
16594 4437 14579
4437 14579 16594
14579 4437 16594
11176 12479 23031
12479 11176 23031
23031 11176 12479
8868 7235 24021
24021 7235 8868
7235 8868 24021
284 15203 29855
29855 284 15203
15203 284 29855
27054 3233 14647
14647 3233 27054
3233 14647 27054
1894 8739 28136
8739 1894 28136
28136 1894 8739
17695 18099 29037
18099 17695 29037
29037 17695 18099
5966 15761 19033
19033 5966 15761
15761 5966 19033
3774 11320 13207
13207 3774 11320
11320 3774 13207
20613 9235 9492
9235 9492 20613
9492 9235 20613
25144 14862 24488
14862 24488 25144
24488 14862 25144
5398 6020 14073
14073 5398 6020
6020 5398 14073
20892 1654 22843
22843 1654 20892
1654 20892 22843
14177 14093 28062
28062 14093 14177
14093 14177 28062
29648 8783 16274
16274 8783 29648
8783 16274 29648
3377 5503 27884
5503 3377 27884
27884 3377 5503
6292 17560 29983
17560 6292 29983
29983 6292 17560
6496 12460 21252
12460 6496 21252
21252 6496 12460
20304 27906 29916
27906 20304 29916
29916 20304 27906
20475 27303 27543
27543 20475 27303
27303 20475 27543
11661 8547 12945
8547 11661 12945
12945 8547 11661
11876 9049 27312
9049 11876 27312
27312 9049 11876
25877 9818 10720
10720 9818 25877
9818 10720 25877
28647 25867 26814
25867 26814 28647
26814 25867 28647
15705 984 10982
10982 984 15705
984 10982 15705
29913 21056 27175
21056 27175 29913
27175 21056 29913
16663 7356 19846
7356 16663 19846
19846 7356 16663
8226 19857 24948
24948 8226 19857
19857 8226 24948
18893 10261 10330
10261 10330 18893
10330 10261 18893
13405 6776 12236
12236 6776 13405
6776 12236 13405
14231 14232 16319
16319 14231 14232
14232 14231 16319
27500 9298 24307
24307 9298 27500
9298 24307 27500
13646 14725 25725
14725 13646 25725
25725 13646 14725
25925 11330 23752
23752 11330 25925
11330 23752 25925
26436 2994 17442
17442 2994 26436
2994 17442 26436
18032 4078 16536
16536 4078 18032
4078 16536 18032
7420 22754 27069
22754 7420 27069
27069 7420 22754
27111 15524 21477
15524 21477 27111
21477 15524 27111
29032 8682 26810
8682 26810 29032
26810 8682 29032
4815 19076 28668
28668 4815 19076
19076 4815 28668
10748 14124 23474
14124 10748 23474
23474 10748 14124
21923 3185 15921
15921 3185 21923
3185 15921 21923
17078 6892 20378
6892 17078 20378
20378 6892 17078
12898 1489 17984
1489 12898 17984
17984 1489 12898
2294 3089 13919
13919 2294 3089
3089 2294 13919
8295 17058 22721
17058 8295 22721
22721 8295 17058
22856 7052 21172
21172 7052 22856
7052 21172 22856
1837 4946 17065
17065 1837 4946
4946 1837 17065
23020 13335 16035
13335 16035 23020
16035 13335 23020
25064 1458 15865
15865 1458 25064
1458 15865 25064
7146 7568 7690
7568 7146 7690
7690 7146 7568
19149 10784 23585
23585 10784 19149
10784 19149 23585
10859 11632 13799
11632 10859 13799
13799 10859 11632
1533 11823 19315
19315 1533 11823
11823 1533 19315
18027 17484 29381
17484 18027 29381
29381 17484 18027
8077 18006 28116
18006 8077 28116
28116 8077 18006
11098 19748 24631
19748 11098 24631
24631 11098 19748
19992 16527 20201
16527 19992 20201
20201 16527 19992
26554 923 24714
923 24714 26554
24714 923 26554
5133 18642 29033
18642 5133 29033
29033 5133 18642
29407 11555 23975
23975 11555 29407
11555 23975 29407
11008 2226 6850
2226 6850 11008
6850 2226 11008
10589 12133 28725
12133 10589 28725
28725 10589 12133
17462 12539 25407
25407 12539 17462
12539 17462 25407
19104 7315 12080
7315 12080 19104
12080 7315 19104
27509 6084 20050
6084 20050 27509
20050 6084 27509
12417 6604 21867
6604 12417 21867
21867 6604 12417
20796 11968 19640
19640 11968 20796
11968 19640 20796
13199 11362 26591
26591 11362 13199
11362 13199 26591
27362 10934 22295
10934 22295 27362
22295 10934 27362
8901 7435 22461
22461 7435 8901
7435 8901 22461
27680 2192 21009
21009 2192 27680
2192 21009 27680
22193 4515 24172
24172 4515 22193
4515 22193 24172
20669 12542 27496
27496 12542 20669
12542 20669 27496
24023 1253 28181
1253 24023 28181
28181 1253 24023
21432 11564 14835
11564 14835 21432
14835 11564 21432
22939 4892 14659
4892 14659 22939
14659 4892 22939
11848 20877 23512
23512 11848 20877
20877 11848 23512
9038 20093 27198
20093 9038 27198
27198 9038 20093
23685 10063 26140
10063 23685 26140
26140 10063 23685
21599 6720 12521
12521 6720 21599
6720 12521 21599
3102 2640 28147
2640 3102 28147
28147 2640 3102
23819 2407 2952
2407 2952 23819
2952 2407 23819
20428 4713 28231
28231 4713 20428
4713 20428 28231
26294 4052 25630
4052 25630 26294
25630 4052 26294
29155 19357 22495
19357 22495 29155
22495 19357 29155
28900 5625 8710
8710 5625 28900
5625 8710 28900
16502 1681 17452
17452 1681 16502
1681 16502 17452
2992 23037 24915
23037 2992 24915
24915 2992 23037
18994 5359 17080
17080 5359 18994
5359 17080 18994
19396 10643 11715
11715 10643 19396
10643 11715 19396
17292 1711 15396
15396 1711 17292
1711 15396 17292
3088 9022 21119
9022 3088 21119
21119 3088 9022
8704 845 28151
28151 845 8704
845 8704 28151
5821 12426 20155
12426 5821 20155
20155 5821 12426
9863 6698 26025
26025 6698 9863
6698 9863 26025
10390 1683 25413
1683 10390 25413
25413 1683 10390
24801 389 14968
14968 389 24801
389 14968 24801
16856 19451 22855
22855 16856 19451
19451 16856 22855
6630 3591 28374
28374 3591 6630
3591 6630 28374
28319 1046 15862
1046 15862 28319
15862 1046 28319
10508 7688 14361
14361 7688 10508
7688 10508 14361
29879 3043 27445
3043 27445 29879
27445 3043 29879
18848 11818 16651
16651 11818 18848
11818 16651 18848
10515 12257 21114
12257 10515 21114
21114 10515 12257
16915 10854 23327
23327 10854 16915
10854 16915 23327
10759 8905 16183
16183 8905 10759
8905 10759 16183
26295 20896 27638
20896 26295 27638
27638 20896 26295
3361 1501 6865
6865 1501 3361
1501 3361 6865
7819 8274 10627
10627 7819 8274
8274 7819 10627
2608 2018 11295
11295 2018 2608
2018 2608 11295
11637 6302 9695
9695 6302 11637
6302 9695 11637
3972 9325 20973
9325 3972 20973
20973 3972 9325
1595 19389 23550
19389 1595 23550
23550 1595 19389
20097 9250 9295
9250 9295 20097
9295 9250 20097
28388 17037 22972
17037 22972 28388
22972 17037 28388
1038 3638 28751
28751 1038 3638
3638 1038 28751
13834 4230 27079
4230 13834 27079
27079 4230 13834
12999 11306 17725
17725 11306 12999
11306 12999 17725
19210 17707 19218
19218 17707 19210
17707 19210 19218
27243 3399 19729
19729 3399 27243
3399 19729 27243
2680 16066 24585
24585 2680 16066
16066 2680 24585
7013 10901 26891
10901 7013 26891
26891 7013 10901
11706 7113 22441
7113 11706 22441
22441 7113 11706
28861 23280 28007
28007 23280 28861
23280 28007 28861
19562 12348 16498
16498 12348 19562
12348 16498 19562
17306 3947 20291
3947 17306 20291
20291 3947 17306
15054 28020 28745
28020 15054 28745
28745 15054 28020
28706 15889 16796
15889 16796 28706
16796 15889 28706
9752 8032 22214
8032 9752 22214
22214 8032 9752
907 10551 12986
10551 907 12986
12986 907 10551
15903 7009 8063
7009 8063 15903
8063 7009 15903
18640 6389 29728
6389 18640 29728
29728 6389 18640
26244 17299 18761
18761 17299 26244
17299 18761 26244
18455 2807 29895
29895 2807 18455
2807 18455 29895
17262 7377 21667
21667 7377 17262
7377 17262 21667
20972 84 17698
17698 84 20972
84 17698 20972
22933 8578 21354
8578 21354 22933
21354 8578 22933
28694 5940 16495
16495 5940 28694
5940 16495 28694
21140 7488 27099
27099 7488 21140
7488 21140 27099
1045 6373 22459
6373 1045 22459
22459 1045 6373
8794 16781 22475
16781 8794 22475
22475 8794 16781
18952 9422 29769
29769 9422 18952
9422 18952 29769
24643 16619 18592
18592 16619 24643
16619 18592 24643
11791 26741 28279
26741 11791 28279
28279 11791 26741
3985 4621 28948
28948 3985 4621
4621 3985 28948
8623 2666 9083
9083 2666 8623
2666 8623 9083
23700 5413 7575
7575 5413 23700
5413 7575 23700
23555 10639 16884
10639 16884 23555
16884 10639 23555
22262 1723 15917
1723 15917 22262
15917 1723 22262
6045 455 23820
455 6045 23820
23820 455 6045
4567 1234 13982
13982 1234 4567
1234 4567 13982
4667 108 3297
108 3297 4667
3297 108 4667
10609 4234 5591
5591 4234 10609
4234 5591 10609
17509 85 13516
85 13516 17509
13516 85 17509
13038 17074 22224
17074 13038 22224
22224 13038 17074
7955 14588 18517
18517 7955 14588
14588 7955 18517
23414 9481 29062
29062 9481 23414
9481 23414 29062
12574 13163 17757
17757 12574 13163
13163 12574 17757
7610 242 10819
10819 242 7610
242 7610 10819
25328 18029 18150
18150 18029 25328
18029 18150 25328
21910 4663 7627
7627 4663 21910
4663 7627 21910
11969 10737 14095
14095 10737 11969
10737 11969 14095
28227 4477 27143
27143 4477 28227
4477 27143 28227
29130 13329 17804
13329 17804 29130
17804 13329 29130
19380 8587 8750
8750 8587 19380
8587 8750 19380
107 13679 17236
17236 107 13679
13679 107 17236
8347 20582 25576
25576 8347 20582
20582 8347 25576
10255 1312 7526
1312 7526 10255
7526 1312 10255
15980 10078 29726
29726 10078 15980
10078 15980 29726
19934 12294 27237
27237 12294 19934
12294 19934 27237
266 10838 27643
10838 266 27643
27643 266 10838
25696 3944 11103
3944 11103 25696
11103 3944 25696
13664 26632 28324
26632 13664 28324
28324 13664 26632
10443 18475 21647
21647 10443 18475
18475 10443 21647
7156 1095 15124
15124 1095 7156
1095 7156 15124
14239 5507 24863
5507 14239 24863
24863 5507 14239
18068 28989 29360
29360 18068 28989
28989 18068 29360
23963 8825 18677
8825 18677 23963
18677 8825 23963
18237 10716 29281
10716 18237 29281
29281 10716 18237
18315 6835 17668
17668 6835 18315
6835 17668 18315
10326 11398 11977
11398 10326 11977
11977 10326 11398
8434 4936 10684
4936 8434 10684
10684 4936 8434
14264 1131 9157
1131 9157 14264
9157 1131 14264
12677 3593 26786
3593 12677 26786
26786 3593 12677
24652 14027 23286
14027 23286 24652
23286 14027 24652
28973 6722 7905
7905 6722 28973
6722 7905 28973
11698 22654 24310
22654 11698 24310
24310 11698 22654
3577 14161 16883
14161 3577 16883
16883 3577 14161
13990 2561 5426
2561 5426 13990
5426 2561 13990
22892 19203 19839
19839 19203 22892
19203 19839 22892
24174 2509 17546
2509 17546 24174
17546 2509 24174
28887 14721 14915
14915 14721 28887
14721 14915 28887
16149 18863 27589
18863 16149 27589
27589 16149 18863
21338 10493 19688
10493 19688 21338
19688 10493 21338
29615 954 6207
954 6207 29615
6207 954 29615
3041 2678 20712
2678 3041 20712
20712 2678 3041
9260 4941 11584
4941 9260 11584
11584 4941 9260
14923 11612 20773
11612 14923 20773
20773 11612 14923
28513 549 7202
549 7202 28513
7202 549 28513
28297 538 4313
4313 538 28297
538 4313 28297
25384 3964 27233
3964 25384 27233
27233 3964 25384
5149 906 7692
7692 906 5149
906 5149 7692
14456 8355 17544
17544 8355 14456
8355 14456 17544
17298 6854 27425
27425 6854 17298
6854 17298 27425
20372 2513 4122
4122 2513 20372
2513 4122 20372
10491 6575 10459
10459 6575 10491
6575 10459 10491
16064 6719 28066
28066 6719 16064
6719 16064 28066
10617 15785 19490
19490 10617 15785
15785 10617 19490
5014 17840 23850
23850 5014 17840
17840 5014 23850
19908 2185 5782
2185 5782 19908
5782 2185 19908
3135 2853 24237
24237 2853 3135
2853 3135 24237
10770 27625 29247
27625 10770 29247
29247 10770 27625
9027 4836 5143
4836 5143 9027
5143 4836 9027
24147 21266 21425
21266 21425 24147
21425 21266 24147
25225 116 4821
4821 116 25225
116 4821 25225
1468 9047 21242
21242 1468 9047
9047 1468 21242
2835 1299 8147
1299 2835 8147
8147 1299 2835
12911 608 26775
26775 608 12911
608 12911 26775
19413 18448 27847
27847 18448 19413
18448 19413 27847
4184 15794 17610
15794 4184 17610
17610 4184 15794
15548 1632 4015
1632 4015 15548
4015 1632 15548
8544 14543 23879
14543 8544 23879
23879 8544 14543
11440 18590 24914
18590 11440 24914
24914 11440 18590
23631 5949 23564
5949 23564 23631
23564 5949 23631
4560 23197 28659
28659 4560 23197
23197 4560 28659
20005 4781 20512
4781 20005 20512
20512 4781 20005
28790 5618 7626
7626 5618 28790
5618 7626 28790
3684 7187 19959
7187 3684 19959
19959 3684 7187
5240 1579 17603
1579 5240 17603
17603 1579 5240
6646 344 7496
344 6646 7496
7496 344 6646
28637 5023 17657
5023 17657 28637
17657 5023 28637
15795 4452 13125
4452 13125 15795
13125 4452 15795
12609 17365 20866
17365 12609 20866
20866 12609 17365
8773 5281 28073
5281 8773 28073
28073 5281 8773
3613 5875 17691
17691 3613 5875
5875 3613 17691
2741 11139 26397
26397 2741 11139
11139 2741 26397
23957 8154 26923
26923 8154 23957
8154 23957 26923
27694 14388 14879
14879 14388 27694
14388 14879 27694
419 9774 9912
9774 419 9912
9912 419 9774
6601 11351 17667
11351 6601 17667
17667 6601 11351
19718 7099 16419
16419 7099 19718
7099 16419 19718
14447 2065 28986
2065 14447 28986
28986 2065 14447
28417 2695 16160
2695 16160 28417
16160 2695 28417
18992 20388 23148
23148 18992 20388
20388 18992 23148
17211 426 13262
13262 426 17211
426 13262 17211
29285 21815 28836
28836 21815 29285
21815 28836 29285
21454 3101 6335
3101 6335 21454
6335 3101 21454
7023 1247 22526
1247 7023 22526
22526 1247 7023
15824 1188 25468
1188 15824 25468
25468 1188 15824
5332 16470 23221
23221 5332 16470
16470 5332 23221
18381 4764 29896
29896 4764 18381
4764 18381 29896
26608 2143 28651
28651 2143 26608
2143 26608 28651
11664 17152 26686
17152 11664 26686
26686 11664 17152
2909 18635 27434
18635 2909 27434
27434 2909 18635
26662 4939 12111
4939 12111 26662
12111 4939 26662
7938 12969 23998
23998 7938 12969
12969 7938 23998
28431 12633 23319
12633 23319 28431
23319 12633 28431
22399 9857 15680
9857 15680 22399
15680 9857 22399
28448 15496 23777
15496 23777 28448
23777 15496 28448
4851 16252 18219
18219 4851 16252
16252 4851 18219
19989 11930 28856
11930 19989 28856
28856 11930 19989
15790 30 8756
30 8756 15790
8756 30 15790
24588 11596 21547
11596 21547 24588
21547 11596 24588
9425 3335 15975
3335 9425 15975
15975 3335 9425
16104 15988 27392
15988 16104 27392
27392 15988 16104
20441 12860 27034
27034 12860 20441
12860 20441 27034
10328 16891 24348
16891 10328 24348
24348 10328 16891
20368 5813 8249
8249 5813 20368
5813 8249 20368
7473 11226 17366
11226 7473 17366
17366 7473 11226
5191 3687 27271
3687 5191 27271
27271 3687 5191
24239 18060 27568
27568 18060 24239
18060 24239 27568
10132 29174 29203
29174 10132 29203
29203 10132 29174
15781 18787 25892
25892 15781 18787
18787 15781 25892
22668 6392 13851
6392 13851 22668
13851 6392 22668
21361 16682 19188
19188 16682 21361
16682 19188 21361
27299 11037 20487
20487 11037 27299
11037 20487 27299
4092 6756 11978
11978 4092 6756
6756 4092 11978
6498 1300 19419
19419 1300 6498
1300 6498 19419
2318 7263 13895
7263 2318 13895
13895 2318 7263
3129 4179 12678
4179 3129 12678
12678 3129 4179
5092 4009 7116
7116 4009 5092
4009 5092 7116
8211 5431 5703
5431 5703 8211
5703 5431 8211
690 14302 22543
14302 690 22543
22543 690 14302
3155 13287 20068
20068 3155 13287
13287 3155 20068
28719 12386 17014
17014 12386 28719
12386 17014 28719
9747 7986 29439
7986 9747 29439
29439 7986 9747
14792 2051 5305
5305 2051 14792
2051 5305 14792
23044 1692 27863
27863 1692 23044
1692 23044 27863
6042 17350 26191
17350 6042 26191
26191 6042 17350
1816 16637 29718
29718 1816 16637
16637 1816 29718
628 9527 19429
9527 628 19429
19429 628 9527
9628 11308 28571
28571 9628 11308
11308 9628 28571
16196 2505 21779
21779 2505 16196
2505 16196 21779
14103 20554 24853
20554 14103 24853
24853 14103 20554
14499 9806 29035
9806 14499 29035
29035 9806 14499
26082 15215 26341
15215 26082 26341
26341 15215 26082
6524 7815 7824
7824 6524 7815
7815 6524 7824
22198 11332 18659
18659 11332 22198
11332 18659 22198
29138 13406 29036
29036 13406 29138
13406 29036 29138
17507 6845 22438
6845 17507 22438
22438 6845 17507
12332 1980 13062
13062 1980 12332
1980 12332 13062
9111 1075 20347
1075 9111 20347
20347 1075 9111
17745 15950 20026
20026 15950 17745
15950 17745 20026
6788 2729 14939
2729 6788 14939
14939 2729 6788
27621 2078 27824
27824 2078 27621
2078 27621 27824
29839 4242 29782
4242 29782 29839
29782 4242 29839
8078 669 8824
669 8078 8824
8824 669 8078
12604 15172 21604
21604 12604 15172
15172 12604 21604
25049 19537 21720
19537 21720 25049
21720 19537 25049
3164 17641 17726
17641 3164 17726
17726 3164 17641
7083 11131 28011
28011 7083 11131
11131 7083 28011
6596 12194 29946
12194 6596 29946
29946 6596 12194
20764 7 18471
18471 7 20764
7 18471 20764
2441 10421 13855
13855 2441 10421
10421 2441 13855
18731 14313 26338
26338 14313 18731
14313 18731 26338
28743 18166 24005
24005 18166 28743
18166 24005 28743
22380 23048 26509
23048 22380 26509
26509 22380 23048
22197 29276 29519
29519 22197 29276
29276 22197 29519
28103 11616 16249
16249 11616 28103
11616 16249 28103
11447 12947 16424
12947 11447 16424
16424 11447 12947
2199 18326 25176
25176 2199 18326
18326 2199 25176
29144 6470 17097
17097 6470 29144
6470 17097 29144
29561 1710 26781
26781 1710 29561
1710 26781 29561
7609 5500 23627
23627 5500 7609
5500 7609 23627
21837 10980 17450
10980 17450 21837
17450 10980 21837
12304 3418 15745
15745 3418 12304
3418 12304 15745
26252 6976 17712
6976 17712 26252
17712 6976 26252
10424 1185 16905
1185 10424 16905
16905 1185 10424
27484 536 24836
24836 536 27484
536 24836 27484
25398 11460 17199
17199 11460 25398
11460 17199 25398
12724 12716 26883
12716 12724 26883
26883 12716 12724
17841 14455 15585
14455 15585 17841
15585 14455 17841
23480 24135 26726
26726 23480 24135
24135 23480 26726
12732 3582 28904
28904 3582 12732
3582 12732 28904
23057 6579 25058
25058 6579 23057
6579 23057 25058
18473 13051 15171
13051 15171 18473
15171 13051 18473
17642 17431 23520
23520 17431 17642
17431 17642 23520
5176 11758 29617
11758 5176 29617
29617 5176 11758
24049 12381 20328
12381 20328 24049
20328 12381 24049
23926 8592 24129
8592 23926 24129
24129 8592 23926
8618 4624 5882
5882 4624 8618
4624 5882 8618
13120 1044 3539
3539 1044 13120
1044 3539 13120
1115 5169 19426
19426 1115 5169
5169 1115 19426
9355 710 18805
710 9355 18805
18805 710 9355
26562 13246 14638
14638 13246 26562
13246 14638 26562
1318 1108 28352
1108 1318 28352
28352 1108 1318
18976 450 23300
23300 450 18976
450 18976 23300
7720 4782 16084
4782 7720 16084
16084 4782 7720
9419 6690 8436
8436 6690 9419
6690 8436 9419
1161 3729 21375
21375 1161 3729
3729 1161 21375
21479 4331 26382
4331 21479 26382
26382 4331 21479
17184 14726 25580
25580 14726 17184
14726 17184 25580
5134 2127 9373
2127 5134 9373
9373 2127 5134
29749 8997 27650
8997 27650 29749
27650 8997 29749
7572 4051 14958
4051 7572 14958
14958 4051 7572
17027 5323 8676
8676 5323 17027
5323 8676 17027
852 13673 24784
24784 852 13673
13673 852 24784
19826 6158 7620
7620 6158 19826
6158 7620 19826
19803 18895 23542
18895 19803 23542
23542 18895 19803
22313 754 23609
754 22313 23609
23609 754 22313
24229 15809 17079
15809 17079 24229
17079 15809 24229
19445 29173 29180
29173 19445 29180
29180 19445 29173
24860 19215 29227
29227 19215 24860
19215 24860 29227
4474 1492 9510
9510 1492 4474
1492 4474 9510
10486 6565 15584
15584 6565 10486
6565 10486 15584
19403 7593 21905
21905 7593 19403
7593 19403 21905
15471 14166 15372
15372 14166 15471
14166 15372 15471
27472 6211 20581
20581 6211 27472
6211 20581 27472
18624 5054 29878
5054 18624 29878
29878 5054 18624
4754 21677 25746
21677 4754 25746
25746 4754 21677
18302 9253 27619
27619 9253 18302
9253 18302 27619
5208 3984 17224
17224 3984 5208
3984 5208 17224
4903 12494 21483
21483 4903 12494
12494 4903 21483
3715 22820 29632
29632 3715 22820
22820 3715 29632
21539 3195 16452
3195 16452 21539
16452 3195 21539
7711 8842 16141
16141 7711 8842
8842 7711 16141
10412 8999 20187
20187 8999 10412
8999 10412 20187
15401 9121 25439
9121 15401 25439
25439 9121 15401
18811 6777 23775
6777 18811 23775
23775 6777 18811
8666 26329 27792
27792 8666 26329
26329 8666 27792
2656 6315 26567
26567 2656 6315
6315 2656 26567
8074 15771 29560
29560 8074 15771
15771 8074 29560
1270 22115 27265
22115 1270 27265
27265 1270 22115
787 2023 22811
2023 787 22811
22811 787 2023
11494 15580 28273
15580 11494 28273
28273 11494 15580
15515 8961 22113
22113 8961 15515
8961 15515 22113
5994 2200 6712
6712 2200 5994
2200 5994 6712
23601 29046 30000
29046 23601 30000
30000 23601 29046
22792 27407 28179
27407 22792 28179
28179 22792 27407
18350 2511 5354
5354 2511 18350
2511 5354 18350
5304 4426 25448
25448 4426 5304
4426 5304 25448
26317 177 15845
177 15845 26317
15845 177 26317
840 13688 23801
13688 840 23801
23801 840 13688
24153 13761 14882
13761 14882 24153
14882 13761 24153
26972 7334 24440
7334 24440 26972
24440 7334 26972
5387 13276 20719
20719 5387 13276
13276 5387 20719
29703 2777 12581
12581 2777 29703
2777 12581 29703
10764 567 23172
567 10764 23172
23172 567 10764
13802 12903 21631
21631 12903 13802
12903 13802 21631
13107 6175 6304
6304 6175 13107
6175 6304 13107
20094 21197 23855
21197 20094 23855
23855 20094 21197
4475 5552 25937
25937 4475 5552
5552 4475 25937
21682 2919 8790
8790 2919 21682
2919 8790 21682
21249 6874 29193
6874 21249 29193
29193 6874 21249
23887 12192 24865
24865 12192 23887
12192 23887 24865
17130 3614 10483
10483 3614 17130
3614 10483 17130
10006 9032 10626
10626 9032 10006
9032 10006 10626
10185 23804 28309
28309 10185 23804
23804 10185 28309
7922 17188 25726
25726 7922 17188
17188 7922 25726
5533 11213 20355
20355 5533 11213
11213 5533 20355
241 20705 23203
20705 241 23203
23203 241 20705
29884 882 25769
25769 882 29884
882 25769 29884
15313 23911 26663
23911 15313 26663
26663 15313 23911
25456 13478 18525
18525 13478 25456
13478 18525 25456
4378 19228 21901
21901 4378 19228
19228 4378 21901
961 17809 27719
17809 961 27719
27719 961 17809
18699 4755 24469
4755 18699 24469
24469 4755 18699
28724 6457 7740
6457 7740 28724
7740 6457 28724
19776 7580 20227
7580 19776 20227
20227 7580 19776
23386 21475 28735
21475 23386 28735
28735 21475 23386
17054 6404 18927
6404 17054 18927
18927 6404 17054
24188 15213 26241
26241 15213 24188
15213 24188 26241
967 4269 24108
4269 967 24108
24108 967 4269
22101 2871 21031
2871 21031 22101
21031 2871 22101
14991 15951 28822
28822 14991 15951
15951 14991 28822
26777 9183 15165
9183 15165 26777
15165 9183 26777
7014 2571 19555
19555 2571 7014
2571 7014 19555
29447 9487 26021
9487 26021 29447
26021 9487 29447
23759 11544 28754
28754 11544 23759
11544 23759 28754
1092 7028 20288
20288 1092 7028
7028 1092 20288
20354 14234 15938
15938 14234 20354
14234 15938 20354
25098 15509 21045
21045 15509 25098
15509 21045 25098
17094 20748 23407
20748 17094 23407
23407 17094 20748
1040 10241 21945
21945 1040 10241
10241 1040 21945
4767 411 3867
411 3867 4767
3867 411 4767
27958 4647 23362
23362 4647 27958
4647 23362 27958
727 5910 21365
21365 727 5910
5910 727 21365
24999 24274 24655
24274 24655 24999
24655 24274 24999
1467 9859 18019
18019 1467 9859
9859 1467 18019
8490 1343 12210
12210 1343 8490
1343 8490 12210
11939 16479 20015
20015 11939 16479
16479 11939 20015
9612 9725 14021
14021 9612 9725
9725 9612 14021
20191 20703 23511
23511 20191 20703
20703 20191 23511
19503 530 6827
530 6827 19503
6827 530 19503
14198 23055 28126
28126 14198 23055
23055 14198 28126
22048 8363 22445
8363 22048 22445
22445 8363 22048
9547 21800 23375
21800 9547 23375
23375 9547 21800
20089 21080 21636
21080 20089 21636
21636 20089 21080
10796 2368 6954
6954 2368 10796
2368 6954 10796
24920 18589 27945
18589 24920 27945
27945 18589 24920
23008 18194 22252
18194 22252 23008
22252 18194 23008
28082 3324 13472
3324 13472 28082
13472 3324 28082
1727 9899 27200
9899 1727 27200
27200 1727 9899
10890 23993 29543
23993 10890 29543
29543 10890 23993
7870 12525 19700
12525 7870 19700
19700 7870 12525
29102 9608 14343
14343 9608 29102
9608 14343 29102
25395 7929 22836
7929 22836 25395
22836 7929 25395
1509 16135 21014
16135 1509 21014
21014 1509 16135
16769 16234 20563
16234 16769 20563
20563 16234 16769
24150 12319 29919
29919 12319 24150
12319 24150 29919
19782 8464 29729
29729 8464 19782
8464 19782 29729
29525 7330 16477
7330 16477 29525
16477 7330 29525
4372 22170 22666
22666 4372 22170
22170 4372 22666
24355 406 13084
406 13084 24355
13084 406 24355
27209 827 7458
7458 827 27209
827 7458 27209
17091 5734 16299
5734 16299 17091
16299 5734 17091
891 243 21278
243 891 21278
21278 243 891
14488 7862 17680
7862 14488 17680
17680 7862 14488
25840 25773 25792
25773 25792 25840
25792 25773 25840
4502 4765 10800
4765 4502 10800
10800 4502 4765
21855 5183 20234
20234 5183 21855
5183 20234 21855
2696 11451 17395
11451 2696 17395
17395 2696 11451
24039 4006 28034
4006 24039 28034
28034 4006 24039
15768 1601 12968
1601 12968 15768
12968 1601 15768
24771 16377 19236
16377 19236 24771
19236 16377 24771
29098 15189 27747
15189 27747 29098
27747 15189 29098
12963 94 9292
94 9292 12963
9292 94 12963
23284 2502 13629
13629 2502 23284
2502 13629 23284
3661 15632 28516
15632 3661 28516
28516 3661 15632
18248 16182 24500
16182 18248 24500
24500 16182 18248
9066 1598 14746
14746 1598 9066
1598 9066 14746
3750 16706 19430
19430 3750 16706
16706 3750 19430
6629 505 9850
9850 505 6629
505 6629 9850
7649 8038 28407
28407 7649 8038
8038 7649 28407
19635 19103 23072
19103 19635 23072
23072 19103 19635
26745 18904 20683
18904 20683 26745
20683 18904 26745
17155 2869 24673
24673 2869 17155
2869 17155 24673
12748 1003 23516
23516 1003 12748
1003 12748 23516
11323 1849 17626
1849 11323 17626
17626 1849 11323
27855 8995 26918
8995 26918 27855
26918 8995 27855
352 2475 25906
25906 352 2475
2475 352 25906
12492 4340 13674
13674 4340 12492
4340 12492 13674
29501 3270 5160
3270 5160 29501
5160 3270 29501
5186 17390 18528
17390 5186 18528
18528 5186 17390
22066 11151 17577
17577 11151 22066
11151 17577 22066
15424 24843 25916
25916 15424 24843
24843 15424 25916
24940 6097 19275
6097 19275 24940
19275 6097 24940
15672 2595 29772
29772 2595 15672
2595 15672 29772
27931 24832 28949
24832 27931 28949
28949 24832 27931
29745 188 1006
1006 188 29745
188 1006 29745
27551 21776 24219
21776 24219 27551
24219 21776 27551
7371 5961 19607
5961 7371 19607
19607 5961 7371
29635 12469 16648
12469 16648 29635
16648 12469 29635
24930 16923 20317
20317 16923 24930
16923 20317 24930
15105 7110 12975
12975 7110 15105
7110 12975 15105
23547 11477 14022
14022 11477 23547
11477 14022 23547
19372 9219 23052
9219 19372 23052
23052 9219 19372
26501 8476 13782
8476 13782 26501
13782 8476 26501
27181 13352 16612
16612 13352 27181
13352 16612 27181
3441 13188 16442
13188 3441 16442
16442 3441 13188
21603 1890 12484
1890 12484 21603
12484 1890 21603
25603 17323 28894
17323 25603 28894
28894 17323 25603
3379 3108 21984
21984 3108 3379
3108 3379 21984
26290 20646 25313
25313 20646 26290
20646 25313 26290
12610 12675 16935
16935 12610 12675
12675 12610 16935
21620 2572 21160
2572 21160 21620
21160 2572 21620
2762 18001 28671
28671 2762 18001
18001 2762 28671
15069 8209 13853
8209 13853 15069
13853 8209 15069
26530 2850 14995
14995 2850 26530
2850 14995 26530
4012 4779 10143
4779 4012 10143
10143 4012 4779
3928 19919 22136
19919 3928 22136
22136 3928 19919
1877 16439 28001
28001 1877 16439
16439 1877 28001
17213 16822 21402
16822 17213 21402
21402 16822 17213
24295 2627 21201
21201 2627 24295
2627 21201 24295
1888 1106 2471
1106 1888 2471
2471 1106 1888
8988 12984 13141
13141 8988 12984
12984 8988 13141
28032 7383 10184
10184 7383 28032
7383 10184 28032
4533 18408 29894
18408 4533 29894
29894 4533 18408
6670 12024 16605
16605 6670 12024
12024 6670 16605
25307 15916 22908
22908 15916 25307
15916 22908 25307
16764 8374 10618
10618 8374 16764
8374 10618 16764
26646 10414 20495
20495 10414 26646
10414 20495 26646
20402 19325 28358
28358 19325 20402
19325 20402 28358
14437 4638 23886
4638 14437 23886
23886 4638 14437
20178 5291 23196
23196 5291 20178
5291 20178 23196
21803 10488 19589
10488 19589 21803
19589 10488 21803
14608 2515 20630
20630 2515 14608
2515 14608 20630
12652 9920 19273
19273 9920 12652
9920 12652 19273
18658 10680 14362
14362 10680 18658
10680 14362 18658
29540 6340 11765
11765 6340 29540
6340 11765 29540
21500 24516 25310
25310 21500 24516
24516 21500 25310
20643 19448 25095
25095 19448 20643
19448 20643 25095
23815 13967 28680
13967 23815 28680
28680 13967 23815
18608 13270 13963
13963 13270 18608
13270 13963 18608
15876 17010 22376
22376 15876 17010
17010 15876 22376
22514 13025 26487
26487 13025 22514
13025 22514 26487
16576 13790 25572
13790 16576 25572
25572 13790 16576
28098 14821 28209
28209 14821 28098
14821 28098 28209
10105 6740 29938
29938 6740 10105
6740 10105 29938
3932 8582 9991
8582 3932 9991
9991 3932 8582
19508 197 2615
197 2615 19508
2615 197 19508
8321 3511 5285
3511 5285 8321
5285 3511 8321
1953 20179 26494
20179 1953 26494
26494 1953 20179
20305 8460 17317
8460 17317 20305
17317 8460 20305
29989 1088 22283
22283 1088 29989
1088 22283 29989
4345 11456 27559
11456 4345 27559
27559 4345 11456
22790 10209 18689
18689 10209 22790
10209 18689 22790
29578 729 6464
729 6464 29578
6464 729 29578
3725 1831 26822
1831 3725 26822
26822 1831 3725
29078 19299 19725
19299 19725 29078
19725 19299 29078
14711 2980 20209
20209 2980 14711
2980 14711 20209
8239 629 16246
629 8239 16246
16246 629 8239
2454 15030 22043
22043 2454 15030
15030 2454 22043
14335 8311 29176
29176 8311 14335
8311 14335 29176
22600 395 24418
24418 395 22600
395 22600 24418
22678 6894 22639
22639 6894 22678
6894 22639 22678
20151 4323 24245
24245 4323 20151
4323 20151 24245
5759 393 15026
15026 393 5759
393 5759 15026
18834 9376 23862
9376 18834 23862
23862 9376 18834
738 5056 26462
5056 738 26462
26462 738 5056
23405 27668 29556
29556 23405 27668
27668 23405 29556
9361 296 20906
296 9361 20906
20906 296 9361
11066 11809 15167
11809 11066 15167
15167 11066 11809
5086 19404 23426
23426 5086 19404
19404 5086 23426
8252 11298 13571
11298 8252 13571
13571 8252 11298
10300 23473 29165
29165 10300 23473
23473 10300 29165
25718 19160 24761
19160 24761 25718
24761 19160 25718
9651 7274 22540
7274 9651 22540
22540 7274 9651
29750 19882 20042
20042 19882 29750
19882 20042 29750
16268 2961 6628
2961 6628 16268
6628 2961 16268
1778 9170 9571
9571 1778 9170
9170 1778 9571
125 5115 25107
5115 125 25107
25107 125 5115
8533 15521 18186
15521 8533 18186
18186 8533 15521
22160 14987 23569
23569 14987 22160
14987 22160 23569
26779 12436 12811
12436 12811 26779
12811 12436 26779
1539 4068 17040
4068 1539 17040
17040 1539 4068
27132 11634 28327
11634 27132 28327
28327 11634 27132
10027 8399 19932
19932 8399 10027
8399 10027 19932
16603 10895 21888
10895 16603 21888
21888 10895 16603
18523 3320 23056
3320 18523 23056
23056 3320 18523
21222 6815 26860
26860 6815 21222
6815 21222 26860
17940 12119 13900
13900 12119 17940
12119 13900 17940
26967 7258 13303
13303 7258 26967
7258 13303 26967
8809 12422 13370
12422 8809 13370
13370 8809 12422
11191 17493 24716
24716 11191 17493
17493 11191 24716
2805 10314 25105
25105 2805 10314
10314 2805 25105
15042 7687 27732
7687 15042 27732
27732 7687 15042
20254 8880 22953
22953 8880 20254
8880 20254 22953
17191 6461 10289
6461 10289 17191
10289 6461 17191
20269 5174 18361
5174 18361 20269
18361 5174 20269
14981 15772 16526
16526 14981 15772
15772 14981 16526
12409 14206 15586
15586 12409 14206
14206 12409 15586
16566 19752 20969
19752 16566 20969
20969 16566 19752
2750 12459 26978
12459 2750 26978
26978 2750 12459
7800 23655 25779
25779 7800 23655
23655 7800 25779
2883 19574 22698
19574 2883 22698
22698 2883 19574
27449 14917 15502
15502 14917 27449
14917 15502 27449
19193 3641 9627
3641 9627 19193
9627 3641 19193
2968 6770 19420
6770 2968 19420
19420 2968 6770
11908 9518 23206
9518 11908 23206
23206 9518 11908
3095 9372 19974
19974 3095 9372
9372 3095 19974
20629 24151 25060
25060 20629 24151
24151 20629 25060
26299 6978 21434
21434 6978 26299
6978 21434 26299
16642 20486 22347
20486 16642 22347
22347 16642 20486
27424 3296 27145
3296 27145 27424
27145 3296 27424
1355 14351 18057
14351 1355 18057
18057 1355 14351
12476 10334 29270
29270 10334 12476
10334 12476 29270
28096 2774 9503
2774 9503 28096
9503 2774 28096
2391 19350 29842
29842 2391 19350
19350 2391 29842
17852 6280 19970
6280 17852 19970
19970 6280 17852
6965 23681 25208
23681 6965 25208
25208 6965 23681
5946 4080 28583
4080 5946 28583
28583 4080 5946
7901 19412 21744
19412 7901 21744
21744 7901 19412
25085 149 15925
149 15925 25085
15925 149 25085
27350 7495 17582
7495 17582 27350
17582 7495 27350
16021 26669 28156
28156 16021 26669
26669 16021 28156
21369 2169 2243
2169 2243 21369
2243 2169 21369
27010 10966 26844
10966 26844 27010
26844 10966 27010
2151 5252 7256
5252 2151 7256
7256 2151 5252
8247 17253 18919
18919 8247 17253
17253 8247 18919
14259 9128 10756
10756 9128 14259
9128 10756 14259
24289 19348 25655
19348 24289 25655
25655 19348 24289
8637 21388 27560
21388 8637 27560
27560 8637 21388
8080 13942 16589
16589 8080 13942
13942 8080 16589
20292 10406 25472
10406 20292 25472
25472 10406 20292
7375 1331 6245
1331 6245 7375
6245 1331 7375
15370 1715 2522
2522 1715 15370
1715 2522 15370
28561 17044 27320
17044 27320 28561
27320 17044 28561
22253 20303 24741
20303 22253 24741
24741 20303 22253
