2392 11041 26420
26420 2392 11041
11041 2392 26420
27851 5416 25581
5416 25581 27851
25581 5416 27851
3041 21650 27655
21650 3041 27655
27655 3041 21650
22423 3463 4349
4349 3463 22423
3463 4349 22423
6611 9576 15924
15924 6611 9576
9576 6611 15924
2343 9586 11008
11008 2343 9586
9586 2343 11008
29567 1278 18642
18642 1278 29567
1278 18642 29567
17216 12263 17737
17737 12263 17216
12263 17216 17737
7845 26432 27796
27796 7845 26432
26432 7845 27796
26921 21360 21401
21401 21360 26921
21360 21401 26921
25302 8367 29615
8367 25302 29615
29615 8367 25302
24634 6800 21672
6800 21672 24634
21672 6800 24634
480 12875 13131
13131 480 12875
12875 480 13131
1197 26927 28233
28233 1197 26927
26927 1197 28233
10150 3528 23035
23035 3528 10150
3528 10150 23035
3300 13106 23070
13106 3300 23070
23070 3300 13106
18369 14331 21682
21682 14331 18369
14331 18369 21682
22200 3898 17637
17637 3898 22200
3898 17637 22200
21651 11739 17123
17123 11739 21651
11739 17123 21651
6620 16619 21414
21414 6620 16619
16619 6620 21414
4081 72 10216
72 4081 10216
10216 72 4081
20597 20923 26562
26562 20597 20923
20923 20597 26562
26085 7307 18167
7307 18167 26085
18167 7307 26085
5069 15024 19912
15024 5069 19912
19912 5069 15024
25573 3651 28556
3651 25573 28556
28556 3651 25573
540 19673 21522
19673 540 21522
21522 540 19673
1445 8354 14066
14066 1445 8354
8354 1445 14066
24441 8652 14761
14761 8652 24441
8652 14761 24441
1110 12997 25291
12997 1110 25291
25291 1110 12997
28600 790 15893
790 15893 28600
15893 790 28600
15435 8535 22272
22272 8535 15435
8535 15435 22272
10949 3056 11318
3056 10949 11318
11318 3056 10949
4274 5569 21942
5569 4274 21942
21942 4274 5569
2537 16074 25308
25308 2537 16074
16074 2537 25308
22024 4104 17475
4104 17475 22024
17475 4104 22024
10220 40 17331
40 10220 17331
17331 40 10220
24395 1548 15515
1548 15515 24395
15515 1548 24395
13004 22434 23120
22434 13004 23120
23120 13004 22434
7094 7103 18111
7103 7094 18111
18111 7094 7103
28766 10401 22193
10401 22193 28766
22193 10401 28766
20707 14589 25226
14589 20707 25226
25226 14589 20707
24198 3355 5196
5196 3355 24198
3355 5196 24198
5275 7524 14365
14365 5275 7524
7524 5275 14365
20495 6973 14105
14105 6973 20495
6973 14105 20495
16053 7758 7847
7847 7758 16053
7758 7847 16053
4886 19435 26565
26565 4886 19435
19435 4886 26565
22559 1167 25914
25914 1167 22559
1167 22559 25914
7706 11906 22307
22307 7706 11906
11906 7706 22307
6012 17412 27449
17412 6012 27449
27449 6012 17412
16492 7639 17675
7639 16492 17675
17675 7639 16492
577 8290 18033
8290 577 18033
18033 577 8290
21777 18901 24226
18901 21777 24226
24226 18901 21777
15286 14030 20979
20979 14030 15286
14030 15286 20979
8018 11188 20702
20702 8018 11188
11188 8018 20702
9059 9270 15224
9270 9059 15224
15224 9059 9270
2570 15125 23348
15125 2570 23348
23348 2570 15125
15496 366 2009
2009 366 15496
366 2009 15496
28786 7441 17498
7441 17498 28786
17498 7441 28786
11909 15927 28776
28776 11909 15927
15927 11909 28776
27123 16960 27167
27167 16960 27123
16960 27123 27167
4084 10278 21580
10278 4084 21580
21580 4084 10278
5508 2411 14136
14136 2411 5508
2411 5508 14136
23536 19285 27245
19285 23536 27245
27245 19285 23536
10635 504 23178
23178 504 10635
504 10635 23178
543 9425 23301
23301 543 9425
9425 543 23301
20712 12758 16227
16227 12758 20712
12758 16227 20712
26467 23431 24942
23431 24942 26467
24942 23431 26467
15439 14951 17210
17210 14951 15439
14951 15439 17210
29924 17687 29575
29575 17687 29924
17687 29575 29924
28891 5950 9419
9419 5950 28891
5950 9419 28891
19710 5157 26334
5157 19710 26334
26334 5157 19710
1424 14620 23473
23473 1424 14620
14620 1424 23473
19314 20311 21529
20311 19314 21529
21529 19314 20311
6016 9032 20064
9032 6016 20064
20064 6016 9032
15839 9863 19146
19146 9863 15839
9863 15839 19146
17852 719 16464
16464 719 17852
719 16464 17852
4792 6976 19820
19820 4792 6976
6976 4792 19820
4866 1022 26106
26106 1022 4866
1022 4866 26106
6807 3770 7037
3770 6807 7037
7037 3770 6807
24739 14334 15359
15359 14334 24739
14334 15359 24739
3989 12318 18892
12318 3989 18892
18892 3989 12318
27323 11795 22462
22462 11795 27323
11795 22462 27323
2338 8326 29699
8326 2338 29699
29699 2338 8326
22598 4035 13728
13728 4035 22598
4035 13728 22598
26671 13997 20513
20513 13997 26671
13997 20513 26671
10791 18792 20116
18792 10791 20116
20116 10791 18792
8764 16435 28857
28857 8764 16435
16435 8764 28857
19986 4319 15537
4319 15537 19986
15537 4319 19986
18702 15634 17177
15634 17177 18702
17177 15634 18702
23935 18837 22812
18837 22812 23935
22812 18837 23935
18320 3471 5813
3471 5813 18320
5813 3471 18320
20703 13948 27202
27202 13948 20703
13948 20703 27202
15712 17201 28255
28255 15712 17201
17201 15712 28255
29810 1462 24539
24539 1462 29810
1462 24539 29810
24916 26636 27194
27194 24916 26636
26636 24916 27194
8689 764 9072
764 8689 9072
9072 764 8689
23758 8532 12407
12407 8532 23758
8532 12407 23758
21897 15344 22900
15344 21897 22900
22900 15344 21897
14202 10114 25695
10114 14202 25695
25695 10114 14202
23124 9917 12971
9917 12971 23124
12971 9917 23124
6869 3670 15736
3670 6869 15736
15736 3670 6869
14557 2933 8372
8372 2933 14557
2933 8372 14557
15789 1992 13150
1992 13150 15789
13150 1992 15789
13310 413 17051
17051 413 13310
413 13310 17051
15262 9479 10418
10418 9479 15262
9479 10418 15262
14649 14308 16117
14308 14649 16117
16117 14308 14649
4105 10048 20066
10048 4105 20066
20066 4105 10048
23463 7986 28417
7986 23463 28417
28417 7986 23463
7917 3934 25616
25616 3934 7917
3934 7917 25616
24758 6786 21131
6786 21131 24758
21131 6786 24758
22009 20864 29894
20864 22009 29894
29894 20864 22009
10717 1372 7420
1372 7420 10717
7420 1372 10717
2856 8789 9045
8789 2856 9045
9045 2856 8789
19497 8205 18276
8205 18276 19497
18276 8205 19497
12101 4468 29813
29813 4468 12101
4468 12101 29813
10532 2785 5167
2785 5167 10532
5167 2785 10532
3873 521 20362
20362 521 3873
521 3873 20362
16506 5692 21068
21068 5692 16506
5692 16506 21068
26567 17228 22882
22882 17228 26567
17228 22882 26567
23865 10310 25874
25874 10310 23865
10310 23865 25874
18299 12433 28790
28790 12433 18299
12433 18299 28790
8938 2209 8000
8000 2209 8938
2209 8000 8938
19355 3246 15862
15862 3246 19355
3246 15862 19355
13490 5303 20021
20021 5303 13490
5303 13490 20021
6573 3680 8128
3680 6573 8128
8128 3680 6573
19940 3360 15733
15733 3360 19940
3360 15733 19940
14347 17387 26748
26748 14347 17387
17387 14347 26748
17373 3530 17335
3530 17335 17373
17335 3530 17373
21799 12148 26499
26499 12148 21799
12148 21799 26499
2970 24529 26340
24529 2970 26340
26340 2970 24529
16363 19601 29702
29702 16363 19601
19601 16363 29702
18846 6677 20974
20974 6677 18846
6677 18846 20974
21462 10915 26985
10915 21462 26985
26985 10915 21462
19552 5165 19430
19430 5165 19552
5165 19430 19552
1054 15082 28070
28070 1054 15082
15082 1054 28070
15879 1652 29490
1652 15879 29490
29490 1652 15879
13394 3026 10955
3026 10955 13394
10955 3026 13394
15013 17430 18349
17430 15013 18349
18349 15013 17430
8842 12988 15542
15542 8842 12988
12988 8842 15542
29666 17749 26301
17749 26301 29666
26301 17749 29666
20462 5726 8697
5726 8697 20462
8697 5726 20462
18456 16874 17333
16874 17333 18456
17333 16874 18456
27893 7577 26104
7577 26104 27893
26104 7577 27893
12586 619 13142
13142 619 12586
619 12586 13142
7862 12246 16194
16194 7862 12246
12246 7862 16194
7006 7630 9231
7630 7006 9231
9231 7006 7630
20211 4877 24601
4877 20211 24601
24601 4877 20211
16545 17115 27967
17115 16545 27967
27967 16545 17115
22510 3907 26335
3907 22510 26335
26335 3907 22510
2800 10 25012
10 2800 25012
25012 10 2800
22292 2693 29473
29473 2693 22292
2693 22292 29473
16981 17946 21446
17946 16981 21446
21446 16981 17946
18881 11259 21835
21835 11259 18881
11259 18881 21835
8292 6162 15833
15833 6162 8292
6162 8292 15833
22508 2979 8894
8894 2979 22508
2979 8894 22508
18907 6848 11836
6848 11836 18907
11836 6848 18907
17758 2158 13755
13755 2158 17758
2158 13755 17758
21536 11474 16729
16729 11474 21536
11474 16729 21536
21776 19818 28035
28035 19818 21776
19818 21776 28035
27686 22062 22223
22062 22223 27686
22223 22062 27686
27200 20266 24380
20266 24380 27200
24380 20266 27200
24706 20601 29303
20601 24706 29303
29303 20601 24706
22654 4839 7297
4839 7297 22654
7297 4839 22654
6990 3253 19216
19216 3253 6990
3253 6990 19216
20731 19025 22521
22521 19025 20731
19025 20731 22521
20620 8331 10207
10207 8331 20620
8331 10207 20620
29947 11305 29808
29808 11305 29947
11305 29808 29947
20208 17869 20757
17869 20208 20757
20757 17869 20208
20535 6642 7530
7530 6642 20535
6642 7530 20535
5202 327 28279
28279 327 5202
327 5202 28279
24595 1678 27952
27952 1678 24595
1678 24595 27952
21357 18667 26375
26375 18667 21357
18667 21357 26375
6718 15944 17530
17530 6718 15944
15944 6718 17530
167 4718 14833
4718 167 14833
14833 167 4718
27178 10315 15951
10315 15951 27178
15951 10315 27178
24801 15333 15536
15333 15536 24801
15536 15333 24801
4122 17694 20963
17694 4122 20963
20963 4122 17694
22663 802 4556
4556 802 22663
802 4556 22663
8252 18647 24736
18647 8252 24736
24736 8252 18647
5399 14958 19921
14958 5399 19921
19921 5399 14958
15607 3752 27896
3752 15607 27896
27896 3752 15607
27723 23393 28453
28453 23393 27723
23393 27723 28453
18390 15569 28962
28962 15569 18390
15569 18390 28962
11520 16630 17678
17678 11520 16630
16630 11520 17678
11880 10312 29488
10312 11880 29488
29488 10312 11880
28192 12952 19538
12952 19538 28192
19538 12952 28192
29017 11242 20696
11242 20696 29017
20696 11242 29017
19672 13221 14805
14805 13221 19672
13221 14805 19672
12146 9302 24280
9302 12146 24280
24280 9302 12146
20220 13961 28578
13961 20220 28578
28578 13961 20220
26015 12641 15088
12641 15088 26015
15088 12641 26015
27799 5233 8214
8214 5233 27799
5233 8214 27799
16925 17621 28305
28305 16925 17621
17621 16925 28305
28572 1058 20436
20436 1058 28572
1058 20436 28572
25214 19755 21438
21438 19755 25214
19755 21438 25214
7960 3035 7145
7145 3035 7960
3035 7145 7960
24370 6445 7276
7276 6445 24370
6445 7276 24370
10028 7633 24247
24247 7633 10028
7633 10028 24247
23934 555 5977
555 5977 23934
5977 555 23934
11798 14273 24212
14273 11798 24212
24212 11798 14273
29443 26538 29583
29583 26538 29443
26538 29443 29583
20379 14339 24799
14339 20379 24799
24799 14339 20379
25225 11770 13529
11770 13529 25225
13529 11770 25225
24769 610 7330
610 7330 24769
7330 610 24769
22709 579 16611
16611 579 22709
579 16611 22709
26560 10856 12661
10856 12661 26560
12661 10856 26560
20315 7033 18335
18335 7033 20315
7033 18335 20315
25433 19258 23221
23221 19258 25433
19258 23221 25433
1699 7320 14612
7320 1699 14612
14612 1699 7320
17669 23313 28054
23313 17669 28054
28054 17669 23313
5928 5523 26309
26309 5523 5928
5523 5928 26309
4403 8314 16922
8314 4403 16922
16922 4403 8314
19381 8839 27939
8839 19381 27939
27939 8839 19381
8900 11627 14298
11627 8900 14298
14298 8900 11627
9533 11473 26613
26613 9533 11473
11473 9533 26613
1525 8184 22352
8184 1525 22352
22352 1525 8184
18840 10668 25689
25689 10668 18840
10668 18840 25689
21789 19093 29972
19093 21789 29972
29972 19093 21789
20826 1647 27197
1647 20826 27197
27197 1647 20826
24199 15187 21432
15187 21432 24199
21432 15187 24199
28426 23336 26950
23336 26950 28426
26950 23336 28426
17312 16820 23888
23888 16820 17312
16820 17312 23888
2976 6629 25827
25827 2976 6629
6629 2976 25827
10098 11276 19364
11276 10098 19364
19364 10098 11276
3146 12082 28767
28767 3146 12082
12082 3146 28767
25415 9028 15120
9028 15120 25415
15120 9028 25415
20738 10246 22430
10246 20738 22430
22430 10246 20738
17871 10587 27653
10587 17871 27653
27653 10587 17871
29107 8871 25473
8871 25473 29107
25473 8871 29107
14018 8627 18030
18030 8627 14018
8627 14018 18030
19281 5398 17771
5398 17771 19281
17771 5398 19281
2567 13758 21017
21017 2567 13758
13758 2567 21017
8293 23552 26505
23552 8293 26505
26505 8293 23552
24147 2138 5611
5611 2138 24147
2138 5611 24147
1927 13878 25092
25092 1927 13878
13878 1927 25092
27495 7050 24747
7050 24747 27495
24747 7050 27495
12038 8603 17563
17563 8603 12038
8603 12038 17563
6010 4374 23666
23666 4374 6010
4374 6010 23666
11247 1328 18657
1328 11247 18657
18657 1328 11247
20451 3897 5222
5222 3897 20451
3897 5222 20451
21074 1341 13317
13317 1341 21074
1341 13317 21074
24798 13104 19396
19396 13104 24798
13104 19396 24798
28972 22 4498
22 4498 28972
4498 22 28972
4086 5636 25802
25802 4086 5636
5636 4086 25802
21358 11815 15115
11815 15115 21358
15115 11815 21358
10578 14897 17627
17627 10578 14897
14897 10578 17627
14940 3382 28943
3382 14940 28943
28943 3382 14940
28400 12181 25766
25766 12181 28400
12181 25766 28400
27791 4443 29535
29535 4443 27791
4443 27791 29535
27608 5502 15576
5502 15576 27608
15576 5502 27608
10834 18626 23712
23712 10834 18626
18626 10834 23712
16304 73 23770
23770 73 16304
73 16304 23770
17357 14386 26128
14386 17357 26128
26128 14386 17357
15227 14510 18629
14510 15227 18629
18629 14510 15227
11059 1997 28027
1997 11059 28027
28027 1997 11059
1633 17981 25892
17981 1633 25892
25892 1633 17981
7844 12549 15758
12549 7844 15758
15758 7844 12549
8802 16767 22114
16767 8802 22114
22114 8802 16767
24761 15507 26217
26217 15507 24761
15507 24761 26217
9162 7043 8169
7043 8169 9162
8169 7043 9162
29324 7005 23833
23833 7005 29324
7005 23833 29324
9034 6326 6708
6326 6708 9034
6708 6326 9034
9623 39 13442
39 9623 13442
13442 39 9623
20571 15909 23766
23766 15909 20571
15909 20571 23766
17661 813 15253
15253 813 17661
813 15253 17661
12640 4025 23466
4025 12640 23466
23466 4025 12640
10353 4277 15644
15644 4277 10353
4277 10353 15644
19897 6015 16225
16225 6015 19897
6015 16225 19897
8435 10184 25764
10184 8435 25764
25764 8435 10184
16218 7634 13266
13266 7634 16218
7634 13266 16218
18316 12860 13271
12860 13271 18316
13271 12860 18316
28482 14400 28461
28461 14400 28482
14400 28461 28482
19510 5178 23132
5178 19510 23132
23132 5178 19510
2147 9185 21494
21494 2147 9185
9185 2147 21494
29163 18993 25020
18993 25020 29163
25020 18993 29163
20961 454 22745
454 20961 22745
22745 454 20961
3501 8931 29359
8931 3501 29359
29359 3501 8931
6032 2788 17511
2788 6032 17511
17511 2788 6032
26440 11291 16110
16110 11291 26440
11291 16110 26440
8341 23468 28031
23468 8341 28031
28031 8341 23468
29977 5421 20607
20607 5421 29977
5421 20607 29977
10542 9058 12334
12334 9058 10542
9058 10542 12334
9442 13863 22775
22775 9442 13863
13863 9442 22775
18174 12800 24055
24055 12800 18174
12800 18174 24055
21965 2650 18871
18871 2650 21965
2650 18871 21965
12335 96 19432
96 12335 19432
19432 96 12335
11033 6405 11821
6405 11033 11821
11821 6405 11033
26399 2352 25681
25681 2352 26399
2352 25681 26399
5138 7034 17255
17255 5138 7034
7034 5138 17255
19116 22209 29257
29257 19116 22209
22209 19116 29257
909 12874 17891
12874 909 17891
17891 909 12874
21224 15076 21080
21080 15076 21224
15076 21080 21224
4892 23913 27234
23913 4892 27234
27234 4892 23913
20030 12479 27435
27435 12479 20030
12479 20030 27435
6300 1683 19057
1683 6300 19057
19057 1683 6300
25722 8735 26282
26282 8735 25722
8735 25722 26282
17844 26270 29176
29176 17844 26270
26270 17844 29176
8224 10512 14823
14823 8224 10512
10512 8224 14823
26644 6854 16540
16540 6854 26644
6854 16540 26644
14814 8833 23002
23002 8833 14814
8833 14814 23002
27085 805 16417
805 16417 27085
16417 805 27085
8935 3371 10543
3371 8935 10543
10543 3371 8935
8679 9268 16817
9268 8679 16817
16817 8679 9268
2272 3886 24164
3886 2272 24164
24164 2272 3886
29524 27006 27519
27519 27006 29524
27006 27519 29524
2148 14830 23700
14830 2148 23700
23700 2148 14830
525 556 21298
556 525 21298
21298 525 556
22371 9810 25979
25979 9810 22371
9810 22371 25979
568 1590 20642
20642 568 1590
1590 568 20642
17204 1403 19722
1403 17204 19722
19722 1403 17204
29147 17538 18073
17538 18073 29147
18073 17538 29147
4876 23905 28149
23905 4876 28149
28149 4876 23905
17215 7541 8370
8370 7541 17215
7541 8370 17215
21497 1195 19993
19993 1195 21497
1195 19993 21497
8392 9405 19893
19893 8392 9405
9405 8392 19893
12236 6706 28965
6706 12236 28965
28965 6706 12236
13756 14716 16149
14716 13756 16149
16149 13756 14716
7555 9786 23655
23655 7555 9786
9786 7555 23655
4845 19953 29055
29055 4845 19953
19953 4845 29055
22988 18080 21706
21706 18080 22988
18080 21706 22988
355 9916 15310
9916 355 15310
15310 355 9916
14764 11925 25751
25751 11925 14764
11925 14764 25751
16936 1147 24274
24274 1147 16936
1147 16936 24274
23452 7752 29070
29070 7752 23452
7752 23452 29070
29297 214 15360
214 15360 29297
15360 214 29297
5016 1666 28750
28750 1666 5016
1666 5016 28750
8856 8100 8266
8266 8100 8856
8100 8266 8856
15651 14773 18941
18941 14773 15651
14773 15651 18941
28948 2572 13309
13309 2572 28948
2572 13309 28948
23051 6726 18094
18094 6726 23051
6726 18094 23051
14271 7931 28626
7931 14271 28626
28626 7931 14271
13192 12156 15430
15430 12156 13192
12156 13192 15430
24227 11886 20153
11886 20153 24227
20153 11886 24227
25248 16276 29859
16276 25248 29859
29859 16276 25248
23493 1457 27054
27054 1457 23493
1457 23493 27054
2703 2692 11872
11872 2692 2703
2692 2703 11872
2959 19668 20613
19668 2959 20613
20613 2959 19668
22461 1102 12987
12987 1102 22461
1102 12987 22461
24536 20284 21199
21199 20284 24536
20284 21199 24536
12565 3674 4359
3674 4359 12565
4359 3674 12565
17267 8051 8384
8384 8051 17267
8051 8384 17267
19549 2659 26641
26641 2659 19549
2659 19549 26641
13620 11915 14772
14772 11915 13620
11915 13620 14772
24224 9308 29371
9308 24224 29371
29371 9308 24224
5495 23055 29130
29130 5495 23055
23055 5495 29130
3248 4977 18972
18972 3248 4977
4977 3248 18972
21927 3357 5301
5301 3357 21927
3357 5301 21927
21431 15268 16076
15268 16076 21431
16076 15268 21431
3666 5558 6504
5558 3666 6504
6504 3666 5558
17225 3297 9193
9193 3297 17225
3297 9193 17225
19683 10619 10630
10619 10630 19683
10630 10619 19683
3671 15073 22332
22332 3671 15073
15073 3671 22332
11267 9070 24057
9070 11267 24057
24057 9070 11267
27929 22288 25051
22288 25051 27929
25051 22288 27929
12765 1298 11660
1298 11660 12765
11660 1298 12765
24835 16415 28140
16415 24835 28140
28140 16415 24835
18829 22981 24974
24974 18829 22981
22981 18829 24974
29391 765 3633
3633 765 29391
765 3633 29391
19164 5021 26803
26803 5021 19164
5021 19164 26803
24575 4610 15083
4610 15083 24575
15083 4610 24575
26250 4064 14490
4064 14490 26250
14490 4064 26250
1350 27480 27704
27480 1350 27704
27704 1350 27480
4784 5951 22772
22772 4784 5951
5951 4784 22772
18321 11219 27589
11219 18321 27589
27589 11219 18321
27528 3336 12400
3336 12400 27528
12400 3336 27528
2291 1177 1539
1177 1539 2291
1539 1177 2291
16372 13514 17137
13514 16372 17137
17137 13514 16372
11111 15914 20720
20720 11111 15914
15914 11111 20720
17074 10327 21264
10327 17074 21264
21264 10327 17074
25268 17012 27631
17012 25268 27631
27631 17012 25268
27018 1237 6255
6255 1237 27018
1237 6255 27018
27958 1532 20050
20050 1532 27958
1532 20050 27958
21579 23259 23794
23259 21579 23794
23794 21579 23259
23585 2221 9004
9004 2221 23585
2221 9004 23585
28507 22286 28687
22286 28507 28687
28687 22286 28507
25842 3097 20215
3097 20215 25842
20215 3097 25842
9638 10807 27664
10807 9638 27664
27664 9638 10807
28989 24571 29634
24571 28989 29634
29634 24571 28989
13211 14938 26105
26105 13211 14938
14938 13211 26105
22691 1924 25825
25825 1924 22691
1924 22691 25825
8981 4306 23659
4306 8981 23659
23659 4306 8981
23182 11655 28202
28202 11655 23182
11655 23182 28202
10639 6825 24068
6825 10639 24068
24068 6825 10639
8296 10628 22018
10628 8296 22018
22018 8296 10628
26253 12635 13461
13461 12635 26253
12635 13461 26253
18857 20106 21843
20106 18857 21843
21843 18857 20106
7156 12410 25034
25034 7156 12410
12410 7156 25034
112 5709 22728
5709 112 22728
22728 112 5709
18021 11744 22555
11744 18021 22555
22555 11744 18021
12977 15850 25615
15850 12977 25615
25615 12977 15850
1016 3560 27118
27118 1016 3560
3560 1016 27118
2910 1583 22656
1583 2910 22656
22656 1583 2910
2463 2610 9345
9345 2463 2610
2610 2463 9345
11042 6728 17197
6728 11042 17197
17197 6728 11042
25769 7382 13569
7382 13569 25769
13569 7382 25769
16306 11785 22721
22721 11785 16306
11785 16306 22721
3628 14832 23238
23238 3628 14832
14832 3628 23238
1470 6455 11787
6455 1470 11787
11787 1470 6455
7167 251 3407
251 3407 7167
3407 251 7167
10742 16833 24845
24845 10742 16833
16833 10742 24845
5382 6890 26006
26006 5382 6890
6890 5382 26006
6262 3755 22848
22848 3755 6262
3755 6262 22848
18735 4653 7003
4653 7003 18735
7003 4653 18735
17833 2588 28354
28354 2588 17833
2588 17833 28354
26602 11986 12223
11986 12223 26602
12223 11986 26602
29199 4821 17657
4821 17657 29199
17657 4821 29199
12992 5991 29952
5991 12992 29952
29952 5991 12992
6400 9374 23862
23862 6400 9374
9374 6400 23862
27477 7142 10524
10524 7142 27477
7142 10524 27477
7018 19627 26857
26857 7018 19627
19627 7018 26857
21415 4002 15776
15776 4002 21415
4002 15776 21415
17151 8874 17217
8874 17151 17217
17217 8874 17151
28002 655 15864
15864 655 28002
655 15864 28002
17077 18518 26970
26970 17077 18518
18518 17077 26970
5024 3305 24555
3305 5024 24555
24555 3305 5024
28709 999 28200
999 28200 28709
28200 999 28709
3586 13817 25389
25389 3586 13817
13817 3586 25389
19643 2874 25548
2874 19643 25548
25548 2874 19643
1789 20504 20686
20504 1789 20686
20686 1789 20504
17027 13931 27151
13931 17027 27151
27151 13931 17027
22912 6463 20966
20966 6463 22912
6463 20966 22912
24581 1166 10050
10050 1166 24581
1166 10050 24581
4808 17426 28793
28793 4808 17426
17426 4808 28793
19125 2362 24980
2362 19125 24980
24980 2362 19125
433 8794 14736
8794 433 14736
14736 433 8794
17420 12902 18920
12902 17420 18920
18920 12902 17420
16352 2901 13050
13050 2901 16352
2901 13050 16352
4471 14006 18707
18707 4471 14006
14006 4471 18707
29677 3400 20574
3400 20574 29677
20574 3400 29677
13101 4481 29704
29704 4481 13101
4481 13101 29704
25417 15940 21543
21543 15940 25417
15940 21543 25417
23526 16017 29287
29287 16017 23526
16017 23526 29287
19856 8863 13155
13155 8863 19856
8863 13155 19856
19191 6588 29832
6588 19191 29832
29832 6588 19191
21875 9993 22837
22837 9993 21875
9993 21875 22837
7517 7741 11649
7741 7517 11649
11649 7517 7741
24512 9398 28348
28348 9398 24512
9398 24512 28348
27833 7950 27322
7950 27322 27833
27322 7950 27833
12199 16752 16831
16752 12199 16831
16831 12199 16752
9715 23866 27451
27451 9715 23866
23866 9715 27451
10487 15872 19633
19633 10487 15872
15872 10487 19633
27290 1871 4689
4689 1871 27290
1871 4689 27290
9707 5056 28952
5056 9707 28952
28952 5056 9707
29349 6133 24413
6133 24413 29349
24413 6133 29349
23213 21077 23742
23742 21077 23213
21077 23213 23742
8082 9813 10392
9813 8082 10392
10392 8082 9813
18300 12816 27126
27126 12816 18300
12816 18300 27126
20170 24616 29980
24616 20170 29980
29980 20170 24616
18590 16268 27381
16268 18590 27381
27381 16268 18590
19343 5493 6630
6630 5493 19343
5493 6630 19343
13173 1212 23946
1212 13173 23946
23946 1212 13173
23900 9441 11911
9441 11911 23900
11911 9441 23900
22832 29014 29763
29763 22832 29014
29014 22832 29763
5935 3847 13289
13289 3847 5935
3847 5935 13289
13383 6761 20032
6761 13383 20032
20032 6761 13383
5625 16478 25752
16478 5625 25752
25752 5625 16478
13091 4254 20437
4254 13091 20437
20437 4254 13091
29681 5675 7643
5675 7643 29681
7643 5675 29681
15408 13278 17564
17564 13278 15408
13278 15408 17564
24443 6050 20108
6050 20108 24443
20108 6050 24443
2454 13175 28248
28248 2454 13175
13175 2454 28248
13076 17557 24187
24187 13076 17557
17557 13076 24187
16710 21450 24204
24204 16710 21450
21450 16710 24204
27305 65 29132
29132 65 27305
65 27305 29132
28838 5093 26612
5093 26612 28838
26612 5093 28838
21505 9076 17643
9076 17643 21505
17643 9076 21505
26989 990 17677
17677 990 26989
990 17677 26989
21796 8481 27919
27919 8481 21796
8481 21796 27919
19657 8336 29298
8336 19657 29298
29298 8336 19657
1182 7087 14132
7087 1182 14132
14132 1182 7087
13958 2220 7165
7165 2220 13958
2220 7165 13958
2613 23524 24917
24917 2613 23524
23524 2613 24917
7877 15462 25343
25343 7877 15462
15462 7877 25343
14942 3076 17306
17306 3076 14942
3076 14942 17306
4175 726 27396
726 4175 27396
27396 726 4175
4353 1986 13888
1986 4353 13888
13888 1986 4353
21632 12013 13055
13055 12013 21632
12013 13055 21632
2347 9019 19308
9019 2347 19308
19308 2347 9019
6424 5450 26439
5450 6424 26439
26439 5450 6424
8099 3285 16181
3285 8099 16181
16181 3285 8099
740 16677 29053
29053 740 16677
16677 740 29053
27024 1542 6862
1542 6862 27024
6862 1542 27024
2366 4137 8256
8256 2366 4137
4137 2366 8256
2233 25194 28223
25194 2233 28223
28223 2233 25194
2458 4778 29991
4778 2458 29991
29991 2458 4778
28119 1819 12283
1819 12283 28119
12283 1819 28119
8436 17801 27311
17801 8436 27311
27311 8436 17801
22324 12520 15089
15089 12520 22324
12520 15089 22324
26640 13149 20671
20671 13149 26640
13149 20671 26640
16230 6496 16819
6496 16230 16819
16819 6496 16230
11084 4154 24294
24294 4154 11084
4154 11084 24294
12946 12830 22383
12830 12946 22383
22383 12830 12946
3843 5784 21625
21625 3843 5784
5784 3843 21625
518 14767 16281
16281 518 14767
14767 518 16281
4454 2555 24982
24982 2555 4454
2555 4454 24982
5883 7020 23211
23211 5883 7020
7020 5883 23211
23278 1467 22136
22136 1467 23278
1467 22136 23278
29477 3547 21038
21038 3547 29477
3547 21038 29477
2523 4177 6684
6684 2523 4177
4177 2523 6684
8761 4345 24296
24296 4345 8761
4345 8761 24296
10308 1038 22613
1038 10308 22613
22613 1038 10308
26035 25168 26224
26224 25168 26035
25168 26035 26224
6108 7663 8824
8824 6108 7663
7663 6108 8824
20386 1672 23809
23809 1672 20386
1672 20386 23809
16609 22257 27998
27998 16609 22257
22257 16609 27998
26187 15162 18149
18149 15162 26187
15162 18149 26187
3408 19822 21452
21452 3408 19822
19822 3408 21452
27609 5851 22752
22752 5851 27609
5851 22752 27609
19205 4039 22768
4039 19205 22768
22768 4039 19205
1726 9348 11893
9348 1726 11893
11893 1726 9348
12998 26059 29696
26059 12998 29696
29696 12998 26059
12784 9798 12213
9798 12213 12784
12213 9798 12784
2223 9436 26597
26597 2223 9436
9436 2223 26597
8010 23816 29981
23816 8010 29981
29981 8010 23816
27991 184 28510
184 27991 28510
28510 184 27991
16739 6284 24139
6284 16739 24139
24139 6284 16739
12722 3426 3834
3426 3834 12722
3834 3426 12722
11606 8616 11250
11250 8616 11606
8616 11250 11606
9461 13768 28342
13768 9461 28342
28342 9461 13768
14694 20905 24898
24898 14694 20905
20905 14694 24898
4801 6987 13516
13516 4801 6987
6987 4801 13516
13010 539 27932
27932 539 13010
539 13010 27932
1747 1714 22546
1714 1747 22546
22546 1714 1747
29191 11459 27458
27458 11459 29191
11459 27458 29191
7476 21708 28647
28647 7476 21708
21708 7476 28647
9865 24546 28186
24546 9865 28186
28186 9865 24546
11063 6752 23485
6752 11063 23485
23485 6752 11063
25148 4531 6783
4531 6783 25148
6783 4531 25148
15660 25063 26627
26627 15660 25063
25063 15660 26627
28350 4705 5455
5455 4705 28350
4705 5455 28350
26992 12501 15994
15994 12501 26992
12501 15994 26992
14116 3197 10054
3197 10054 14116
10054 3197 14116
25567 1073 14706
1073 14706 25567
14706 1073 25567
24656 10666 24783
10666 24656 24783
24783 10666 24656
17572 14662 15367
14662 15367 17572
15367 14662 17572
28154 5966 23629
23629 5966 28154
5966 23629 28154
26022 9147 17394
17394 9147 26022
9147 17394 26022
23392 12513 23643
12513 23392 23643
23643 12513 23392
12658 4071 8626
4071 8626 12658
8626 4071 12658
24618 2136 11098
2136 11098 24618
11098 2136 24618
18740 23324 24905
24905 18740 23324
23324 18740 24905
6372 13774 29290
13774 6372 29290
29290 6372 13774
7661 2558 25755
2558 7661 25755
25755 2558 7661
15368 5691 25250
25250 5691 15368
5691 15368 25250
5535 1711 26052
26052 1711 5535
1711 5535 26052
12125 1258 23424
23424 1258 12125
1258 12125 23424
12255 9314 23049
23049 9314 12255
9314 12255 23049
24952 12576 14082
12576 14082 24952
14082 12576 24952
1262 23899 28994
28994 1262 23899
23899 1262 28994
17849 5490 11131
11131 5490 17849
5490 11131 17849
13884 3218 25271
25271 3218 13884
3218 13884 25271
9305 10561 20155
20155 9305 10561
10561 9305 20155
3261 3362 4361
3362 3261 4361
4361 3261 3362
20839 14803 26889
26889 14803 20839
14803 20839 26889
15103 1318 18402
18402 1318 15103
1318 15103 18402
27484 12979 14948
12979 14948 27484
14948 12979 27484
17850 7854 15325
7854 15325 17850
15325 7854 17850
1216 10869 14981
10869 1216 14981
14981 1216 10869
2608 1534 3024
1534 2608 3024
3024 1534 2608
28632 5002 6725
5002 6725 28632
6725 5002 28632
21321 16407 23128
23128 16407 21321
16407 21321 23128
6974 14122 23123
23123 6974 14122
14122 6974 23123
29586 11 4323
4323 11 29586
11 4323 29586
6059 10077 25795
25795 6059 10077
10077 6059 25795
25068 4404 21880
21880 4404 25068
4404 21880 25068
28991 771 24877
771 24877 28991
24877 771 28991
13747 648 25067
25067 648 13747
648 13747 25067
7896 11101 19101
11101 7896 19101
19101 7896 11101
28057 12933 20583
12933 20583 28057
20583 12933 28057
1021 7731 22192
7731 1021 22192
22192 1021 7731
14628 14269 15513
14269 14628 15513
15513 14269 14628
22759 12604 27689
12604 22759 27689
27689 12604 22759
7192 13968 21515
13968 7192 21515
21515 7192 13968
9477 1296 26479
1296 9477 26479
26479 1296 9477
11104 618 21524
618 11104 21524
21524 618 11104
25564 6246 16220
16220 6246 25564
6246 16220 25564
7925 550 19833
19833 550 7925
550 7925 19833
19175 10513 17780
17780 10513 19175
10513 17780 19175
12611 11954 26126
26126 11954 12611
11954 12611 26126
25426 7509 22979
22979 7509 25426
7509 22979 25426
645 12792 23155
12792 645 23155
23155 645 12792
21083 13530 28854
28854 13530 21083
13530 21083 28854
22438 9565 15875
15875 9565 22438
9565 15875 22438
2442 8965 15196
15196 2442 8965
8965 2442 15196
15628 2486 15702
15702 2486 15628
2486 15628 15702
19354 5944 15075
15075 5944 19354
5944 15075 19354
12516 7938 13596
13596 7938 12516
7938 12516 13596
20245 16747 17328
17328 16747 20245
16747 17328 20245
21952 12273 20109
12273 20109 21952
20109 12273 21952
26284 12391 23603
12391 23603 26284
23603 12391 26284
3833 18603 21008
18603 3833 21008
21008 3833 18603
4730 13603 18646
18646 4730 13603
13603 4730 18646
14329 5501 19197
19197 5501 14329
5501 14329 19197
2285 4973 20369
20369 2285 4973
4973 2285 20369
25472 1953 3493
3493 1953 25472
1953 3493 25472
13186 8364 10466
8364 10466 13186
10466 8364 13186
12113 14999 17274
14999 12113 17274
17274 12113 14999
19420 9537 27984
27984 9537 19420
9537 19420 27984
12289 3249 22106
22106 3249 12289
3249 12289 22106
9095 2973 23242
2973 9095 23242
23242 2973 9095
1815 1942 7090
7090 1815 1942
1942 1815 7090
14372 1913 29124
1913 14372 29124
29124 1913 14372
10481 13494 16778
16778 10481 13494
13494 10481 16778
650 2379 21954
21954 650 2379
2379 650 21954
6436 7373 29065
29065 6436 7373
7373 6436 29065
12836 7277 9096
9096 7277 12836
7277 9096 12836
12077 8555 23376
23376 8555 12077
8555 12077 23376
23779 14809 25880
25880 14809 23779
14809 23779 25880
22553 8584 25421
8584 22553 25421
25421 8584 22553
7722 8650 14310
8650 7722 14310
14310 7722 8650
14206 2473 2684
2684 2473 14206
2473 2684 14206
6819 932 29320
932 6819 29320
29320 932 6819
5015 24374 26528
26528 5015 24374
24374 5015 26528
21977 9999 14237
9999 14237 21977
14237 9999 21977
2575 2968 9368
9368 2575 2968
2968 2575 9368
5489 4245 7371
7371 4245 5489
4245 5489 7371
17128 3518 11287
3518 11287 17128
11287 3518 17128
16714 13381 23616
23616 13381 16714
13381 16714 23616
21829 1276 8558
8558 1276 21829
1276 8558 21829
16651 3438 22027
3438 16651 22027
22027 3438 16651
28707 12215 28512
12215 28512 28707
28512 12215 28707
29246 25470 28489
25470 28489 29246
28489 25470 29246
874 8362 22433
8362 874 22433
22433 874 8362
12570 152 14319
152 12570 14319
14319 152 12570
5199 19944 25003
19944 5199 25003
25003 5199 19944
25934 20434 28385
28385 20434 25934
20434 25934 28385
12122 714 2948
2948 714 12122
714 2948 12122
292 846 5179
5179 292 846
846 292 5179
22418 8164 24868
8164 22418 24868
24868 8164 22418
4540 1119 2848
2848 1119 4540
1119 2848 4540
12512 6983 25001
25001 6983 12512
6983 12512 25001
26299 1365 8055
8055 1365 26299
1365 8055 26299
24286 25122 29220
29220 24286 25122
25122 24286 29220
3546 688 4591
688 3546 4591
4591 688 3546
24694 3286 4910
3286 4910 24694
4910 3286 24694
22201 749 5287
5287 749 22201
749 5287 22201
29889 28121 29196
29196 28121 29889
28121 29196 29889
10197 9641 22242
22242 9641 10197
9641 10197 22242
11835 8784 25397
25397 8784 11835
8784 11835 25397
28288 21342 27965
21342 27965 28288
27965 21342 28288
21981 29317 29596
29596 21981 29317
29317 21981 29596
21824 4170 4893
4170 4893 21824
4893 4170 21824
28799 8865 28964
8865 28799 28964
28964 8865 28799
16272 7107 23630
7107 16272 23630
23630 7107 16272
17279 8951 23335
8951 17279 23335
23335 8951 17279
16054 20566 25277
25277 16054 20566
20566 16054 25277
4210 8383 12177
8383 4210 12177
12177 4210 8383
9716 15313 24973
15313 9716 24973
24973 9716 15313
24770 4714 7856
4714 7856 24770
7856 4714 24770
21591 1682 17901
1682 17901 21591
17901 1682 21591
12780 12370 16132
12370 12780 16132
16132 12370 12780
12274 6681 6770
6770 6681 12274
6681 6770 12274
18893 8260 17036
8260 17036 18893
17036 8260 18893
27328 13973 21062
21062 13973 27328
13973 21062 27328
4390 16080 21674
16080 4390 21674
21674 4390 16080
22475 1646 25016
25016 1646 22475
1646 22475 25016
24130 501 21338
501 21338 24130
21338 501 24130
15366 89 26388
26388 89 15366
89 15366 26388
29111 457 25435
25435 457 29111
457 25435 29111
3767 4537 28936
4537 3767 28936
28936 3767 4537
3930 2590 21244
2590 3930 21244
21244 2590 3930
25709 26204 28787
28787 25709 26204
26204 25709 28787
17295 12984 13057
13057 12984 17295
12984 13057 17295
21852 11116 20741
11116 20741 21852
20741 11116 21852
23710 10152 10860
10860 10152 23710
10152 10860 23710
9644 2974 15091
2974 9644 15091
15091 2974 9644
20603 12483 27713
12483 20603 27713
27713 12483 20603
18145 7657 12028
12028 7657 18145
7657 12028 18145
16880 13222 16839
13222 16839 16880
16839 13222 16880
11684 17105 19127
19127 11684 17105
17105 11684 19127
11406 1771 6559
1771 6559 11406
6559 1771 11406
15975 21986 27813
27813 15975 21986
21986 15975 27813
2441 12672 26009
12672 2441 26009
26009 2441 12672
19161 25994 27696
27696 19161 25994
25994 19161 27696
5284 16773 23972
23972 5284 16773
16773 5284 23972
4378 10650 11998
10650 4378 11998
11998 4378 10650
16728 1855 11310
1855 11310 16728
11310 1855 16728
17076 7702 8715
8715 7702 17076
7702 8715 17076
28852 15470 19474
15470 19474 28852
19474 15470 28852
1018 4829 18037
4829 1018 18037
18037 1018 4829
25153 1637 10469
10469 1637 25153
1637 10469 25153
6156 19399 23457
23457 6156 19399
19399 6156 23457
13534 8429 28610
8429 13534 28610
28610 8429 13534
2985 1109 6410
6410 1109 2985
1109 2985 6410
26416 9363 20849
20849 9363 26416
9363 20849 26416
17316 11621 15243
15243 11621 17316
11621 15243 17316
26492 14959 27979
27979 14959 26492
14959 26492 27979
25360 2250 28113
28113 2250 25360
2250 25360 28113
3275 7622 15995
15995 3275 7622
7622 3275 15995
7750 12328 25970
25970 7750 12328
12328 7750 25970
4078 4523 18248
4523 4078 18248
18248 4078 4523
4768 12673 26444
12673 4768 26444
26444 4768 12673
24671 19020 25377
25377 19020 24671
19020 24671 25377
12353 5773 21999
21999 5773 12353
5773 12353 21999
9606 5660 9611
9611 5660 9606
5660 9606 9611
3709 9037 29899
29899 3709 9037
9037 3709 29899
7180 22293 22514
22293 7180 22514
22514 7180 22293
13807 21289 23796
21289 13807 23796
23796 13807 21289
9326 16795 28125
16795 9326 28125
28125 9326 16795
3900 13839 18954
13839 3900 18954
18954 3900 13839
26609 1587 16970
16970 1587 26609
1587 16970 26609
736 13261 24630
24630 736 13261
13261 736 24630
26094 10102 21810
21810 10102 26094
10102 21810 26094
10113 2777 24573
2777 10113 24573
24573 2777 10113
8609 394 18711
394 8609 18711
18711 394 8609
15040 2066 10803
2066 10803 15040
10803 2066 15040
14679 2185 2229
2185 2229 14679
2229 2185 14679
15146 11088 13676
13676 11088 15146
11088 13676 15146
27302 3665 6091
6091 3665 27302
3665 6091 27302
18238 7761 9503
9503 7761 18238
7761 9503 18238
28329 1128 9356
9356 1128 28329
1128 9356 28329
25293 11191 18436
18436 11191 25293
11191 18436 25293
29649 23067 24394
23067 24394 29649
24394 23067 29649
10521 2585 28136
2585 10521 28136
28136 2585 10521
9602 3432 20492
20492 3432 9602
3432 9602 20492
25889 15108 20984
20984 15108 25889
15108 20984 25889
11377 23210 29062
29062 11377 23210
23210 11377 29062
15471 13962 23187
23187 13962 15471
13962 15471 23187
22944 1321 19098
19098 1321 22944
1321 19098 22944
6581 25265 28778
25265 6581 28778
28778 6581 25265
7240 8015 19775
19775 7240 8015
8015 7240 19775
7791 2354 18260
2354 7791 18260
18260 2354 7791
173 10861 18026
10861 173 18026
18026 173 10861
22392 7668 19154
7668 19154 22392
19154 7668 22392
18338 10764 19721
10764 18338 19721
19721 10764 18338
25444 8131 20733
20733 8131 25444
8131 20733 25444
21642 6369 7250
6369 7250 21642
7250 6369 21642
11779 8744 9097
8744 9097 11779
9097 8744 11779
26845 23054 24371
24371 23054 26845
23054 24371 26845
10921 15802 27005
15802 10921 27005
27005 10921 15802
14798 1208 13868
1208 13868 14798
13868 1208 14798
9548 11502 26703
26703 9548 11502
11502 9548 26703
299 2030 8165
8165 299 2030
2030 299 8165
18799 14377 28905
14377 18799 28905
28905 14377 18799
9706 7215 26081
7215 9706 26081
26081 7215 9706
29540 3876 11023
11023 3876 29540
3876 11023 29540
16275 9462 22321
22321 9462 16275
9462 16275 22321
23613 11320 23938
23938 11320 23613
11320 23613 23938
16753 14699 21323
21323 14699 16753
14699 16753 21323
16302 24958 29888
29888 16302 24958
24958 16302 29888
16644 11070 18606
11070 16644 18606
18606 11070 16644
10017 7246 18532
18532 7246 10017
7246 10017 18532
8579 20958 25197
20958 8579 25197
25197 8579 20958
26461 5280 6355
5280 6355 26461
6355 5280 26461
2625 11026 12548
11026 2625 12548
12548 2625 11026
28807 1257 27792
1257 27792 28807
27792 1257 28807
26736 18969 25878
25878 18969 26736
18969 25878 26736
11409 25451 26588
26588 11409 25451
25451 11409 26588
271 729 26998
26998 271 729
729 271 26998
9336 10112 27558
27558 9336 10112
10112 9336 27558
12019 8602 18103
18103 8602 12019
8602 12019 18103
9761 7372 21511
7372 9761 21511
21511 7372 9761
16489 69 9156
69 9156 16489
9156 69 16489
4103 4852 11882
11882 4103 4852
4852 4103 11882
22102 14097 29667
29667 14097 22102
14097 22102 29667
5282 25002 28435
25002 5282 28435
28435 5282 25002
412 2621 15742
15742 412 2621
2621 412 15742
14796 6529 17090
17090 6529 14796
6529 14796 17090
14020 10120 12000
10120 12000 14020
12000 10120 14020
476 14199 19610
19610 476 14199
14199 476 19610
27269 11221 27232
11221 27232 27269
27232 11221 27269
12176 2345 6066
6066 2345 12176
2345 6066 12176
4905 12751 28517
12751 4905 28517
28517 4905 12751
18705 23232 25482
25482 18705 23232
23232 18705 25482
23858 8504 9403
8504 9403 23858
9403 8504 23858
20524 5674 8459
8459 5674 20524
5674 8459 20524
24425 1622 27130
27130 1622 24425
1622 24425 27130
9248 8074 16518
16518 8074 9248
8074 9248 16518
12920 12596 29541
29541 12596 12920
12596 12920 29541
25263 25777 28643
25777 25263 28643
28643 25263 25777
24473 4440 24014
24014 4440 24473
4440 24014 24473
5176 21235 23747
21235 5176 23747
23747 5176 21235
5307 10471 23975
10471 5307 23975
23975 5307 10471
3137 3406 19874
19874 3137 3406
3406 3137 19874
17526 17922 28444
17922 17526 28444
28444 17526 17922
5149 4974 27503
27503 4974 5149
4974 5149 27503
14249 4720 12395
4720 12395 14249
12395 4720 14249
9585 3436 12864
12864 3436 9585
3436 9585 12864
15494 23079 24782
23079 15494 24782
24782 15494 23079
21258 21251 25164
25164 21251 21258
21251 21258 25164
29804 25064 29967
25064 29804 29967
29967 25064 29804
21603 23997 28801
23997 21603 28801
28801 21603 23997
936 26046 27937
27937 936 26046
26046 936 27937
17735 8553 20573
8553 17735 20573
20573 8553 17735
5614 12626 18570
12626 5614 18570
18570 5614 12626
21442 19230 27836
19230 21442 27836
27836 19230 21442
22825 2922 16007
2922 16007 22825
16007 2922 22825
4049 7868 8218
7868 4049 8218
8218 4049 7868
14120 547 10613
10613 547 14120
547 10613 14120
12909 3607 27564
