2269 240 1652
240 1652 2269
1652 240 2269
1448 967 1632
967 1448 1632
1632 967 1448
1744 755 2993
2993 755 1744
755 1744 2993
319 253 295
295 253 319
253 295 319
1183 989 2162
2162 989 1183
989 1183 2162
1636 1047 2894
1047 1636 2894
2894 1047 1636
495 651 954
954 495 651
651 495 954
2856 1316 2734
1316 2734 2856
2734 1316 2856
1374 562 2490
562 1374 2490
2490 562 1374
1703 1701 2517
2517 1701 1703
1701 1703 2517
1145 1389 2122
2122 1145 1389
1389 1145 2122
2062 1999 2917
2917 1999 2062
1999 2062 2917
959 896 2253
896 959 2253
2253 896 959
322 180 233
180 233 322
233 180 322
1351 304 2930
304 1351 2930
2930 304 1351
808 1628 2385
1628 808 2385
2385 808 1628
1542 320 1746
320 1542 1746
1746 320 1542
1591 1477 2605
2605 1477 1591
1477 1591 2605
235 644 2810
644 235 2810
2810 235 644
1533 1222 1988
1222 1533 1988
1988 1222 1533
2729 176 275
275 176 2729
176 275 2729
1916 1859 2108
1859 1916 2108
2108 1859 1916
2754 522 2658
2658 522 2754
522 2658 2754
2440 488 1453
1453 488 2440
488 1453 2440
845 512 1445
1445 512 845
512 845 1445
1215 1621 2408
2408 1215 1621
1621 1215 2408
1681 1841 2637
2637 1681 1841
1841 1681 2637
1728 767 2413
2413 767 1728
767 1728 2413
119 32 205
205 32 119
32 119 205
2175 1060 2864
1060 2175 2864
2864 1060 2175
428 1384 2885
2885 428 1384
1384 428 2885
2914 1049 1537
1537 1049 2914
1049 1537 2914
2551 1385 2837
2837 1385 2551
1385 2551 2837
1074 960 2172
960 1074 2172
2172 960 1074
1472 1104 1692
1692 1104 1472
1104 1472 1692
248 135 2539
135 248 2539
2539 135 248
1666 2287 2648
2287 1666 2648
2648 1666 2287
2204 1153 1564
1153 1564 2204
1564 1153 2204
1815 187 771
187 771 1815
771 187 1815
1367 1356 2562
1356 1367 2562
2562 1356 1367
2769 812 2515
812 2515 2769
2515 812 2769
10 997 1225
1225 10 997
997 10 1225
1667 851 1238
1238 851 1667
851 1238 1667
1481 468 1526
1526 468 1481
468 1481 1526
582 1501 2518
2518 582 1501
1501 582 2518
1510 1479 2708
1479 1510 2708
2708 1479 1510
1089 777 1777
1777 777 1089
777 1089 1777
137 1504 1834
1834 137 1504
1504 137 1834
2099 654 1459
654 1459 2099
1459 654 2099
782 790 2617
2617 782 790
790 782 2617
71 856 1441
1441 71 856
856 71 1441
1674 21 1338
21 1338 1674
1338 21 1674
1534 1014 1838
1014 1534 1838
1838 1014 1534
2967 920 1085
1085 920 2967
920 1085 2967
509 722 2592
722 509 2592
2592 509 722
726 1765 2985
1765 726 2985
2985 726 1765
1991 2335 2489
2489 1991 2335
2335 1991 2489
1309 316 750
316 750 1309
750 316 1309
1193 699 2399
699 1193 2399
2399 699 1193
407 585 1492
1492 407 585
585 407 1492
25 489 1879
1879 25 489
489 25 1879
1910 1593 2999
1593 1910 2999
2999 1593 1910
2368 827 2277
2277 827 2368
827 2277 2368
853 92 510
510 92 853
92 510 853
2877 20 2129
2129 20 2877
20 2129 2877
2139 167 2777
2777 167 2139
167 2139 2777
459 694 1850
694 459 1850
1850 459 694
935 1381 2090
1381 935 2090
2090 935 1381
1541 1749 2480
1749 1541 2480
2480 1541 1749
2240 2251 2264
2264 2240 2251
2251 2240 2264
2079 392 1259
392 1259 2079
1259 392 2079
2228 1918 2024
1918 2024 2228
2024 1918 2228
2461 642 1303
642 1303 2461
1303 642 2461
1353 358 2504
358 1353 2504
2504 358 1353
1494 1428 1527
1527 1428 1494
1428 1494 1527
2459 1893 2714
1893 2459 2714
2714 1893 2459
1837 948 2467
2467 948 1837
948 1837 2467
2998 49 1350
1350 49 2998
49 1350 2998
1660 734 2448
2448 734 1660
734 1660 2448
1921 375 2603
375 1921 2603
2603 375 1921
1631 799 2391
2391 799 1631
799 1631 2391
1971 957 1264
1264 957 1971
957 1264 1971
2773 341 2975
2975 341 2773
341 2773 2975
1335 1551 1569
1551 1335 1569
1569 1335 1551
2742 815 2005
2005 815 2742
815 2005 2742
984 728 2215
2215 728 984
728 984 2215
1871 457 656
656 457 1871
457 656 1871
2447 2266 2969
2266 2447 2969
2969 2266 2447
752 2066 2629
2629 752 2066
2066 752 2629
1940 1137 1142
1142 1137 1940
1137 1142 1940
2280 1266 2865
2865 1266 2280
1266 2280 2865
2980 324 2410
2410 324 2980
324 2410 2980
1556 2398 2431
2398 1556 2431
2431 1556 2398
1020 1037 1202
1037 1020 1202
1202 1020 1037
2296 215 759
759 215 2296
215 759 2296
843 739 1626
1626 739 843
739 843 1626
746 772 1629
772 746 1629
1629 746 772
416 1337 2568
1337 416 2568
2568 416 1337
2433 866 2623
2623 866 2433
866 2433 2623
732 1178 1657
1657 732 1178
1178 732 1657
774 599 1848
1848 599 774
599 774 1848
1686 697 2988
2988 697 1686
697 1686 2988
1781 1507 2133
2133 1507 1781
1507 1781 2133
880 674 1521
1521 674 880
674 880 1521
1354 364 591
364 591 1354
591 364 1354
442 1187 2959
1187 442 2959
2959 442 1187
2847 848 1643
1643 848 2847
848 1643 2847
1417 1461 1530
1461 1417 1530
1530 1417 1461
1789 2025 2814
2025 1789 2814
2814 1789 2025
1081 1762 1831
1831 1081 1762
1762 1081 1831
1957 313 817
817 313 1957
313 817 1957
1251 399 669
669 399 1251
399 669 1251
150 819 2174
2174 150 819
819 150 2174
1260 583 2366
583 1260 2366
2366 583 1260
1463 286 1973
1973 286 1463
286 1463 1973
1658 826 2006
826 1658 2006
2006 826 1658
1223 1071 2163
1071 1223 2163
2163 1071 1223
2763 1462 2797
2797 1462 2763
1462 2763 2797
1467 2200 2783
2200 1467 2783
2783 1467 2200
1414 762 1209
762 1209 1414
1209 762 1414
1008 127 603
603 127 1008
127 603 1008
760 1190 1742
1190 760 1742
1742 760 1190
299 1082 2472
2472 299 1082
1082 299 2472
18 1493 2169
2169 18 1493
1493 18 2169
980 189 1280
1280 189 980
189 980 1280
1343 196 2913
196 1343 2913
2913 196 1343
2346 1471 2655
2655 1471 2346
1471 2346 2655
1181 551 586
586 551 1181
551 586 1181
330 646 2589
2589 330 646
646 330 2589
2040 2332 2347
2347 2040 2332
2332 2040 2347
1370 1630 2933
1630 1370 2933
2933 1370 1630
2244 222 2080
2080 222 2244
222 2080 2244
518 1210 2863
1210 518 2863
2863 518 1210
323 142 2373
2373 142 323
142 323 2373
2874 501 2905
501 2874 2905
2905 501 2874
2731 181 231
231 181 2731
181 231 2731
206 1357 1606
1606 206 1357
1357 206 1606
2694 1979 2982
2982 1979 2694
1979 2694 2982
143 1319 2026
2026 143 1319
1319 143 2026
1485 2305 2360
2360 1485 2305
2305 1485 2360
1603 475 2249
2249 475 1603
475 1603 2249
2556 2135 2803
2135 2556 2803
2803 2135 2556
706 919 2538
919 706 2538
2538 706 919
1246 1516 2258
1516 1246 2258
2258 1246 1516
2299 1840 2011
1840 2011 2299
2011 1840 2299
2968 63 1799
1799 63 2968
63 1799 2968
159 871 941
871 159 941
941 159 871
2274 844 2829
844 2274 2829
2829 844 2274
978 1043 1435
1043 978 1435
1435 978 1043
1776 1247 1607
1607 1247 1776
1247 1607 1776
813 1320 2991
2991 813 1320
1320 813 2991
1931 2319 2995
2995 1931 2319
2319 1931 2995
619 1096 1687
1096 619 1687
1687 619 1096
156 2195 2278
2195 156 2278
2278 156 2195
841 795 2945
795 841 2945
2945 795 841
2510 2008 2303
2303 2008 2510
2008 2303 2510
1199 729 930
729 930 1199
930 729 1199
2453 2386 2880
2386 2453 2880
2880 2386 2453
905 136 343
136 343 905
343 136 905
2666 266 2534
266 2534 2666
2534 266 2666
1028 250 1577
250 1028 1577
1577 250 1028
723 2745 2900
2900 723 2745
2745 723 2900
36 2226 2256
2226 36 2256
2256 36 2226
1101 62 606
606 62 1101
62 606 1101
2721 437 789
789 437 2721
437 789 2721
2380 34 1797
1797 34 2380
34 1797 2380
1773 898 2087
898 1773 2087
2087 898 1773
1968 2767 2839
2839 1968 2767
2767 1968 2839
113 365 2089
2089 113 365
365 113 2089
1221 1434 1801
1434 1221 1801
1801 1221 1434
1672 1496 2103
1496 1672 2103
2103 1496 1672
740 2547 2875
2547 740 2875
2875 740 2547
2357 1326 2362
1326 2357 2362
2362 1326 2357
1393 1011 1574
1574 1011 1393
1011 1393 1574
1021 2541 2572
2541 1021 2572
2572 1021 2541
2659 1573 2039
1573 2039 2659
2039 1573 2659
2711 76 925
76 925 2711
925 76 2711
2662 1727 2159
2159 1727 2662
1727 2159 2662
1689 1087 2632
1087 1689 2632
2632 1087 1689
2934 701 2861
2861 701 2934
701 2861 2934
1543 85 381
381 85 1543
85 381 1543
859 164 892
164 859 892
892 164 859
1503 270 1992
270 1503 1992
1992 270 1503
742 197 2537
197 742 2537
2537 197 742
1369 435 2828
435 1369 2828
2828 435 1369
2455 604 829
604 829 2455
829 604 2455
43 57 161
57 43 161
161 43 57
474 576 2141
2141 474 576
576 474 2141
1379 2033 2820
2033 1379 2820
2820 1379 2033
1759 700 2903
700 1759 2903
2903 700 1759
388 1753 2696
2696 388 1753
1753 388 2696
2725 310 1460
310 1460 2725
1460 310 2725
2417 1366 2673
2673 1366 2417
1366 2417 2673
1094 1661 2581
1661 1094 2581
2581 1094 1661
648 2192 2428
2428 648 2192
2192 648 2428
875 1684 2126
1684 875 2126
2126 875 1684
328 486 788
788 328 486
486 328 788
2007 2527 2947
2527 2007 2947
2947 2007 2527
561 1982 2476
2476 561 1982
1982 561 2476
103 118 463
463 103 118
118 103 463
128 1401 2545
1401 128 2545
2545 128 1401
413 630 2029
630 413 2029
2029 413 630
1182 144 2854
2854 144 1182
144 1182 2854
519 505 878
878 505 519
505 519 878
1075 2027 2647
2027 1075 2647
2647 1075 2027
1590 271 769
769 271 1590
271 769 1590
1735 707 1531
707 1531 1735
1531 707 1735
2779 1376 2757
1376 2757 2779
2757 1376 2779
1891 2227 2730
2227 1891 2730
2730 1891 2227
1206 101 2022
101 1206 2022
2022 101 1206
1747 854 2670
2670 854 1747
854 1747 2670
2883 122 2720
2720 122 2883
122 2720 2883
1919 1958 1964
1958 1919 1964
1964 1919 1958
860 613 832
613 832 860
832 613 860
2859 162 2158
162 2158 2859
2158 162 2859
1375 480 873
480 873 1375
873 480 1375
2642 806 1724
1724 806 2642
806 1724 2642
1169 1743 2197
1743 1169 2197
2197 1169 1743
709 1993 2684
1993 709 2684
2684 709 1993
15 961 1751
961 15 1751
1751 15 961
2523 1659 2938
2938 1659 2523
1659 2523 2938
934 370 2606
370 934 2606
2606 370 934
193 394 1515
1515 193 394
394 193 1515
1825 801 2737
801 1825 2737
2737 801 1825
2718 1286 2245
2245 1286 2718
1286 2245 2718
2897 1562 1948
1948 1562 2897
1562 1948 2897
1300 1809 2435
2435 1300 1809
1809 1300 2435
2077 1637 2173
2173 1637 2077
1637 2077 2173
1165 876 1466
1466 876 1165
876 1165 1466
334 893 2153
893 334 2153
2153 334 893
2901 712 1439
712 1439 2901
1439 712 2901
1884 946 1499
1499 946 1884
946 1499 1884
2375 1923 2407
1923 2375 2407
2407 1923 2375
2892 359 1523
359 1523 2892
1523 359 2892
749 342 1311
1311 342 749
342 749 1311
1913 1553 1721
1553 1721 1913
1721 1553 1913
2154 296 2957
296 2154 2957
2957 296 2154
80 280 479
280 80 479
479 80 280
2394 784 2625
2625 784 2394
784 2394 2625
1257 186 2339
2339 186 1257
186 1257 2339
60 269 2807
2807 60 269
269 60 2807
912 668 2229
668 912 2229
2229 668 912
1138 748 1986
748 1138 1986
1986 748 1138
2888 901 2185
901 2185 2888
2185 901 2888
2295 993 2776
2776 993 2295
993 2295 2776
1318 2140 2478
2478 1318 2140
2140 1318 2478
1572 438 610
438 610 1572
610 438 1572
503 811 2096
811 503 2096
2096 503 811
1722 2627 2782
2782 1722 2627
2627 1722 2782
1545 366 2093
366 1545 2093
2093 366 1545
1811 78 884
78 884 1811
884 78 1811
2395 527 2088
2088 527 2395
527 2088 2395
498 208 563
208 498 563
563 208 498
2446 1126 2970
1126 2446 2970
2970 1126 2446
1323 2091 2994
2091 1323 2994
2994 1323 2091
1514 261 2524
261 1514 2524
2524 261 1514
344 2609 2719
2609 344 2719
2719 344 2609
356 1106 1557
1557 356 1106
1106 356 1557
2041 398 433
398 433 2041
433 398 2041
2463 679 2846
679 2463 2846
2846 679 2463
1586 1812 2094
2094 1586 1812
1812 1586 2094
2956 1520 2676
1520 2676 2956
2676 1520 2956
1934 814 1464
814 1464 1934
1464 814 1934
1845 353 995
353 995 1845
995 353 1845
23 146 1332
1332 23 146
146 23 1332
348 2082 2576
2576 348 2082
2082 348 2576
1585 691 2593
2593 691 1585
691 1585 2593
1058 131 2406
2406 131 1058
131 1058 2406
647 1889 2157
2157 647 1889
1889 647 2157
515 918 1766
1766 515 918
918 515 1766
839 380 1245
380 839 1245
1245 380 839
1802 2400 2664
2400 1802 2664
2664 1802 2400
2817 46 434
434 46 2817
46 434 2817
2981 406 1599
1599 406 2981
406 1599 2981
1675 1581 2785
2785 1581 1675
1581 1675 2785
2876 1902 2751
1902 2751 2876
2751 1902 2876
1853 1963 2633
2633 1853 1963
1963 1853 2633
7 2421 2741
2421 7 2741
2741 7 2421
2469 2246 2686
2686 2246 2469
2246 2469 2686
1977 2675 2971
2675 1977 2971
2971 1977 2675
1391 1830 2434
1830 1391 2434
2434 1391 1830
2599 2702 2774
2702 2599 2774
2774 2599 2702
1281 1617 2497
2497 1281 1617
1617 1281 2497
2715 536 2579
536 2579 2715
2579 536 2715
477 2061 2784
2061 477 2784
2784 477 2061
2340 617 914
914 617 2340
617 914 2340
2886 968 2156
968 2156 2886
2156 968 2886
1788 602 1976
1976 602 1788
602 1788 1976
1189 422 1679
422 1189 1679
1679 422 1189
405 158 267
158 267 405
267 158 405
1035 1588 2144
2144 1035 1588
1588 1035 2144
1440 1813 1911
1813 1440 1911
1911 1440 1813
183 199 2449
199 183 2449
2449 183 199
1961 756 2798
756 1961 2798
2798 756 1961
1870 305 1873
305 1870 1873
1873 305 1870
2164 828 2058
828 2058 2164
2058 828 2164
1042 1291 1723
1291 1042 1723
1723 1042 1291
2374 1411 1950
1411 1950 2374
1950 1411 2374
264 798 1057
798 264 1057
1057 264 798
1196 2123 2723
2123 1196 2723
2723 1196 2123
763 1198 2242
1198 763 2242
2242 763 1198
192 2048 2683
2048 192 2683
2683 192 2048
1808 68 2747
2747 68 1808
68 1808 2747
850 1216 2081
1216 850 2081
2081 850 1216
277 929 1904
1904 277 929
929 277 1904
2660 461 792
792 461 2660
461 792 2660
623 970 2168
970 623 2168
2168 623 970
2396 1275 1321
1321 1275 2396
1275 1321 2396
2924 224 558
558 224 2924
224 558 2924
50 1324 2921
1324 50 2921
2921 50 1324
1124 548 710
710 548 1124
548 710 1124
2815 272 1263
272 1263 2815
1263 272 2815
504 1229 2821
2821 504 1229
1229 504 2821
626 173 1874
1874 173 626
173 626 1874
1608 994 1495
994 1495 1608
1495 994 1608
2466 1954 2929
2929 1954 2466
1954 2466 2929
2567 1048 1903
1903 1048 2567
1048 1903 2567
1865 1371 1824
1824 1371 1865
1371 1824 1865
2254 1983 2695
1983 2254 2695
2695 1983 2254
466 900 2941
2941 466 900
900 466 2941
2037 1176 2506
1176 2037 2506
2506 1176 2037
326 202 1361
1361 202 326
202 326 1361
1996 2733 2949
2733 1996 2949
2949 1996 2733
1476 1405 1745
1745 1405 1476
1405 1476 1745
75 2218 2712
2712 75 2218
2218 75 2712
972 1443 2124
1443 972 2124
2124 972 1443
2704 664 1163
664 1163 2704
1163 664 2704
1583 184 333
184 333 1583
333 184 1583
991 639 2193
2193 639 991
639 991 2193
2739 1787 2468
2468 1787 2739
1787 2468 2739
2519 82 335
82 335 2519
335 82 2519
1791 225 2795
225 1791 2795
2795 225 1791
2936 1055 2974
1055 2936 2974
2974 1055 2936
2925 1192 2964
1192 2925 2964
2964 1192 2925
282 17 1478
17 282 1478
1478 17 282
2494 188 2047
188 2047 2494
2047 188 2494
557 1985 2822
2822 557 1985
1985 557 2822
2237 35 981
981 35 2237
35 981 2237
1447 1475 2748
2748 1447 1475
1475 1447 2748
2554 1482 1638
1638 1482 2554
1482 1638 2554
2309 1059 1757
1059 1757 2309
1757 1059 2309
2904 921 2867
921 2867 2904
2867 921 2904
443 1368 2046
2046 443 1368
1368 443 2046
337 659 2586
659 337 2586
2586 337 659
1419 1454 2899
1454 1419 2899
2899 1419 1454
2928 362 1363
1363 362 2928
362 1363 2928
2521 29 942
29 942 2521
942 29 2521
1875 1854 2986
1854 1875 2986
2986 1854 1875
1302 1614 2835
1614 1302 2835
2835 1302 1614
1894 516 1484
516 1484 1894
1484 516 1894
336 116 1203
116 336 1203
1203 116 336
2499 1548 2909
2909 1548 2499
1548 2499 2909
1508 213 1120
1120 213 1508
213 1120 1508
2960 533 2678
2678 533 2960
533 2678 2960
1642 2671 2963
2671 1642 2963
2963 1642 2671
776 198 2604
198 776 2604
2604 198 776
1897 1136 1403
1403 1136 1897
1136 1403 1897
2068 1651 2722
2722 1651 2068
1651 2068 2722
1663 1915 2352
1915 1663 2352
2352 1663 1915
1092 263 683
263 683 1092
683 263 1092
1239 661 1949
1949 661 1239
661 1239 1949
2922 140 2064
140 2064 2922
2064 140 2922
1458 1622 2424
2424 1458 1622
1622 1458 2424
2493 371 2871
371 2493 2871
2871 371 2493
945 1117 2279
1117 945 2279
2279 945 1117
1726 2086 2320
2086 1726 2320
2320 1726 2086
1244 2414 2906
2414 1244 2906
2906 1244 2414
1570 1261 1455
1455 1261 1570
1261 1455 1570
1955 1470 1932
1932 1470 1955
1470 1932 1955
47 2923 2939
2939 47 2923
2923 47 2939
2401 445 990
990 445 2401
445 990 2401
2475 130 2311
130 2311 2475
2311 130 2475
1408 1394 2379
2379 1394 1408
1394 1408 2379
2598 1327 2337
2337 1327 2598
1327 2337 2598
693 1706 2759
1706 693 2759
2759 693 1706
2030 1186 1716
1716 1186 2030
1186 1716 2030
327 672 2992
672 327 2992
2992 327 672
863 1312 2624
1312 863 2624
2624 863 1312
1268 1715 1908
1715 1268 1908
1908 1268 1715
2531 2207 2669
2669 2207 2531
2207 2531 2669
2610 1034 1714
1714 1034 2610
1034 1714 2610
2790 1399 1719
1719 1399 2790
1399 1719 2790
1914 685 3000
3000 685 1914
685 1914 3000
2230 372 1782
1782 372 2230
372 1782 2230
2016 1818 2131
2131 1818 2016
1818 2016 2131
2298 1 2587
2587 1 2298
1 2298 2587
2543 1539 1842
1539 1842 2543
1842 1539 2543
160 869 889
869 160 889
889 160 869
73 2217 2898
2898 73 2217
2217 73 2898
1269 717 1452
1452 717 1269
717 1269 1452
2001 857 1003
857 1003 2001
1003 857 2001
379 1422 1739
1739 379 1422
1422 379 1739
2713 96 2128
2128 96 2713
96 2128 2713
2536 926 2358
2358 926 2536
926 2358 2536
2052 278 1365
278 1365 2052
1365 278 2052
713 262 1933
1933 262 713
262 713 1933
2650 1619 2107
2107 1619 2650
1619 2107 2650
682 1856 2042
2042 682 1856
1856 682 2042
1772 2516 2858
2516 1772 2858
2858 1772 2516
145 1917 2076
2076 145 1917
1917 145 2076
291 526 687
687 291 526
526 291 687
1483 26 1062
26 1062 1483
1062 26 1483
2912 543 1093
1093 543 2912
543 1093 2912
2327 1937 2987
1937 2327 2987
2987 1937 2327
2356 2387 2457
2457 2356 2387
2387 2356 2457
1005 325 2056
2056 325 1005
325 1005 2056
1233 242 1348
242 1233 1348
1348 242 1233
2736 1262 2635
1262 2635 2736
2635 1262 2736
1272 624 2167
624 1272 2167
2167 624 1272
1956 265 825
825 265 1956
265 825 1956
2788 1249 2307
1249 2307 2788
2307 1249 2788
2544 791 1412
1412 791 2544
791 1412 2544
1141 129 2841
129 1141 2841
2841 129 1141
1618 309 2910
2910 309 1618
309 1618 2910
354 2184 2580
2184 354 2580
2580 354 2184
2532 1559 2758
2758 1559 2532
1559 2532 2758
1678 1382 2636
1382 1678 2636
2636 1382 1678
2118 2312 2849
2849 2118 2312
2312 2118 2849
1826 1111 1927
1111 1826 1927
1927 1111 1826
1030 132 1416
132 1030 1416
1416 132 1030
414 705 2530
2530 414 705
705 414 2530
2699 1500 2293
1500 2293 2699
2293 1500 2699
201 1883 2196
1883 201 2196
2196 201 1883
1123 1213 2984
1213 1123 2984
2984 1123 1213
2946 977 2232
977 2232 2946
2232 977 2946
1892 1099 2826
1099 1892 2826
2826 1099 1892
2271 1429 2015
2015 1429 2271
1429 2015 2271
2573 77 2615
2615 77 2573
77 2573 2615
297 1554 1611
1611 297 1554
1554 297 1611
211 112 430
112 211 430
430 112 211
2688 6 2115
6 2115 2688
2115 6 2688
1878 953 1378
953 1378 1878
1378 953 1878
2120 1134 1547
1134 1547 2120
1547 1134 2120
971 2028 2552
2552 971 2028
2028 971 2552
1248 1341 2582
1341 1248 2582
2582 1248 1341
148 157 1609
1609 148 157
157 148 1609
2789 2117 2860
2117 2789 2860
2860 2117 2789
2436 1207 2882
2882 1207 2436
1207 2436 2882
2116 292 864
864 292 2116
292 864 2116
37 887 1016
887 37 1016
1016 37 887
426 1814 2948
2948 426 1814
1814 426 2948
1235 1634 2267
1634 1235 2267
2267 1235 1634
2752 2137 2638
2137 2638 2752
2638 2137 2752
695 852 2703
2703 695 852
852 695 2703
1774 294 737
294 737 1774
737 294 1774
1160 1240 1974
1974 1160 1240
1240 1160 1974
1294 214 1017
1017 214 1294
214 1017 1294
2479 1708 1761
1708 1761 2479
1761 1708 2479
1517 255 464
464 255 1517
255 464 1517
440 12 2261
12 440 2261
2261 12 440
431 1231 2234
2234 431 1231
1231 431 2234
331 597 1804
1804 331 597
597 331 1804
818 314 716
314 716 818
716 314 818
1683 1907 2326
2326 1683 1907
1907 1683 2326
256 420 1872
420 256 1872
1872 256 420
59 98 1241
1241 59 98
98 59 1241
347 1004 2770
2770 347 1004
1004 347 2770
2832 979 2161
979 2161 2832
2161 979 2832
1587 803 2013
2013 803 1587
803 1587 2013
2199 1442 2282
1442 2199 2282
2282 1442 2199
1796 226 1844
1844 226 1796
226 1796 1844
1887 95 1200
1200 95 1887
95 1200 1887
753 110 761
761 110 753
110 753 761
172 107 741
741 107 172
107 172 741
773 210 1097
1097 210 773
210 773 1097
1287 1855 2600
2600 1287 1855
1855 1287 2600
1077 154 1086
154 1077 1086
1086 154 1077
611 800 899
899 611 800
800 611 899
2689 1438 2738
2738 1438 2689
1438 2689 2738
1226 1080 2862
1080 1226 2862
2862 1080 1226
2513 105 964
105 964 2513
964 105 2513
123 1045 2701
1045 123 2701
2701 123 1045
247 1115 1819
1819 247 1115
1115 247 1819
339 257 874
874 257 339
257 339 874
1924 478 2390
2390 478 1924
478 1924 2390
2640 419 513
419 513 2640
513 419 2640
555 1981 2501
1981 555 2501
2501 555 1981
227 1383 2127
2127 227 1383
1383 227 2127
1174 2498 2989
2989 1174 2498
2498 1174 2989
2804 721 1670
1670 721 2804
721 1670 2804
692 115 1066
1066 115 692
115 692 1066
491 1676 2677
2677 491 1676
1676 491 2677
955 577 2850
2850 577 955
577 955 2850
444 120 1519
120 444 1519
1519 120 444
2811 33 66
66 33 2811
33 66 2811
529 660 2049
2049 529 660
660 529 2049
2740 704 2619
2619 704 2740
704 2619 2740
84 542 618
618 84 542
542 84 618
2203 151 888
888 151 2203
151 888 2203
2265 2216 2997
2997 2216 2265
2216 2265 2997
736 114 1307
114 736 1307
1307 114 736
927 1509 2525
1509 927 2525
2525 927 1509
497 1129 1234
1129 497 1234
1234 497 1129
117 1188 2409
1188 117 2409
2409 117 1188
1201 1299 2361
1299 1201 2361
2361 1201 1299
2680 1827 2415
1827 2415 2680
2415 1827 2680
1211 1002 1346
1002 1211 1346
1346 1002 1211
655 2053 2233
2053 655 2233
2233 655 2053
649 587 2477
587 649 2477
2477 587 649
1563 1486 2698
1486 1563 2698
2698 1486 1563
1468 1431 1778
1778 1431 1468
1431 1468 1778
2441 1255 2855
2855 1255 2441
1255 2441 2855
2239 897 2687
2687 897 2239
897 2239 2687
787 2032 2756
2032 787 2756
2756 787 2032
14 1119 2138
2138 14 1119
1119 14 2138
124 1355 2114
2114 124 1355
1355 124 2114
681 553 2443
553 681 2443
2443 553 681
950 451 2907
2907 451 950
451 950 2907
2273 2559 2808
2808 2273 2559
2559 2273 2808
1322 833 1220
1220 833 1322
833 1220 1322
2179 2444 2958
2958 2179 2444
2444 2179 2958
2130 579 2359
2359 579 2130
579 2130 2359
632 153 1305
1305 153 632
153 632 1305
2294 1449 2564
2564 1449 2294
1449 2294 2564
2526 1456 2866
2866 1456 2526
1456 2526 2866
2651 349 738
349 738 2651
738 349 2651
1529 439 2221
439 1529 2221
2221 439 1529
2693 940 1627
940 1627 2693
1627 940 2693
455 352 530
352 455 530
530 352 455
170 397 768
768 170 397
397 170 768
1668 1023 1518
1518 1023 1668
1023 1518 1668
1409 9 1600
9 1409 1600
1600 9 1409
1285 2546 2919
2546 1285 2919
2919 1285 2546
1987 1680 2961
1680 1987 2961
2961 1680 1987
1895 730 1552
730 1552 1895
1552 730 1895
1947 108 1732
108 1732 1947
1732 108 1947
303 27 745
27 303 745
745 27 303
2462 785 1144
1144 785 2462
785 1144 2462
2791 673 816
816 673 2791
673 816 2791
2031 2187 2646
2187 2031 2646
2646 2031 2187
1704 2038 2097
2038 1704 2097
2097 1704 2038
885 908 2823
2823 885 908
908 885 2823
83 923 1783
1783 83 923
923 83 1783
373 191 2565
2565 191 373
191 373 2565
384 1795 2445
1795 384 2445
2445 384 1795
2308 86 2250
2250 86 2308
86 2250 2308
2069 141 1344
1344 141 2069
141 1344 2069
2291 24 1938
1938 24 2291
24 1938 2291
770 996 1969
1969 770 996
996 770 1969
2393 163 390
163 390 2393
390 163 2393
2098 1817 2403
1817 2098 2403
2403 1817 2098
476 1113 2322
1113 476 2322
2322 476 1113
2750 254 973
973 254 2750
254 973 2750
1803 448 1861
448 1803 1861
1861 448 1803
2844 2071 2262
2262 2071 2844
2071 2262 2844
1644 1125 1437
1437 1125 1644
1125 1437 1644
2896 432 517
517 432 2896
432 517 2896
2744 891 2488
891 2488 2744
2488 891 2744
2667 200 2369
2369 200 2667
200 2369 2667
1984 1161 1284
1161 1284 1984
1284 1161 1984
1725 834 2209
2209 834 1725
834 1725 2209
1053 482 507
507 482 1053
482 507 1053
2801 2429 2563
2429 2563 2801
2563 2429 2801
1205 1558 2746
2746 1205 1558
1558 1205 2746
2553 284 1158
284 1158 2553
1158 284 2553
377 540 566
540 377 566
566 377 540
754 1604 1790
1604 754 1790
1790 754 1604
69 94 2533
94 69 2533
2533 69 94
1360 1147 1596
1596 1147 1360
1147 1360 1596
1022 2181 2813
2813 1022 2181
2181 1022 2813
1597 1645 2121
2121 1597 1645
1645 1597 2121
2458 578 2363
578 2363 2458
2363 578 2458
1301 902 1877
902 1301 1877
1877 902 1301
1407 1025 1962
1962 1025 1407
1025 1407 1962
1185 2236 2755
2236 1185 2755
2755 1185 2236
805 1084 1230
1230 805 1084
1084 805 1230
2345 106 374
374 106 2345
106 374 2345
1655 490 2578
490 1655 2578
2578 490 1655
1362 594 1698
1698 594 1362
594 1362 1698
1664 714 1018
714 1018 1664
1018 714 1664
2170 2657 2965
2965 2170 2657
2657 2170 2965
2367 306 1267
1267 306 2367
306 1267 2367
2942 133 279
279 133 2942
133 279 2942
698 975 1157
1157 698 975
975 698 1157
2818 2301 2328
2301 2328 2818
2328 2301 2818
1912 1624 2470
1624 1912 2470
2470 1624 1912
1167 259 744
744 259 1167
259 744 1167
1829 1595 2707
2707 1595 1829
1595 1829 2707
45 61 2972
2972 45 61
61 45 2972
550 1102 1295
1102 550 1295
1295 550 1102
2634 615 1946
615 1946 2634
1946 615 2634
2768 786 1846
1846 786 2768
786 1846 2768
287 230 588
588 230 287
230 287 588
2911 1180 1214
1180 1214 2911
1214 1180 2911
1528 575 2050
2050 575 1528
575 1528 2050
720 4 2485
2485 4 720
4 720 2485
1863 1177 2830
2830 1177 1863
1177 1863 2830
1473 1044 1730
1730 1044 1473
1044 1473 1730
2003 781 2628
781 2003 2628
2628 781 2003
1330 1555 1565
1565 1330 1555
1555 1330 1565
670 635 1560
1560 635 670
635 670 1560
2487 1151 2220
1151 2220 2487
2220 1151 2487
2836 724 1031
724 1031 2836
1031 724 2836
1584 93 485
485 93 1584
93 485 1584
3 74 2383
74 3 2383
2383 3 74
907 321 1069
321 907 1069
1069 321 907
2364 1386 2044
2044 1386 2364
1386 2044 2364
571 393 1741
393 571 1741
1741 393 571
289 703 2206
703 289 2206
2206 289 703
686 589 2341
589 686 2341
2341 589 686
2799 1771 2983
2983 1771 2799
1771 2799 2983
2165 821 2055
821 2055 2165
2055 821 2165
1930 100 301
301 100 1930
100 301 1930
2378 1298 2805
2805 1298 2378
1298 2378 2805
1944 838 2281
838 1944 2281
2281 838 1944
988 56 2612
2612 56 988
56 988 2612
2290 346 1885
346 1885 2290
1885 346 2290
879 1342 2045
1342 879 2045
2045 879 1342
2792 797 1833
1833 797 2792
797 1833 2792
1149 16 1656
16 1149 1656
1656 16 1149
2075 1026 1945
1945 1026 2075
1026 1945 2075
1027 1288 2351
2351 1027 1288
1288 1027 2351
1847 298 696
696 298 1847
298 696 1847
1110 221 2953
221 1110 2953
2953 221 1110
125 1329 1869
1869 125 1329
1329 125 1869
2078 933 2324
2324 933 2078
933 2078 2324
718 2300 2491
2300 718 2491
2491 718 2300
369 169 2104
169 369 2104
2104 169 369
496 666 861
861 496 666
666 496 861
389 260 931
260 389 931
931 260 389
42 1000 1105
1000 42 1105
1105 42 1000
2870 747 1135
747 1135 2870
1135 747 2870
1707 2073 2902
2902 1707 2073
2073 1707 2902
138 363 1665
1665 138 363
363 138 1665
1243 958 2879
958 1243 2879
2879 958 1243
2812 2520 2868
2868 2520 2812
2520 2812 2868
44 178 1805
178 44 1805
1805 44 178
245 508 2851
2851 245 508
508 245 2851
612 237 653
653 237 612
237 612 653
2343 1051 1928
1928 1051 2343
1051 1928 2343
19 2054 2149
2149 19 2054
2054 19 2149
1857 1580 2329
2329 1580 1857
1580 1857 2329
2661 570 2597
2597 570 2661
570 2597 2661
725 835 1039
1039 725 835
835 725 1039
1601 622 1524
1524 622 1601
622 1524 1601
2542 220 620
620 220 2542
220 620 2542
1867 1754 1860
1860 1754 1867
1754 1860 1867
1602 1079 2852
2852 1079 1602
1079 1602 2852
2834 175 2419
175 2419 2834
2419 175 2834
2588 758 2057
758 2057 2588
2057 758 2588
2202 886 1953
1953 886 2202
886 1953 2202
481 252 2020
2020 252 481
252 481 2020
2136 1290 1713
1713 1290 2136
1290 1713 2136
1271 276 1131
1131 276 1271
276 1131 1271
823 820 2621
2621 820 823
820 823 2621
2331 492 1550
492 1550 2331
1550 492 2331
1046 1669 1836
1669 1046 1836
1836 1046 1669
244 212 858
858 212 244
212 244 858
1639 807 2753
2753 807 1639
807 1639 2753
1036 1098 2211
2211 1036 1098
1098 1036 2211
1731 274 441
274 441 1731
441 274 1731
2259 2198 2706
2706 2198 2259
2198 2259 2706
502 22 1033
22 502 1033
1033 22 502
2286 708 2843
708 2286 2843
2843 708 2286
593 234 1966
234 593 1966
1966 234 593
1909 528 1694
528 1694 1909
1694 528 1909
2338 2166 2483
2166 2338 2483
2483 2166 2338
1980 2891 2976
2976 1980 2891
2891 1980 2976
2208 471 1072
1072 471 2208
471 1072 2208
2932 974 2558
974 2558 2932
2558 974 2932
1254 2023 2918
2023 1254 2918
2918 1254 2023
1779 1065 2225
1065 1779 2225
2225 1065 1779
2853 338 1331
1331 338 2853
338 1331 2853
2838 1334 1415
1415 1334 2838
1334 1415 2838
2310 149 1358
149 1358 2310
1358 149 2310
126 1197 1426
1426 126 1197
1197 126 1426
966 340 1273
340 966 1273
1273 340 966
1015 2285 2557
2285 1015 2557
2557 1015 2285
1899 2509 2824
2509 1899 2824
2824 1899 2509
53 1444 1535
1535 53 1444
1444 53 1535
559 1088 2416
1088 559 2416
2416 559 1088
1139 983 1083
1083 983 1139
983 1083 1139
2302 1224 2626
2626 1224 2302
1224 2302 2626
1396 1265 2507
1265 1396 2507
2507 1265 1396
2926 317 1103
1103 317 2926
317 1103 2926
1576 1806 2191
1806 1576 2191
2191 1576 1806
2177 939 1162
1162 939 2177
939 1162 2177
1890 1489 2365
2365 1489 1890
1489 1890 2365
402 396 1769
396 402 1769
1769 396 402
2134 1939 2665
1939 2134 2665
2665 1939 2134
89 243 2780
243 89 2780
2780 89 243
1402 452 1571
1571 452 1402
452 1402 1571
629 65 446
446 65 629
65 446 629
1127 329 625
625 329 1127
329 625 1127
2916 367 1613
367 1613 2916
1613 367 2916
391 2268 2555
2555 391 2268
2268 391 2555
2397 1935 2840
1935 2397 2840
2840 1935 2397
836 332 2125
332 836 2125
2125 332 836
2952 425 1451
1451 425 2952
425 1451 2952
531 506 1810
506 531 1810
1810 506 531
1952 2276 2500
2276 1952 2500
2500 1952 2276
904 67 293
293 67 904
67 293 904
1410 1620 2292
2292 1410 1620
1620 1410 2292
2685 190 608
190 608 2685
608 190 2685
1314 462 2833
2833 462 1314
462 1314 2833
427 928 2649
928 427 2649
2649 427 928
218 1152 2315
1152 218 2315
2315 218 1152
1575 1283 1567
1567 1283 1575
1283 1567 1575
412 2150 2996
2996 412 2150
2150 412 2996
1347 165 2596
2596 165 1347
165 1347 2596
386 1487 1784
1487 386 1784
1784 386 1487
450 783 2692
2692 450 783
783 450 2692
2404 665 1763
665 1763 2404
1763 665 2404
2644 1566 2816
1566 2644 2816
2816 1566 2644
1073 554 1469
554 1073 1469
1469 554 1073
1474 1130 2004
1130 1474 2004
2004 1130 1474
2473 1274 2495
1274 2473 2495
2495 1274 2473
849 258 1068
258 849 1068
1068 258 849
1959 877 2700
2700 877 1959
877 1959 2700
690 182 2017
2017 182 690
182 690 2017
809 842 2920
2920 809 842
842 809 2920
2224 1166 2535
1166 2224 2535
2535 1166 2224
217 104 1995
1995 104 217
104 217 1995
2697 2105 2806
2105 2697 2806
2806 2105 2697
121 1623 1822
1822 121 1623
1623 121 1822
2893 2010 2113
2113 2010 2893
2010 2113 2893
31 1364 1673
1364 31 1673
1673 31 1364
2241 590 2205
2205 590 2241
590 2205 2241
2643 360 976
360 976 2643
976 360 2643
1832 383 1798
1798 383 1832
383 1798 1832
1019 166 1705
1705 166 1019
166 1019 1705
1936 236 1009
236 1009 1936
1009 236 1936
1219 1505 1646
1505 1219 1646
1646 1219 1505
281 2781 2881
2881 281 2781
2781 281 2881
702 598 1662
598 702 1662
1662 598 702
102 2182 2252
2252 102 2182
2182 102 2252
2143 573 1905
573 1905 2143
1905 573 2143
2213 677 2630
677 2213 2630
2630 677 2213
1156 910 1217
910 1156 1217
1217 910 1156
2890 911 2377
911 2377 2890
2377 911 2890
1688 1010 2437
2437 1010 1688
1010 1688 2437
846 549 924
924 549 846
549 846 924
1612 376 1349
1349 376 1612
376 1349 1612
1633 862 2787
2787 862 1633
862 1633 2787
2072 216 521
521 216 2072
216 521 2072
2566 1277 2288
2288 1277 2566
1277 2288 2566
1525 1150 1951
1150 1525 1951
1951 1150 1525
2151 711 2560
711 2151 2560
2560 711 2151
1118 1868 2051
1868 1118 2051
2051 1118 1868
168 778 1227
1227 168 778
778 168 1227
1164 2502 2794
2502 1164 2794
2794 1164 2502
601 204 1063
1063 204 601
204 601 1063
2656 87 1491
87 1491 2656
1491 87 2656
2724 607 1336
607 1336 2724
1336 607 2724
1397 13 2679
2679 13 1397
13 1397 2679
1173 1490 2426
1490 1173 2426
2426 1173 1490
565 751 2059
751 565 2059
2059 565 751
640 609 2622
2622 609 640
609 640 2622
1532 1258 1768
1768 1258 1532
1258 1532 1768
1109 2481 2652
2652 1109 2481
2481 1109 2652
2035 1387 2178
2178 1387 2035
1387 2035 2178
1100 765 947
765 947 1100
947 765 1100
1685 1306 2654
1306 1685 2654
2654 1306 1685
1406 79 2682
2682 79 1406
79 1406 2682
1839 1308 1888
1888 1308 1839
1308 1839 1888
111 1404 1697
1404 111 1697
1697 111 1404
1050 932 2614
2614 932 1050
932 1050 2614
194 569 1067
1067 194 569
569 194 1067
1653 1775 2710
2710 1653 1775
1775 1653 2710
2726 308 1989
308 1989 2726
1989 308 2726
965 1433 2212
1433 965 2212
2212 965 1433
523 411 1114
411 523 1114
1114 411 523
658 239 1250
239 658 1250
1250 239 658
840 209 351
351 209 840
209 351 840
2869 51 1253
1253 51 2869
51 1253 2869
2672 88 2442
2442 88 2672
88 2442 2672
2085 288 2743
2743 288 2085
288 2085 2743
2825 401 2376
2376 401 2825
401 2376 2825
90 1328 2663
2663 90 1328
1328 90 2663
1758 556 1752
556 1752 1758
1752 556 1758
1179 185 2060
185 1179 2060
2060 185 1179
2717 1218 1807
1218 1807 2717
1807 1218 2717
2878 2297 2512
2297 2512 2878
2512 2297 2878
1095 1168 1880
1880 1095 1168
1168 1095 1880
2092 804 1843
1843 804 2092
804 1843 2092
2255 574 2764
574 2255 2764
2764 574 2255
1882 134 1184
1184 134 1882
134 1184 1882
2371 1340 1943
1943 1340 2371
1340 1943 2371
634 1333 2575
1333 634 2575
2575 634 1333
1760 641 2289
2289 641 1760
641 1760 2289
2496 580 2111
580 2111 2496
2111 580 2496
2674 378 1736
1736 378 2674
378 1736 2674
99 1465 2354
1465 99 2354
2354 99 1465
2511 155 2590
155 2511 2590
2590 155 2511
2570 395 1750
395 1750 2570
1750 395 2570
544 54 2344
54 544 2344
2344 54 544
1605 1140 2323
2323 1140 1605
1140 1605 2323
520 1024 1598
1024 520 1598
1598 520 1024
1232 637 1511
637 1232 1511
1511 637 1232
689 48 1512
1512 48 689
48 689 1512
2895 779 1373
1373 779 2895
779 1373 2895
454 1998 2484
2484 454 1998
1998 454 2484
719 1054 1424
1054 719 1424
1424 719 1054
2405 2732 2800
2800 2405 2732
2732 2405 2800
2420 1699 2325
1699 2325 2420
2325 1699 2420
1237 1194 1709
1194 1237 1709
1709 1194 1237
473 312 511
511 312 473
312 473 511
2977 676 2034
676 2034 2977
2034 676 2977
1425 300 534
534 300 1425
300 534 1425
963 675 2348
675 963 2348
2348 675 963
2584 409 2691
2691 409 2584
409 2584 2691
355 385 539
385 355 539
539 355 385
810 1388 2620
1388 810 2620
2620 810 1388
1886 456 1400
456 1400 1886
1400 456 1886
1155 596 1276
596 1155 1276
1276 596 1155
171 733 2571
733 171 2571
2571 171 733
2148 58 499
499 58 2148
58 499 2148
2762 1755 2353
1755 2353 2762
2353 1755 2762
2950 315 824
824 315 2950
315 824 2950
2388 2183 2257
2257 2183 2388
2183 2257 2388
2973 487 1256
487 1256 2973
1256 487 2973
55 97 418
418 55 97
97 55 418
2705 1488 2381
1488 2381 2705
2381 1488 2705
1780 652 1430
1430 652 1780
652 1430 1780
2188 572 1635
572 1635 2188
1635 572 2188
2915 627 1091
1091 627 2915
627 1091 2915
1589 592 2019
2019 592 1589
592 1589 2019
382 916 2450
2450 382 916
916 382 2450
350 2012 2607
2012 350 2607
2607 350 2012
1582 52 302
302 52 1582
52 302 1582
1578 1546 1926
1926 1546 1578
1546 1578 1926
2382 2263 2439
2263 2382 2439
2439 2263 2382
633 1696 2000
2000 633 1696
1696 633 2000
228 1649 2119
2119 228 1649
1649 228 2119
152 541 1711
1711 152 541
541 152 1711
2272 1450 1640
1450 1640 2272
1640 1450 2272
2438 72 1242
1242 72 2438
72 1242 2438
1960 361 2067
361 1960 2067
2067 361 1960
600 537 2432
2432 537 600
537 600 2432
2668 2238 2334
2238 2334 2668
2334 2238 2668
453 458 913
458 453 913
913 453 458
764 449 1029
449 764 1029
1029 449 764
1304 2074 2355
2074 1304 2355
2355 1304 2074
1270 470 1720
1720 470 1270
470 1270 1720
535 802 2145
802 535 2145
2145 535 802
2778 1208 2412
1208 2412 2778
2412 1208 2778
605 1252 2392
1252 605 2392
2392 605 1252
472 1296 1718
1296 472 1718
1718 472 1296
2304 731 1925
1925 731 2304
731 1925 2304
794 1159 2528
1159 794 2528
2528 794 1159
40 387 1702
1702 40 387
387 40 1702
2645 2142 2514
2142 2514 2645
2514 2142 2645
757 417 2569
2569 417 757
417 757 2569
2418 616 2601
2601 616 2418
616 2418 2601
1970 174 680
174 680 1970
680 174 1970
986 1690 2727
1690 986 2727
2727 986 1690
628 2349 2872
2872 628 2349
2349 628 2872
1710 1536 2223
1536 1710 2223
2223 1536 1710
2247 11 2180
11 2180 2247
2180 11 2247
1061 1128 1712
1128 1061 1712
1712 1061 1128
1191 1480 2653
1480 1191 2653
2653 1191 1480
2503 903 2775
903 2503 2775
2775 903 2503
28 421 1502
421 28 1502
1502 28 421
5 1858 2561
1858 5 2561
2561 5 1858
2908 2427 2873
2873 2427 2908
2427 2873 2908
2 2306 2641
2641 2 2306
2306 2 2641
2100 938 1395
938 1395 2100
1395 938 2100
837 1116 2522
1116 837 2522
2522 837 1116
538 238 2214
2214 238 538
238 538 2214
546 1012 2464
1012 546 2464
2464 546 1012
1133 1212 2070
2070 1133 1212
1212 1133 2070
1990 909 2342
2342 909 1990
909 1990 2342
1816 484 830
484 830 1816
830 484 1816
109 552 2529
552 109 2529
2529 109 552
465 177 357
177 357 465
357 177 465
1148 2095 2550
2095 1148 2550
2550 1148 2095
2766 865 1427
865 1427 2766
1427 865 2766
1978 8 1823
8 1823 1978
1823 8 1978
2848 2036 2316
2316 2036 2848
2036 2316 2848
2760 1650 1881
1650 1881 2760
1881 1650 2760
2796 30 139
139 30 2796
30 139 2796
311 2423 2460
2460 311 2423
2423 311 2460
2819 1392 2887
1392 2819 2887
2887 1392 2819
1195 1929 2735
1929 1195 2735
2735 1195 1929
1568 70 2451
70 1568 2451
2451 70 1568
1339 2508 2591
2591 1339 2508
2508 1339 2591
2857 1733 2370
1733 2370 2857
2370 1733 2857
2608 1310 1767
1767 1310 2608
1310 1767 2608
2112 232 1738
1738 232 2112
232 1738 2112
2330 883 1056
883 1056 2330
1056 883 2330
1325 1013 1770
1013 1325 1770
1770 1013 1325
1423 1090 1764
1090 1423 1764
1764 1090 1423
207 793 1648
793 207 1648
1648 207 793
1852 847 1413
847 1413 1852
1413 847 1852
2014 2786 2809
2786 2014 2809
2809 2014 2786
662 1293 2793
1293 662 2793
2793 662 1293
1693 219 906
906 219 1693
219 906 1693
415 39 667
39 415 667
667 39 415
917 951 2186
2186 917 951
951 917 2186
2384 290 2842
2842 290 2384
290 2384 2842
2482 2018 2189
2189 2018 2482
2018 2189 2482
2935 766 1538
1538 766 2935
766 1538 2935
1421 2219 2248
2248 1421 2219
2219 1421 2248
2594 952 1172
1172 952 2594
952 1172 2594
1906 1006 2937
2937 1006 1906
1006 1906 2937
285 1748 2402
2402 285 1748
1748 285 2402
2548 241 992
241 992 2548
992 241 2548
1121 1654 2889
1654 1121 2889
2889 1121 1654
408 881 2063
881 408 2063
2063 408 881
1398 987 2728
2728 987 1398
987 1398 2728
2194 727 1549
1549 727 2194
727 1549 2194
1146 1052 1616
1616 1052 1146
1052 1146 1616
1941 1313 2083
1313 1941 2083
2083 1313 1941
1671 283 545
545 283 1671
283 545 1671
1793 1561 2021
2021 1561 1793
1561 1793 2021
2827 650 1497
650 1497 2827
1497 650 2827
2176 895 1786
895 1786 2176
1786 895 2176
1967 1540 1866
1866 1540 1967
1540 1866 1967
2954 1717 2931
1717 2931 2954
2931 1717 2954
2106 1154 2430
1154 2106 2430
2430 1154 2106
2639 1289 1352
1289 1352 2639
1352 1289 2639
1691 2084 2321
2321 1691 2084
2084 1691 2321
2595 796 2884
2884 796 2595
796 2595 2884
2452 944 2549
2549 944 2452
944 2452 2549
2009 514 688
688 514 2009
514 688 2009
2765 404 937
937 404 2765
404 937 2765
494 780 1579
1579 494 780
780 494 1579
2411 91 2585
91 2411 2585
2585 91 2411
2283 1800 2540
1800 2283 2540
2540 1800 2283
564 999 1380
999 564 1380
1380 564 999
2110 1278 2152
2152 1278 2110
1278 2110 2152
2474 998 1997
998 1997 2474
1997 998 2474
822 1279 1544
1279 822 1544
1544 822 1279
2210 1377 2611
1377 2210 2611
2611 1377 2210
2260 1282 2802
2802 1282 2260
1282 2260 2802
1756 532 2771
532 1756 2771
2771 532 1756
890 956 2465
956 890 2465
2465 890 956
2761 525 2160
2160 525 2761
525 2160 2761
251 663 2962
663 251 2962
2962 251 663
229 2422 2492
2422 229 2492
2492 229 2422
1835 436 1064
436 1064 1835
1064 436 1835
1740 203 1001
203 1001 1740
1001 203 1740
1677 831 1170
1170 831 1677
831 1170 1677
631 962 2155
962 631 2155
2155 631 962
1851 500 1236
1236 500 1851
500 1236 1851
1228 943 2990
2990 943 1228
943 1228 2990
2002 1876 2043
2043 1876 2002
1876 2002 2043
1032 246 2146
2146 246 1032
246 1032 2146
1038 1345 2943
2943 1038 1345
1345 1038 2943
2951 81 1647
81 1647 2951
1647 81 2951
2486 547 2978
547 2486 2978
2978 547 2486
560 2171 2454
2171 560 2454
2454 560 2171
2372 678 775
775 678 2372
678 775 2372
743 1625 2690
1625 743 2690
2690 743 1625
2243 467 2314
2314 467 2243
467 2243 2314
2231 400 985
400 985 2231
985 400 2231
2284 982 2147
2147 982 2284
982 2147 2284
1972 638 671
671 638 1972
638 671 1972
1108 2471 2574
2574 1108 2471
2471 1108 2574
1315 684 2966
684 1315 2966
2966 684 1315
2275 1522 1849
1849 1522 2275
1522 1849 2275
922 882 2979
882 922 2979
2979 882 922
493 1457 1513
1513 493 1457
1457 493 1513
249 318 1076
1076 249 318
318 249 1076
621 1297 1792
1792 621 1297
1297 621 1792
2333 1592 2201
1592 2201 2333
2201 1592 2333
1107 2065 2317
2065 1107 2317
2317 1107 2065
581 2270 2577
2270 581 2577
2577 581 2270
423 1446 1994
1994 423 1446
1446 423 1994
1864 855 2749
855 1864 2749
