25541 2676 11379
2676 11379 25541
11379 2676 25541
15537 16133 28027
16133 15537 28027
28027 15537 16133
18714 26739 27697
27697 18714 26739
26739 18714 27697
9430 6415 24129
24129 6415 9430
6415 9430 24129
12843 12624 21025
12624 12843 21025
21025 12624 12843
12851 4815 29289
4815 12851 29289
29289 4815 12851
29266 15021 16407
15021 16407 29266
16407 15021 29266
21979 16608 24158
24158 16608 21979
16608 21979 24158
6050 8279 14867
14867 6050 8279
8279 6050 14867
27706 22203 29817
22203 27706 29817
29817 22203 27706
25148 20716 26365
26365 20716 25148
20716 25148 26365
8562 1475 12774
12774 1475 8562
1475 8562 12774
51 15190 19598
19598 51 15190
15190 51 19598
26870 5350 8396
5350 8396 26870
8396 5350 26870
15433 14667 27597
14667 15433 27597
27597 14667 15433
6628 5459 13988
5459 6628 13988
13988 5459 6628
12507 1748 5347
1748 5347 12507
5347 1748 12507
4980 19703 27192
27192 4980 19703
19703 4980 27192
19056 1871 4252
4252 1871 19056
1871 4252 19056
972 324 17129
17129 324 972
324 972 17129
12707 17845 21239
21239 12707 17845
17845 12707 21239
23806 4199 17089
4199 17089 23806
17089 4199 23806
9604 168 13955
168 9604 13955
13955 168 9604
9080 12333 24474
24474 9080 12333
12333 9080 24474
3850 4864 25269
25269 3850 4864
4864 3850 25269
29134 12881 19368
19368 12881 29134
12881 19368 29134
1101 2954 16227
2954 1101 16227
16227 1101 2954
27083 7163 16020
7163 16020 27083
16020 7163 27083
1701 15120 25667
15120 1701 25667
25667 1701 15120
11548 483 533
533 483 11548
483 533 11548
18537 16948 29900
29900 16948 18537
16948 18537 29900
8232 17461 20625
20625 8232 17461
17461 8232 20625
4154 16493 18880
18880 4154 16493
16493 4154 18880
250 3356 16662
16662 250 3356
3356 250 16662
18190 18362 21683
18362 18190 21683
21683 18190 18362
2158 22457 29873
29873 2158 22457
22457 2158 29873
7528 20807 22861
22861 7528 20807
20807 7528 22861
29111 3519 10654
3519 10654 29111
10654 3519 29111
14154 105 23905
23905 105 14154
105 14154 23905
23951 19291 22127
19291 22127 23951
22127 19291 23951
9059 3504 14526
14526 3504 9059
3504 9059 14526
4368 1036 14311
1036 4368 14311
14311 1036 4368
17736 11378 29351
29351 11378 17736
11378 17736 29351
20738 12329 28693
12329 20738 28693
28693 12329 20738
5086 7018 25164
25164 5086 7018
7018 5086 25164
26460 6522 23636
6522 23636 26460
23636 6522 26460
27063 5591 29907
29907 5591 27063
5591 27063 29907
11765 554 17850
17850 554 11765
554 11765 17850
16819 18258 18477
18258 16819 18477
18477 16819 18258
29402 170 11512
11512 170 29402
170 11512 29402
5642 12977 26912
26912 5642 12977
12977 5642 26912
26749 3755 22791
3755 22791 26749
22791 3755 26749
29144 2345 29433
2345 29144 29433
29433 2345 29144
8821 15932 19288
15932 8821 19288
19288 8821 15932
28953 13769 28852
28852 13769 28953
13769 28852 28953
12007 1077 26554
26554 1077 12007
1077 12007 26554
16317 8438 26857
26857 8438 16317
8438 16317 26857
3292 7690 25865
25865 3292 7690
7690 3292 25865
11618 15923 16157
15923 11618 16157
16157 11618 15923
26570 6421 22418
22418 6421 26570
6421 22418 26570
4498 10482 28401
10482 4498 28401
28401 4498 10482
3741 16885 19319
19319 3741 16885
16885 3741 19319
28405 12993 16930
16930 12993 28405
12993 16930 28405
27662 7978 22345
22345 7978 27662
7978 22345 27662
17176 14898 28630
28630 14898 17176
14898 17176 28630
26097 6734 27814
27814 6734 26097
6734 26097 27814
10632 13910 14187
13910 10632 14187
14187 10632 13910
15653 10518 12190
10518 12190 15653
12190 10518 15653
15570 23100 29449
23100 15570 29449
29449 15570 23100
28573 5136 8323
8323 5136 28573
5136 8323 28573
27921 3812 28527
28527 3812 27921
3812 27921 28527
2241 1410 25253
1410 2241 25253
25253 1410 2241
15401 13922 19526
19526 13922 15401
13922 15401 19526
18463 12837 26063
26063 12837 18463
12837 18463 26063
27037 3523 22626
22626 3523 27037
3523 22626 27037
4661 8580 29093
29093 4661 8580
8580 4661 29093
10215 11491 15371
11491 10215 15371
15371 10215 11491
7963 9297 11899
9297 7963 11899
11899 7963 9297
830 7473 16612
16612 830 7473
7473 830 16612
28285 1806 18270
18270 1806 28285
1806 18270 28285
13129 6068 6919
6919 6068 13129
6068 6919 13129
11920 18148 21677
18148 11920 21677
21677 11920 18148
8797 7884 8461
8461 7884 8797
7884 8461 8797
13162 10526 20682
10526 13162 20682
20682 10526 13162
6541 4761 14208
14208 4761 6541
4761 6541 14208
26909 25708 26379
25708 26379 26909
26379 25708 26909
4737 10038 18403
10038 4737 18403
18403 4737 10038
21536 3653 16138
16138 3653 21536
3653 16138 21536
14277 25938 28741
28741 14277 25938
25938 14277 28741
17778 21484 28581
21484 17778 28581
28581 17778 21484
7707 17236 23111
23111 7707 17236
17236 7707 23111
26538 8817 24381
8817 24381 26538
24381 8817 26538
23797 17642 19175
17642 19175 23797
19175 17642 23797
19159 8036 18655
8036 18655 19159
18655 8036 19159
29303 18039 19692
18039 19692 29303
19692 18039 29303
24056 12737 21640
21640 12737 24056
12737 21640 24056
4249 15469 21695
15469 4249 21695
21695 4249 15469
5491 2060 11922
2060 5491 11922
11922 2060 5491
12393 9285 18702
9285 12393 18702
18702 9285 12393
21259 3929 12469
12469 3929 21259
3929 12469 21259
25562 1772 7371
7371 1772 25562
1772 7371 25562
332 12562 22651
22651 332 12562
12562 332 22651
17075 2935 17446
2935 17075 17446
17446 2935 17075
29746 3411 15607
15607 3411 29746
3411 15607 29746
29974 16798 23959
16798 23959 29974
23959 16798 29974
1255 923 4861
923 1255 4861
4861 923 1255
16261 23710 29426
23710 16261 29426
29426 16261 23710
28388 3087 10459
10459 3087 28388
3087 10459 28388
10260 22896 23875
22896 10260 23875
23875 10260 22896
29263 4570 23994
4570 23994 29263
23994 4570 29263
25731 9352 27371
9352 25731 27371
27371 9352 25731
20710 6159 24488
6159 20710 24488
24488 6159 20710
19970 5869 18473
18473 5869 19970
5869 18473 19970
1790 10703 13456
13456 1790 10703
10703 1790 13456
26274 12829 12903
12829 12903 26274
12903 12829 26274
15877 10239 27383
27383 10239 15877
10239 15877 27383
8581 5635 17259
17259 5635 8581
5635 8581 17259
29153 13110 26622
13110 26622 29153
26622 13110 29153
1571 9072 18967
9072 1571 18967
18967 1571 9072
20591 2428 15020
2428 15020 20591
15020 2428 20591
25104 16165 21014
16165 21014 25104
21014 16165 25104
26756 9827 17817
9827 17817 26756
17817 9827 26756
13974 6166 18157
18157 6166 13974
6166 13974 18157
26818 26717 27794
27794 26717 26818
26717 26818 27794
19349 2855 25776
25776 2855 19349
2855 19349 25776
14235 4207 28929
4207 14235 28929
28929 4207 14235
19290 1490 9670
1490 9670 19290
9670 1490 19290
7179 25238 26678
25238 7179 26678
26678 7179 25238
6271 11625 23811
11625 6271 23811
23811 6271 11625
26099 2420 5891
5891 2420 26099
2420 5891 26099
10159 15001 16533
16533 10159 15001
15001 10159 16533
3612 3520 8578
3520 3612 8578
8578 3520 3612
9811 7092 28208
7092 9811 28208
28208 7092 9811
22222 17941 20751
17941 20751 22222
20751 17941 22222
19343 10309 28793
28793 10309 19343
10309 19343 28793
26485 14931 15794
14931 15794 26485
15794 14931 26485
18509 17597 24745
17597 18509 24745
24745 17597 18509
5082 10694 17311
10694 5082 17311
17311 5082 10694
5616 5714 25930
25930 5616 5714
5714 5616 25930
4909 158 13114
13114 158 4909
158 4909 13114
5905 5219 10759
5219 5905 10759
10759 5219 5905
28263 16518 19636
16518 19636 28263
19636 16518 28263
16917 2195 17243
17243 2195 16917
2195 16917 17243
562 18145 27861
27861 562 18145
18145 562 27861
28490 10133 10763
10763 10133 28490
10133 10763 28490
19665 7470 8340
8340 7470 19665
7470 8340 19665
23557 1914 27849
1914 23557 27849
27849 1914 23557
2970 2247 23820
23820 2247 2970
2247 2970 23820
19950 2299 10047
10047 2299 19950
2299 10047 19950
28851 27439 28762
27439 28762 28851
28762 27439 28851
19916 272 15427
272 15427 19916
15427 272 19916
23259 2332 21596
21596 2332 23259
2332 21596 23259
25697 5711 13469
13469 5711 25697
5711 13469 25697
21423 19747 24661
19747 21423 24661
24661 19747 21423
16748 18462 18824
18824 16748 18462
18462 16748 18824
12930 10018 11453
10018 11453 12930
11453 10018 12930
26965 22234 26356
22234 26356 26965
26356 22234 26965
13899 2772 23045
23045 2772 13899
2772 13899 23045
18688 15424 21602
15424 18688 21602
21602 15424 18688
7400 8264 10384
8264 7400 10384
10384 7400 8264
6962 15584 26906
26906 6962 15584
15584 6962 26906
3181 5201 29484
5201 3181 29484
29484 3181 5201
7389 23513 25348
25348 7389 23513
23513 7389 25348
1672 8448 26426
8448 1672 26426
26426 1672 8448
2793 10417 16386
16386 2793 10417
10417 2793 16386
11439 6698 8980
6698 8980 11439
8980 6698 11439
28019 9636 28011
28011 9636 28019
9636 28011 28019
28305 18365 19766
18365 19766 28305
19766 18365 28305
20599 17947 28804
17947 20599 28804
28804 17947 20599
27658 15195 22972
22972 15195 27658
15195 22972 27658
14642 7032 7267
7032 7267 14642
7267 7032 14642
4030 914 25073
914 4030 25073
25073 914 4030
10353 1751 29124
29124 1751 10353
1751 10353 29124
10993 11090 24568
11090 10993 24568
24568 10993 11090
11891 14135 26714
14135 11891 26714
26714 11891 14135
20515 20785 24307
20785 20515 24307
24307 20515 20785
20739 18436 25427
25427 18436 20739
18436 20739 25427
1196 4424 8324
8324 1196 4424
4424 1196 8324
15700 1851 21697
1851 15700 21697
21697 1851 15700
15344 8789 11737
11737 8789 15344
8789 11737 15344
17981 13844 26573
13844 17981 26573
26573 13844 17981
7110 17725 24684
17725 7110 24684
24684 7110 17725
3041 2071 25480
2071 3041 25480
25480 2071 3041
24874 8196 9289
8196 9289 24874
9289 8196 24874
23102 5394 12599
5394 12599 23102
12599 5394 23102
5050 13909 22122
13909 5050 22122
22122 5050 13909
24935 3867 20044
3867 20044 24935
20044 3867 24935
1030 5125 17876
5125 1030 17876
17876 1030 5125
12576 12187 29514
12187 12576 29514
29514 12187 12576
5408 14962 26679
26679 5408 14962
14962 5408 26679
2840 1908 9699
9699 1908 2840
1908 2840 9699
19966 1780 10895
1780 10895 19966
10895 1780 19966
24401 16970 28677
16970 24401 28677
28677 16970 24401
4411 225 16709
16709 225 4411
225 4411 16709
7678 7726 24816
24816 7678 7726
7726 7678 24816
24795 11394 25487
11394 24795 25487
25487 11394 24795
8903 11135 19934
11135 8903 19934
19934 8903 11135
14348 16197 27883
16197 14348 27883
27883 14348 16197
4119 5856 18544
5856 4119 18544
18544 4119 5856
1713 1181 13655
1181 1713 13655
13655 1181 1713
25404 3858 29616
3858 25404 29616
29616 3858 25404
7970 7229 24622
7229 7970 24622
24622 7229 7970
4955 2022 3446
3446 2022 4955
2022 3446 4955
17324 470 1506
1506 470 17324
470 1506 17324
21272 2095 26544
2095 21272 26544
26544 2095 21272
6216 954 27186
27186 954 6216
954 6216 27186
28431 8301 23312
8301 23312 28431
23312 8301 28431
28295 20260 23440
23440 20260 28295
20260 23440 28295
9089 11145 21236
21236 9089 11145
11145 9089 21236
22612 10474 29499
29499 10474 22612
10474 22612 29499
10664 2782 22851
2782 10664 22851
22851 2782 10664
25181 16945 19013
19013 16945 25181
16945 19013 25181
22954 6275 10662
6275 10662 22954
10662 6275 22954
12872 5806 26663
26663 5806 12872
5806 12872 26663
28366 4201 16343
16343 4201 28366
4201 16343 28366
14102 13830 13882
13830 13882 14102
13882 13830 14102
15441 2182 10805
10805 2182 15441
2182 10805 15441
10266 18122 19372
19372 10266 18122
18122 10266 19372
28216 3440 21896
21896 3440 28216
3440 21896 28216
1433 13962 28926
28926 1433 13962
13962 1433 28926
1966 19730 27011
27011 1966 19730
19730 1966 27011
7413 7514 15103
15103 7413 7514
7514 7413 15103
8000 4070 13562
4070 8000 13562
13562 4070 8000
8027 4062 7287
4062 7287 8027
7287 4062 8027
4447 10856 12947
12947 4447 10856
10856 4447 12947
6765 9136 27923
27923 6765 9136
9136 6765 27923
21641 20176 27684
20176 21641 27684
27684 20176 21641
4238 6484 7441
6484 4238 7441
7441 4238 6484
7794 8382 25151
8382 7794 25151
25151 7794 8382
17789 9526 25357
25357 9526 17789
9526 17789 25357
893 98 3194
98 893 3194
3194 98 893
15565 1896 8360
8360 1896 15565
1896 8360 15565
5720 8663 11459
11459 5720 8663
8663 5720 11459
25821 5397 9898
9898 5397 25821
5397 9898 25821
28546 9679 12466
9679 12466 28546
12466 9679 28546
10051 8949 26985
8949 10051 26985
26985 8949 10051
26163 10319 26674
10319 26163 26674
26674 10319 26163
16689 7584 18011
7584 16689 18011
18011 7584 16689
19479 21157 28262
28262 19479 21157
21157 19479 28262
15467 5020 21124
21124 5020 15467
5020 15467 21124
29830 4384 12383
4384 12383 29830
12383 4384 29830
24883 8552 17246
17246 8552 24883
8552 17246 24883
27690 21805 27655
21805 27655 27690
27655 21805 27690
6383 6795 28472
28472 6383 6795
6795 6383 28472
14938 1219 4024
4024 1219 14938
1219 4024 14938
26657 25547 29550
25547 26657 29550
29550 25547 26657
28978 17986 24482
17986 24482 28978
24482 17986 28978
3901 1054 24916
1054 3901 24916
24916 1054 3901
27829 9719 15152
15152 9719 27829
9719 15152 27829
24238 21729 24599
21729 24238 24599
24599 21729 24238
17505 7729 28557
7729 17505 28557
28557 7729 17505
25199 4553 8261
8261 4553 25199
4553 8261 25199
5158 8698 24559
24559 5158 8698
8698 5158 24559
1047 12673 23594
23594 1047 12673
12673 1047 23594
14113 9831 27611
27611 9831 14113
9831 14113 27611
24442 17426 29782
17426 24442 29782
29782 17426 24442
23670 3970 23852
3970 23670 23852
23852 3970 23670
8128 26842 26933
26842 8128 26933
26933 8128 26842
15867 17297 29003
29003 15867 17297
17297 15867 29003
14346 9901 20641
9901 14346 20641
20641 9901 14346
22572 2520 17198
17198 2520 22572
2520 17198 22572
14896 6342 6465
6465 6342 14896
6342 6465 14896
1362 13752 27355
13752 1362 27355
27355 1362 13752
15019 15456 29497
29497 15019 15456
15456 15019 29497
4254 17377 24785
17377 4254 24785
24785 4254 17377
20204 8083 13299
13299 8083 20204
8083 13299 20204
1006 3942 13935
3942 1006 13935
13935 1006 3942
25891 1942 13455
13455 1942 25891
1942 13455 25891
22225 10490 19799
10490 19799 22225
19799 10490 22225
17791 5933 10439
10439 5933 17791
5933 10439 17791
24899 18142 19988
18142 19988 24899
19988 18142 24899
11107 16530 20524
16530 11107 20524
20524 11107 16530
21205 2338 21136
21136 2338 21205
2338 21136 21205
13829 4076 9802
9802 4076 13829
4076 9802 13829
21288 9398 12603
9398 12603 21288
12603 9398 21288
19659 3527 19261
19261 3527 19659
3527 19261 19659
20225 28837 29299
29299 20225 28837
28837 20225 29299
26447 8656 26863
8656 26447 26863
26863 8656 26447
17456 4770 27308
4770 17456 27308
27308 4770 17456
15124 20958 21324
21324 15124 20958
20958 15124 21324
27014 4504 20838
4504 20838 27014
20838 4504 27014
23731 19541 23001
19541 23001 23731
23001 19541 23731
22077 20210 20570
20570 20210 22077
20210 20570 22077
2065 14381 21763
21763 2065 14381
14381 2065 21763
14216 5948 16599
5948 14216 16599
16599 5948 14216
5018 13682 21286
13682 5018 21286
21286 5018 13682
1648 15197 16975
16975 1648 15197
15197 1648 16975
293 3956 17783
3956 293 17783
17783 293 3956
17050 13093 21029
13093 17050 21029
21029 13093 17050
27852 11870 19909
11870 19909 27852
19909 11870 27852
20585 24988 28833
24988 20585 28833
28833 20585 24988
16671 2791 13283
13283 2791 16671
2791 13283 16671
6091 316 28512
316 6091 28512
28512 316 6091
21667 12626 27682
12626 21667 27682
27682 12626 21667
10735 27180 29786
27180 10735 29786
29786 10735 27180
28128 26366 27877
26366 27877 28128
27877 26366 28128
24781 18890 19192
19192 18890 24781
18890 19192 24781
14691 10814 22354
22354 10814 14691
10814 14691 22354
139 8540 17055
17055 139 8540
8540 139 17055
26149 7811 11228
7811 11228 26149
11228 7811 26149
19990 4710 10201
10201 4710 19990
4710 10201 19990
20683 24637 28823
28823 20683 24637
24637 20683 28823
13902 1653 16505
1653 13902 16505
16505 1653 13902
10924 12787 22188
12787 10924 22188
22188 10924 12787
1689 629 21929
629 1689 21929
21929 629 1689
14223 1232 25068
25068 1232 14223
1232 14223 25068
27675 5553 18739
5553 18739 27675
18739 5553 27675
1820 26160 29643
26160 1820 29643
29643 1820 26160
17728 17568 23133
23133 17568 17728
17568 17728 23133
27060 24597 25518
25518 24597 27060
24597 25518 27060
18792 5601 28731
28731 5601 18792
5601 18792 28731
1984 13030 26877
26877 1984 13030
13030 1984 26877
17395 10833 26313
26313 10833 17395
10833 17395 26313
16476 3377 29077
3377 16476 29077
29077 3377 16476
14997 3806 27999
3806 14997 27999
27999 3806 14997
9508 10801 12398
10801 9508 12398
12398 9508 10801
11438 10202 10520
10202 10520 11438
10520 10202 11438
8951 6269 27880
6269 8951 27880
27880 6269 8951
12160 11796 17098
11796 12160 17098
17098 11796 12160
29030 6520 7035
7035 6520 29030
6520 7035 29030
9922 6867 26228
6867 9922 26228
26228 6867 9922
23240 17560 28433
17560 23240 28433
28433 17560 23240
3726 3945 28730
28730 3726 3945
3945 3726 28730
3804 19994 28759
28759 3804 19994
19994 3804 28759
19770 2460 9685
2460 9685 19770
9685 2460 19770
6256 11807 25918
25918 6256 11807
11807 6256 25918
18767 6407 17188
17188 6407 18767
6407 17188 18767
18381 1624 29091
1624 18381 29091
29091 1624 18381
2115 222 26945
222 2115 26945
26945 222 2115
22046 2680 12956
2680 12956 22046
12956 2680 22046
20603 17945 29590
17945 20603 29590
29590 17945 20603
15059 10415 11911
11911 10415 15059
10415 11911 15059
28961 11285 20688
20688 11285 28961
11285 20688 28961
18217 4193 29161
4193 18217 29161
29161 4193 18217
2209 6423 29722
29722 2209 6423
6423 2209 29722
27202 21833 25374
25374 21833 27202
21833 25374 27202
10067 5602 13653
13653 5602 10067
5602 10067 13653
6054 815 1553
1553 815 6054
815 1553 6054
17434 2828 22098
2828 17434 22098
22098 2828 17434
28781 10247 23062
23062 10247 28781
10247 23062 28781
20154 2502 12491
12491 2502 20154
2502 12491 20154
28699 21050 24737
24737 21050 28699
21050 24737 28699
11756 14332 23999
14332 11756 23999
23999 11756 14332
17674 15294 29273
15294 17674 29273
29273 15294 17674
14707 7115 19700
19700 7115 14707
7115 14707 19700
25069 2499 25825
25825 2499 25069
2499 25069 25825
3112 21879 22076
21879 3112 22076
22076 3112 21879
22106 18873 27366
27366 18873 22106
18873 22106 27366
9049 8453 19756
8453 9049 19756
19756 8453 9049
29459 18572 26516
26516 18572 29459
18572 26516 29459
8064 15383 15450
15450 8064 15383
15383 8064 15450
13912 16687 27084
16687 13912 27084
27084 13912 16687
5134 8888 22801
22801 5134 8888
8888 5134 22801
17518 9012 12162
12162 9012 17518
9012 12162 17518
7139 12548 13074
12548 7139 13074
13074 7139 12548
1315 17652 24190
24190 1315 17652
17652 1315 24190
12056 2579 8820
2579 8820 12056
8820 2579 12056
15380 6369 11927
11927 6369 15380
6369 11927 15380
6120 11426 25060
25060 6120 11426
11426 6120 25060
10561 14969 29745
29745 10561 14969
14969 10561 29745
21399 10661 25154
25154 10661 21399
10661 21399 25154
13537 20629 29862
20629 13537 29862
29862 13537 20629
17695 2401 14842
2401 14842 17695
14842 2401 17695
23196 8719 9466
9466 8719 23196
8719 9466 23196
19965 11295 11841
11841 11295 19965
11295 11841 19965
25887 5187 25589
5187 25589 25887
25589 5187 25887
14809 4186 7247
7247 4186 14809
4186 7247 14809
2864 14398 24289
24289 2864 14398
14398 2864 24289
18673 14826 27221
14826 18673 27221
27221 14826 18673
12639 5754 18559
18559 5754 12639
5754 12639 18559
20411 18382 22228
22228 18382 20411
18382 20411 22228
28531 1450 18533
18533 1450 28531
1450 18533 28531
29429 23990 26971
26971 23990 29429
23990 26971 29429
9205 10104 26725
26725 9205 10104
10104 9205 26725
16730 17907 18681
18681 16730 17907
17907 16730 18681
9228 16358 17486
16358 9228 17486
17486 9228 16358
17833 340 2932
340 2932 17833
2932 340 17833
27783 18037 20630
20630 18037 27783
18037 20630 27783
14756 22304 22839
22304 14756 22839
22839 14756 22304
23398 6336 11307
11307 6336 23398
6336 11307 23398
6791 3617 29258
29258 3617 6791
3617 6791 29258
25310 977 11880
11880 977 25310
977 11880 25310
20185 12680 27283
12680 20185 27283
27283 12680 20185
27960 25818 26191
25818 26191 27960
26191 25818 27960
25481 3045 21578
3045 21578 25481
21578 3045 25481
16117 25395 26743
25395 16117 26743
26743 16117 25395
10348 11776 27589
27589 10348 11776
11776 10348 27589
28766 4679 29343
29343 4679 28766
4679 28766 29343
14134 5229 7869
5229 7869 14134
7869 5229 14134
27584 2613 26599
2613 26599 27584
26599 2613 27584
21946 13265 27081
13265 21946 27081
27081 13265 21946
11252 25677 28253
28253 11252 25677
25677 11252 28253
9631 6815 9022
6815 9022 9631
9022 6815 9631
28485 14364 17625
17625 14364 28485
14364 17625 28485
12181 3939 24911
3939 12181 24911
24911 3939 12181
29602 5609 17477
5609 17477 29602
17477 5609 29602
27225 16038 27594
27594 16038 27225
16038 27225 27594
9688 5465 14460
5465 9688 14460
14460 5465 9688
13757 3984 24184
3984 13757 24184
24184 3984 13757
24171 260 6045
6045 260 24171
260 6045 24171
4821 5867 17119
5867 4821 17119
17119 4821 5867
2079 16646 28649
16646 2079 28649
28649 2079 16646
18360 26619 28214
26619 18360 28214
28214 18360 26619
24861 5048 9167
5048 9167 24861
9167 5048 24861
13987 7425 24315
24315 7425 13987
7425 13987 24315
22255 917 28125
28125 917 22255
917 22255 28125
14371 9370 13251
9370 13251 14371
13251 9370 14371
8700 10176 26651
26651 8700 10176
10176 8700 26651
11846 1948 25247
1948 11846 25247
25247 1948 11846
10074 83 18850
83 10074 18850
18850 83 10074
16453 11419 17017
11419 16453 17017
17017 11419 16453
6664 10270 15876
15876 6664 10270
10270 6664 15876
16836 14479 21752
14479 16836 21752
21752 14479 16836
17604 7050 20205
7050 17604 20205
20205 7050 17604
1909 16597 26621
26621 1909 16597
16597 1909 26621
16470 23500 25413
25413 16470 23500
23500 16470 25413
15164 10150 10973
10150 10973 15164
10973 10150 15164
16060 8641 23417
23417 8641 16060
8641 16060 23417
25997 5695 15777
5695 15777 25997
15777 5695 25997
24447 24799 25240
25240 24447 24799
24799 24447 25240
22007 12405 14567
14567 12405 22007
12405 14567 22007
6545 6855 12665
6855 6545 12665
12665 6545 6855
8735 6059 23490
6059 8735 23490
23490 6059 8735
16680 13827 28562
13827 16680 28562
28562 13827 16680
14136 18454 21453
18454 14136 21453
21453 14136 18454
8276 1918 27777
27777 1918 8276
1918 8276 27777
2114 994 5775
5775 994 2114
994 2114 5775
28000 25101 27398
27398 25101 28000
25101 27398 28000
14599 8267 29501
29501 8267 14599
8267 14599 29501
24007 22323 22794
22794 22323 24007
22323 22794 24007
3922 25389 28632
25389 3922 28632
28632 3922 25389
8806 8970 15542
15542 8806 8970
8970 8806 15542
21461 12313 16785
12313 16785 21461
16785 12313 21461
1928 2952 12560
2952 1928 12560
12560 1928 2952
12417 6940 7205
7205 6940 12417
6940 7205 12417
2334 5216 7162
5216 2334 7162
7162 2334 5216
14512 15451 26701
15451 14512 26701
26701 14512 15451
22937 4631 19565
4631 19565 22937
19565 4631 22937
183 6171 18455
18455 183 6171
6171 183 18455
25545 2570 19386
2570 19386 25545
19386 2570 25545
28518 4157 17744
17744 4157 28518
4157 17744 28518
16472 10687 26123
26123 10687 16472
10687 16472 26123
20290 14019 18889
18889 14019 20290
14019 18889 20290
27213 31 18927
18927 31 27213
31 18927 27213
2427 10813 22438
10813 2427 22438
22438 2427 10813
5119 1643 4466
1643 4466 5119
4466 1643 5119
24815 19225 25936
19225 24815 25936
25936 19225 24815
5769 11417 21654
11417 5769 21654
21654 5769 11417
1076 23241 24722
23241 1076 24722
24722 1076 23241
28681 8729 10110
10110 8729 28681
8729 10110 28681
29000 5078 9755
5078 9755 29000
9755 5078 29000
377 11481 29098
29098 377 11481
11481 377 29098
3210 12199 24469
12199 3210 24469
24469 3210 12199
11303 10527 19053
10527 11303 19053
19053 10527 11303
6959 18283 24618
18283 6959 24618
24618 6959 18283
29690 19918 24777
24777 19918 29690
19918 24777 29690
4210 13249 25751
25751 4210 13249
13249 4210 25751
4160 1733 3702
3702 1733 4160
1733 3702 4160
21038 4872 13077
13077 4872 21038
4872 13077 21038
23906 25066 26002
25066 23906 26002
26002 23906 25066
3261 4750 12860
12860 3261 4750
4750 3261 12860
21665 3957 14368
3957 14368 21665
14368 3957 21665
21290 7143 25004
7143 21290 25004
25004 7143 21290
15567 16498 19430
19430 15567 16498
16498 15567 19430
16011 1944 19953
1944 16011 19953
19953 1944 16011
1644 2635 6334
2635 1644 6334
6334 1644 2635
18359 6563 19180
6563 18359 19180
19180 6563 18359
5007 6803 25225
25225 5007 6803
6803 5007 25225
5799 7891 20909
7891 5799 20909
20909 5799 7891
27559 7732 22510
22510 7732 27559
7732 22510 27559
16956 3677 6786
6786 3677 16956
3677 6786 16956
15106 21772 22062
22062 15106 21772
21772 15106 22062
28919 18687 27141
18687 27141 28919
27141 18687 28919
28274 8770 26347
26347 8770 28274
8770 26347 28274
22965 8998 18684
18684 8998 22965
8998 18684 22965
1843 2365 7601
2365 1843 7601
7601 1843 2365
10807 765 13174
13174 765 10807
765 10807 13174
17671 6223 12015
12015 6223 17671
6223 12015 17671
7558 6864 18479
6864 7558 18479
18479 6864 7558
520 16844 20914
20914 520 16844
16844 520 20914
17307 3918 4937
4937 3918 17307
3918 4937 17307
9684 15093 21394
21394 9684 15093
15093 9684 21394
7350 22475 23809
22475 7350 23809
23809 7350 22475
29742 20765 20964
20765 20964 29742
20964 20765 29742
25556 17691 21940
17691 21940 25556
21940 17691 25556
24840 16581 27039
27039 16581 24840
16581 24840 27039
13690 5596 27911
5596 13690 27911
27911 5596 13690
18602 3742 3842
3842 3742 18602
3742 3842 18602
1334 4151 5100
4151 1334 5100
5100 1334 4151
19063 8491 20155
8491 19063 20155
20155 8491 19063
23304 13840 28231
28231 13840 23304
13840 23304 28231
25334 5816 28825
5816 25334 28825
28825 5816 25334
21200 1652 3159
3159 1652 21200
1652 3159 21200
21214 16066 17077
17077 16066 21214
16066 17077 21214
7946 14838 28812
14838 7946 28812
28812 7946 14838
21193 23163 26926
26926 21193 23163
23163 21193 26926
21650 18573 21062
21062 18573 21650
18573 21062 21650
1508 1271 26563
1271 1508 26563
26563 1271 1508
25559 14077 16299
16299 14077 25559
14077 16299 25559
1331 2057 4139
4139 1331 2057
2057 1331 4139
9200 4484 17502
17502 4484 9200
4484 9200 17502
7997 17474 29642
17474 7997 29642
29642 7997 17474
658 184 21594
21594 184 658
184 658 21594
22795 8670 12448
12448 8670 22795
8670 12448 22795
15847 15236 16186
15236 15847 16186
16186 15236 15847
11266 1572 7763
1572 7763 11266
7763 1572 11266
29244 11713 14606
14606 11713 29244
11713 14606 29244
29150 13541 20172
13541 20172 29150
20172 13541 29150
734 1555 20409
1555 734 20409
20409 734 1555
11804 16590 18312
18312 11804 16590
16590 11804 18312
13020 18036 24662
18036 13020 24662
24662 13020 18036
17212 3618 24501
3618 17212 24501
24501 3618 17212
13733 10501 22140
10501 13733 22140
22140 10501 13733
11680 8325 29892
29892 8325 11680
8325 11680 29892
29310 13038 19264
19264 13038 29310
13038 19264 29310
10658 16295 19298
19298 10658 16295
16295 10658 19298
18065 5110 28074
5110 18065 28074
28074 5110 18065
9808 4751 18733
4751 9808 18733
18733 4751 9808
14721 2820 17495
2820 14721 17495
17495 2820 14721
15137 17459 18149
17459 15137 18149
18149 15137 17459
15221 2007 25894
25894 2007 15221
2007 15221 25894
14633 1889 29533
1889 14633 29533
29533 1889 14633
29316 2489 6631
6631 2489 29316
2489 6631 29316
22176 14908 27555
27555 14908 22176
14908 22176 27555
18425 518 21360
518 18425 21360
21360 518 18425
2590 10138 25382
10138 2590 25382
25382 2590 10138
27231 3955 15185
3955 15185 27231
15185 3955 27231
4771 15884 24389
15884 4771 24389
24389 4771 15884
16191 11860 19729
11860 16191 19729
19729 11860 16191
26429 199 24561
24561 199 26429
199 24561 26429
16156 17872 26795
17872 16156 26795
26795 16156 17872
6883 12314 23796
12314 6883 23796
23796 6883 12314
9609 1000 29809
1000 9609 29809
29809 1000 9609
13287 2962 19326
19326 2962 13287
2962 13287 19326
22576 9657 16368
9657 16368 22576
16368 9657 22576
19204 6580 15139
15139 6580 19204
6580 15139 19204
652 889 2310
889 652 2310
2310 652 889
22819 3330 5003
3330 5003 22819
5003 3330 22819
26200 21003 22042
21003 22042 26200
22042 21003 26200
26893 210 20425
210 20425 26893
20425 210 26893
475 22729 25321
22729 475 25321
25321 475 22729
12515 5361 23646
23646 5361 12515
5361 12515 23646
24073 18749 28633
18749 24073 28633
28633 18749 24073
23855 1575 21184
1575 21184 23855
21184 1575 23855
25711 9190 20548
20548 9190 25711
9190 20548 25711
19922 2736 5108
2736 5108 19922
5108 2736 19922
9904 10471 11401
11401 9904 10471
10471 9904 11401
29248 11856 23730
11856 23730 29248
23730 11856 29248
16325 6620 18645
6620 16325 18645
18645 6620 16325
12394 2295 11503
2295 11503 12394
11503 2295 12394
7818 18201 24524
24524 7818 18201
18201 7818 24524
27610 4943 13664
13664 4943 27610
4943 13664 27610
26078 9356 15136
9356 15136 26078
15136 9356 26078
12045 13081 21911
21911 12045 13081
13081 12045 21911
26158 6283 11654
6283 11654 26158
11654 6283 26158
20311 878 27493
27493 878 20311
878 20311 27493
6763 24150 26061
24150 6763 26061
26061 6763 24150
13104 1287 29330
1287 13104 29330
29330 1287 13104
6487 19749 28141
19749 6487 28141
28141 6487 19749
21779 4644 16634
16634 4644 21779
4644 16634 21779
11053 20443 27619
20443 11053 27619
27619 11053 20443
6854 19853 26319
26319 6854 19853
19853 6854 26319
19578 14912 23009
23009 14912 19578
14912 19578 23009
27937 1042 23686
23686 1042 27937
1042 23686 27937
11009 11743 29624
29624 11009 11743
11743 11009 29624
12764 17380 26166
17380 12764 26166
26166 12764 17380
22040 13270 19755
13270 19755 22040
19755 13270 22040
12946 7488 12411
7488 12411 12946
12411 7488 12946
25980 9345 13669
13669 9345 25980
9345 13669 25980
11822 1807 9433
9433 1807 11822
1807 9433 11822
5500 26958 28204
26958 5500 28204
28204 5500 26958
18280 4067 28736
28736 4067 18280
4067 18280 28736
11904 3248 9098
9098 3248 11904
3248 9098 11904
25034 12063 18050
12063 18050 25034
18050 12063 25034
18430 5603 5762
5603 5762 18430
5762 5603 18430
27480 1015 8350
1015 8350 27480
8350 1015 27480
20725 8052 26903
8052 20725 26903
26903 8052 20725
10210 435 28612
435 10210 28612
28612 435 10210
24333 1283 5932
5932 1283 24333
1283 5932 24333
20452 5537 22641
5537 20452 22641
22641 5537 20452
3247 13227 19796
19796 3247 13227
13227 3247 19796
14856 3385 23977
23977 3385 14856
3385 14856 23977
16950 2267 21051
2267 16950 21051
21051 2267 16950
5008 18902 21039
18902 5008 21039
21039 5008 18902
24108 3809 8647
3809 8647 24108
8647 3809 24108
28362 20854 28569
28569 20854 28362
20854 28362 28569
6738 21971 23598
21971 6738 23598
23598 6738 21971
27335 19278 20695
19278 20695 27335
20695 19278 27335
25657 8451 21144
21144 8451 25657
8451 21144 25657
10637 21492 24485
24485 10637 21492
21492 10637 24485
21099 13100 14893
14893 13100 21099
13100 14893 21099
29554 20846 25733
20846 25733 29554
25733 20846 29554
20849 9559 12238
12238 9559 20849
9559 12238 20849
19823 10690 28944
10690 19823 28944
28944 10690 19823
21949 3821 27823
3821 21949 27823
27823 3821 21949
26854 1661 27647
27647 1661 26854
1661 26854 27647
23810 13464 24919
13464 23810 24919
24919 13464 23810
28386 27026 28691
28691 27026 28386
27026 28386 28691
13945 370 24833
24833 370 13945
370 13945 24833
9996 11465 18174
11465 9996 18174
18174 9996 11465
5044 12296 15073
15073 5044 12296
12296 5044 15073
23816 486 20220
20220 486 23816
486 20220 23816
27803 1589 5380
1589 5380 27803
5380 1589 27803
13370 12540 27331
27331 12540 13370
12540 13370 27331
18503 2180 28958
2180 18503 28958
28958 2180 18503
16788 3857 27516
27516 3857 16788
3857 16788 27516
23499 689 17978
689 17978 23499
17978 689 23499
28483 6430 27340
6430 27340 28483
27340 6430 28483
16456 7624 9590
7624 9590 16456
9590 7624 16456
29129 5868 24830
5868 24830 29129
24830 5868 29129
24259 297 5633
297 5633 24259
5633 297 24259
27897 11714 23032
23032 11714 27897
11714 23032 27897
443 14600 29011
29011 443 14600
14600 443 29011
25835 18305 19229
18305 19229 25835
19229 18305 25835
5906 6847 17143
6847 5906 17143
17143 5906 6847
21501 11020 16251
11020 16251 21501
16251 11020 21501
19140 10613 14221
10613 14221 19140
14221 10613 19140
22719 3940 21669
3940 21669 22719
21669 3940 22719
23893 271 26044
26044 271 23893
271 23893 26044
25015 3863 24764
24764 3863 25015
3863 24764 25015
9120 10576 24917
24917 9120 10576
10576 9120 24917
16155 12869 22950
22950 12869 16155
12869 16155 22950
5312 19832 29078
19832 5312 29078
29078 5312 19832
2528 9444 26116
9444 2528 26116
26116 2528 9444
24409 3052 25542
25542 3052 24409
3052 24409 25542
9775 5888 18134
5888 9775 18134
18134 5888 9775
8654 6267 17374
17374 6267 8654
6267 8654 17374
20097 3731 27567
27567 3731 20097
3731 20097 27567
9850 12615 21195
12615 9850 21195
21195 9850 12615
8568 7467 26277
26277 7467 8568
7467 8568 26277
3030 8168 28794
8168 3030 28794
28794 3030 8168
7719 2376 19552
19552 2376 7719
2376 7719 19552
26069 19654 25248
19654 25248 26069
25248 19654 26069
1188 3904 28849
28849 1188 3904
3904 1188 28849
9869 6583 14213
14213 6583 9869
6583 9869 14213
21097 10965 16830
16830 10965 21097
10965 16830 21097
24783 11380 28249
28249 11380 24783
11380 24783 28249
22421 11335 28138
28138 11335 22421
11335 22421 28138
7501 1026 1515
1515 1026 7501
1026 1515 7501
9530 9571 11813
9571 9530 11813
11813 9530 9571
721 7782 27891
27891 721 7782
7782 721 27891
25770 1314 10360
10360 1314 25770
1314 10360 25770
14269 9577 23562
9577 14269 23562
23562 9577 14269
5480 13613 25718
13613 5480 25718
25718 5480 13613
24704 16080 22297
16080 22297 24704
22297 16080 24704
1510 16323 21397
16323 1510 21397
21397 1510 16323
11558 14393 26088
26088 11558 14393
14393 11558 26088
26600 10410 28050
10410 26600 28050
28050 10410 26600
20446 3644 26245
3644 20446 26245
26245 3644 20446
9457 4315 16233
4315 9457 16233
16233 4315 9457
17154 3676 29564
29564 3676 17154
3676 17154 29564
16541 3722 24005
3722 16541 24005
24005 3722 16541
28412 10971 21662
10971 21662 28412
21662 10971 28412
15375 19709 24362
24362 15375 19709
19709 15375 24362
27172 10515 13679
13679 10515 27172
10515 13679 27172
20556 4127 21685
4127 20556 21685
21685 4127 20556
8513 23587 24769
24769 8513 23587
23587 8513 24769
27871 12053 26369
12053 26369 27871
26369 12053 27871
23639 2897 20022
20022 2897 23639
2897 20022 23639
16190 11829 16412
16412 11829 16190
11829 16190 16412
1937 2346 13721
13721 1937 2346
2346 1937 13721
6822 350 17751
17751 350 6822
350 6822 17751
29143 4054 22841
4054 22841 29143
22841 4054 29143
1872 6985 24992
6985 1872 24992
24992 1872 6985
7862 15187 23104
23104 7862 15187
15187 7862 23104
17354 7008 18049
7008 17354 18049
18049 7008 17354
29731 2795 10325
2795 10325 29731
10325 2795 29731
19912 27324 27583
27324 19912 27583
27583 19912 27324
20389 936 29932
936 20389 29932
29932 936 20389
4324 3630 24398
24398 3630 4324
3630 4324 24398
25548 29820 29926
29926 25548 29820
29820 25548 29926
17559 21967 27660
27660 17559 21967
21967 17559 27660
864 1250 6694
1250 864 6694
6694 864 1250
5674 18554 22804
18554 5674 22804
22804 5674 18554
7479 1065 14391
1065 7479 14391
14391 1065 7479
21294 5452 25341
25341 5452 21294
5452 21294 25341
4907 28521 28724
28724 4907 28521
28521 4907 28724
8259 4729 23329
23329 4729 8259
4729 8259 23329
1318 4179 7472
4179 1318 7472
7472 1318 4179
23050 5455 21945
21945 5455 23050
5455 21945 23050
5087 6426 12217
6426 5087 12217
12217 5087 6426
21172 12605 27564
27564 12605 21172
12605 21172 27564
26332 7304 10340
10340 7304 26332
7304 10340 26332
692 19388 27857
27857 692 19388
19388 692 27857
16877 13216 29531
13216 16877 29531
29531 13216 16877
19509 5598 24405
24405 5598 19509
5598 19509 24405
23330 6645 9263
9263 6645 23330
6645 9263 23330
5578 13857 18952
18952 5578 13857
13857 5578 18952
5680 6056 27291
27291 5680 6056
6056 5680 27291
22028 20475 22843
22843 20475 22028
20475 22028 22843
2190 5067 7232
5067 2190 7232
7232 2190 5067
18017 180 1777
1777 180 18017
180 1777 18017
13498 7323 16494
7323 13498 16494
16494 7323 13498
794 11976 19716
11976 794 19716
19716 794 11976
26535 14792 21975
14792 21975 26535
21975 14792 26535
4812 20248 29395
20248 4812 29395
29395 4812 20248
1048 5009 21765
21765 1048 5009
5009 1048 21765
11574 11235 20540
20540 11235 11574
11235 11574 20540
27541 6445 24640
24640 6445 27541
6445 24640 27541
9774 5268 12003
5268 9774 12003
12003 5268 9774
11275 3637 6324
6324 3637 11275
3637 6324 11275
29374 11149 25162
25162 11149 29374
11149 25162 29374
21797 13823 17178
17178 13823 21797
13823 17178 21797
5793 4066 29694
4066 5793 29694
29694 4066 5793
5497 1765 13503
13503 1765 5497
1765 5497 13503
13413 19035 29317
29317 13413 19035
19035 13413 29317
19378 1072 28371
28371 1072 19378
1072 19378 28371
7919 13557 19293
19293 7919 13557
13557 7919 19293
4296 18520 18617
18617 4296 18520
18520 4296 18617
21310 16148 25603
16148 21310 25603
25603 16148 21310
14538 12168 12563
12168 12563 14538
12563 12168 14538
29569 21382 23787
21382 23787 29569
23787 21382 29569
12964 14868 26105
14868 12964 26105
26105 12964 14868
1489 2588 24652
24652 1489 2588
2588 1489 24652
9654 11116 15088
15088 9654 11116
11116 9654 15088
21072 827 13305
13305 827 21072
827 13305 21072
8658 19595 29697
19595 8658 29697
29697 8658 19595
28201 1616 5776
5776 1616 28201
1616 5776 28201
28047 4278 13594
13594 4278 28047
4278 13594 28047
3304 1622 7439
1622 3304 7439
7439 1622 3304
19342 3585 11964
3585 11964 19342
11964 3585 19342
28526 8076 13991
8076 13991 28526
13991 8076 28526
5732 11221 21982
11221 5732 21982
21982 5732 11221
17018 9078 17027
17027 9078 17018
9078 17018 17027
6946 4517 14010
14010 4517 6946
4517 6946 14010
10906 120 26504
120 10906 26504
26504 120 10906
16244 22226 24894
22226 16244 24894
24894 16244 22226
6526 5753 12649
5753 6526 12649
12649 5753 6526
12392 20365 25071
25071 12392 20365
20365 12392 25071
9222 11698 18568
18568 9222 11698
11698 9222 18568
22171 5615 22856
22856 5615 22171
5615 22171 22856
27232 9781 10057
10057 9781 27232
9781 10057 27232
3328 6796 25372
25372 3328 6796
6796 3328 25372
10551 1063 7105
7105 1063 10551
1063 7105 10551
28036 8263 19268
19268 8263 28036
8263 19268 28036
3706 1455 13274
13274 1455 3706
1455 3706 13274
6800 14038 15717
14038 6800 15717
15717 6800 14038
18226 1659 5555
1659 5555 18226
5555 1659 18226
22959 11962 24382
24382 11962 22959
11962 22959 24382
28449 11373 17580
11373 17580 28449
17580 11373 28449
25863 9149 16857
16857 9149 25863
9149 16857 25863
1819 26822 27519
26822 1819 27519
27519 1819 26822
22409 3536 7629
7629 3536 22409
3536 7629 22409
17118 12376 13885
12376 13885 17118
13885 12376 17118
25471 5289 13127
13127 5289 25471
5289 13127 25471
29422 2492 10778
2492 10778 29422
10778 2492 29422
15535 8390 12880
12880 8390 15535
8390 12880 15535
8819 22187 22352
22187 8819 22352
22352 8819 22187
28937 7648 18734
18734 7648 28937
7648 18734 28937
11270 6957 25987
6957 11270 25987
25987 6957 11270
1760 3297 20193
3297 1760 20193
20193 1760 3297
28598 731 25901
731 25901 28598
25901 731 28598
29475 10209 27137
27137 10209 29475
10209 27137 29475
18497 9548 18828
9548 18497 18828
18828 9548 18497
383 4371 10804
4371 383 10804
10804 383 4371
5473 5253 7332
5253 5473 7332
7332 5253 5473
8512 11085 14612
11085 8512 14612
14612 8512 11085
22220 5264 13401
5264 13401 22220
13401 5264 22220
6182 26322 28068
28068 6182 26322
26322 6182 28068
9985 11185 23928
11185 9985 23928
23928 9985 11185
10572 6110 20645
6110 10572 20645
20645 6110 10572
22404 9453 22845
22845 9453 22404
9453 22404 22845
7285 7988 8986
7988 7285 8986
8986 7285 7988
28014 1325 9313
1325 9313 28014
9313 1325 28014
5798 1440 5970
5970 1440 5798
1440 5798 5970
19470 3203 24037
24037 3203 19470
3203 19470 24037
22948 24 865
24 865 22948
865 24 22948
29329 3965 4892
4892 3965 29329
3965 4892 29329
25618 1121 10214
1121 10214 25618
10214 1121 25618
7004 17584 18722
17584 7004 18722
18722 7004 17584
16968 11100 20933
11100 16968 20933
20933 11100 16968
23698 14466 28985
28985 14466 23698
14466 23698 28985
6123 4011 11113
11113 4011 6123
4011 6123 11113
8029 4441 10587
10587 4441 8029
4441 8029 10587
11140 4782 20624
20624 4782 11140
4782 11140 20624
14557 26269 28667
26269 14557 28667
28667 14557 26269
13983 7964 8873
7964 8873 13983
8873 7964 13983
29264 485 27609
27609 485 29264
485 27609 29264
13275 15666 26514
15666 13275 26514
26514 13275 15666
14201 18756 28025
18756 14201 28025
28025 14201 18756
26571 18677 28280
28280 18677 26571
18677 26571 28280
23218 1757 12153
1757 12153 23218
12153 1757 23218
27742 22372 29691
22372 27742 29691
29691 22372 27742
1176 7206 29630
7206 1176 29630
29630 1176 7206
20835 620 22334
620 20835 22334
22334 620 20835
22956 14091 20920
14091 20920 22956
20920 14091 22956
29654 22422 28322
22422 28322 29654
28322 22422 29654
17006 2033 29772
29772 2033 17006
