17 188 264
264 17 188
188 17 264
108 139 196
139 108 196
196 108 139
58 15 265
15 58 265
265 15 58
111 226 250
250 111 226
226 111 250
115 69 127
69 115 127
127 69 115
140 55 273
273 55 140
55 140 273
290 146 156
156 146 290
146 156 290
84 128 296
128 84 296
296 84 128
284 119 251
251 119 284
119 251 284
5 19 159
19 5 159
159 5 19
221 45 224
45 221 224
224 45 221
283 4 46
4 46 283
46 4 283
294 18 65
65 18 294
18 65 294
252 11 89
11 89 252
89 11 252
183 117 241
117 183 241
241 117 183
253 77 262
77 253 262
262 77 253
233 121 151
121 151 233
151 121 233
216 37 105
105 37 216
37 105 216
177 21 161
21 161 177
161 21 177
185 44 174
44 174 185
174 44 185
173 123 133
133 123 173
123 133 173
220 176 289
289 176 220
176 220 289
272 184 214
184 214 272
214 184 272
249 36 54
36 54 249
54 36 249
248 43 281
281 43 248
43 248 281
35 114 219
114 35 219
219 35 114
30 103 157
103 30 157
157 30 103
261 56 71
71 56 261
56 71 261
132 1 167
1 132 167
167 1 132
181 142 215
215 142 181
142 181 215
74 104 227
227 74 104
104 74 227
282 93 192
192 93 282
93 192 282
23 136 195
136 23 195
195 23 136
246 9 267
9 246 267
267 9 246
29 13 72
72 13 29
13 29 72
255 6 182
182 6 255
6 182 255
209 81 109
81 109 209
109 81 209
25 10 83
83 10 25
10 25 83
258 38 298
298 38 258
38 258 298
286 92 222
92 222 286
222 92 286
278 57 70
70 57 278
57 70 278
107 66 78
66 78 107
78 66 107
2 76 172
76 2 172
172 2 76
293 240 242
242 240 293
240 242 293
143 86 268
86 143 268
268 86 143
26 24 150
150 24 26
24 26 150
171 53 277
277 53 171
53 171 277
229 112 212
112 212 229
212 112 229
274 87 158
87 158 274
158 87 274
135 73 256
73 135 256
256 73 135
125 31 61
61 31 125
31 61 125
213 210 287
210 213 287
287 210 213
67 207 295
295 67 207
207 67 295
280 118 153
153 118 280
118 153 280
110 14 82
14 82 110
82 14 110
263 100 187
100 187 263
187 100 263
292 88 102
102 88 292
88 102 292
199 166 231
231 166 199
166 199 231
179 62 197
197 62 179
62 179 197
223 22 237
22 223 237
237 22 223
68 101 204
101 68 204
204 68 101
27 96 203
203 27 96
96 27 203
34 85 206
85 34 206
206 34 85
276 42 217
217 42 276
42 217 276
186 7 131
7 131 186
131 7 186
266 180 201
201 180 266
180 201 266
12 32 79
32 12 79
79 12 32
202 144 225
225 144 202
144 202 225
232 97 244
244 97 232
97 232 244
189 99 230
99 189 230
230 99 189
51 165 271
165 51 271
271 51 165
269 59 198
59 198 269
198 59 269
50 80 141
80 50 141
141 50 80
124 164 300
164 124 300
300 124 164
33 218 239
218 33 239
239 33 218
3 16 162
16 3 162
162 3 16
169 64 94
64 94 169
94 64 169
126 137 291
137 126 291
291 126 137
168 152 259
152 168 259
259 152 168
200 40 120
120 40 200
40 120 200
155 28 134
134 28 155
28 134 155
163 148 243
243 148 163
148 163 243
90 113 211
113 90 211
211 90 113
193 154 236
154 193 236
236 154 193
130 20 194
194 20 130
20 130 194
270 49 245
49 245 270
245 49 270
235 234 254
254 234 235
234 235 254
147 91 175
175 91 147
91 147 175
208 106 247
106 208 247
247 106 208
257 8 228
228 8 257
8 228 257
48 98 145
98 48 145
145 48 98
260 149 190
149 190 260
190 149 260
116 47 122
122 47 116
47 116 122
52 95 170
95 52 170
170 52 95
299 39 288
288 39 299
39 288 299
297 238 285
238 285 297
285 238 297
205 60 129
60 129 205
129 60 205
75 138 191
191 75 138
138 75 191
275 41 63
63 41 275
41 63 275
178 160 279
160 178 279
279 160 178
