235 56 124
56 124 235
124 56 235
49 2 174
2 49 174
174 2 49
227 28 93
93 28 227
28 93 227
5 38 180
38 5 180
180 5 38
218 10 154
154 10 218
10 154 218
248 163 295
295 163 248
163 248 295
261 219 266
266 219 261
219 261 266
291 127 177
127 177 291
177 127 291
101 79 148
148 79 101
79 101 148
120 81 298
81 120 298
298 81 120
300 43 191
191 43 300
43 191 300
159 170 198
198 159 170
170 159 198
60 53 241
53 60 241
241 53 60
253 84 189
84 189 253
189 84 253
14 204 206
204 14 206
206 14 204
178 72 162
72 162 178
162 72 178
34 37 78
78 34 37
37 34 78
232 32 187
32 187 232
187 32 232
276 33 117
117 33 276
33 117 276
130 263 281
281 130 263
263 130 281
87 190 242
190 87 242
242 87 190
161 153 188
188 153 161
153 161 188
195 209 215
215 195 209
209 195 215
24 7 289
7 24 289
289 7 24
292 230 275
275 230 292
230 275 292
144 55 111
111 55 144
55 111 144
140 126 155
155 126 140
126 140 155
149 45 213
213 45 149
45 149 213
296 225 234
225 234 296
234 225 296
107 77 133
77 107 133
133 77 107
258 115 181
181 115 258
115 181 258
71 164 185
185 71 164
164 71 185
52 17 197
17 52 197
197 17 52
69 96 245
245 69 96
96 69 245
137 143 223
223 137 143
143 137 223
103 54 222
54 103 222
222 54 103
202 207 233
207 202 233
233 202 207
238 66 131
66 131 238
131 66 238
169 36 287
287 36 169
36 169 287
1 98 240
240 1 98
98 1 240
68 47 75
75 47 68
47 68 75
220 114 121
114 121 220
121 114 220
173 135 236
236 135 173
135 173 236
41 132 278
132 41 278
278 41 132
40 11 99
11 40 99
99 11 40
100 122 147
122 100 147
147 100 122
194 21 259
259 21 194
21 194 259
97 91 293
293 91 97
91 97 293
26 73 290
73 26 290
290 26 73
25 157 272
157 25 272
272 25 157
151 50 110
50 110 151
110 50 151
279 214 294
214 279 294
294 214 279
239 9 57
57 9 239
9 57 239
271 112 277
277 112 271
112 271 277
228 22 80
22 80 228
80 22 228
18 88 210
210 18 88
88 18 210
268 74 299
299 74 268
74 268 299
186 152 196
196 152 186
152 186 196
27 156 288
288 27 156
156 27 288
138 42 205
42 138 205
205 42 138
251 65 118
65 118 251
118 65 251
12 102 106
102 12 106
106 12 102
8 119 246
246 8 119
119 8 246
67 95 141
95 67 141
141 67 95
70 199 265
265 70 199
199 70 265
283 142 226
226 142 283
142 226 283
30 76 193
193 30 76
76 30 193
104 183 297
183 104 297
297 104 183
285 116 150
150 116 285
116 150 285
221 48 58
58 48 221
48 58 221
166 15 212
212 15 166
15 166 212
184 3 158
158 3 184
3 158 184
35 167 270
167 35 270
270 35 167
139 136 165
165 136 139
136 139 165
108 250 280
250 108 280
280 108 250
59 182 192
192 59 182
182 59 192
51 172 255
172 51 255
255 51 172
231 13 86
13 86 231
86 13 231
262 123 244
123 244 262
244 123 262
61 249 257
249 61 257
257 61 249
94 64 176
64 94 176
176 64 94
62 92 171
171 62 92
92 62 171
16 264 286
264 16 286
286 16 264
113 6 201
201 6 113
6 113 201
29 203 216
216 29 203
203 29 216
4 39 83
39 4 83
83 4 39
105 125 168
125 105 168
168 105 125
134 82 237
82 134 237
237 82 134
224 145 217
217 145 224
145 217 224
282 89 129
89 129 282
129 89 282
146 46 252
252 46 146
46 146 252
63 85 109
85 63 109
109 63 85
284 128 274
274 128 284
128 274 284
247 200 243
243 200 247
200 243 247
160 23 179
179 23 160
23 160 179
254 229 260
260 229 254
229 254 260
211 256 267
267 211 256
256 211 267
44 90 273
273 44 90
90 44 273
208 19 31
19 31 208
31 19 208
269 20 175
175 20 269
20 175 269
