6638 22381 25997
25997 6638 22381
22381 6638 25997
27353 779 26505
26505 779 27353
779 26505 27353
29787 10369 14228
14228 10369 29787
10369 14228 29787
3836 3359 25163
25163 3359 3836
3359 3836 25163
133 11793 24258
24258 133 11793
11793 133 24258
8679 6390 26441
6390 8679 26441
26441 6390 8679
20973 8940 23700
23700 8940 20973
8940 20973 23700
14854 23618 24405
24405 14854 23618
23618 14854 24405
13430 3294 25025
3294 13430 25025
25025 3294 13430
11669 8256 23085
23085 8256 11669
8256 11669 23085
12263 21305 25809
21305 12263 25809
25809 12263 21305
22860 3834 6178
6178 3834 22860
3834 6178 22860
25817 10638 22508
22508 10638 25817
10638 22508 25817
26759 828 24035
828 24035 26759
24035 828 26759
24503 9556 28572
28572 9556 24503
9556 24503 28572
2820 78 22808
78 2820 22808
22808 78 2820
6463 12629 26282
26282 6463 12629
12629 6463 26282
13491 21415 28554
21415 13491 28554
28554 13491 21415
14301 24814 29311
24814 14301 29311
29311 14301 24814
17776 11799 26223
11799 17776 26223
26223 11799 17776
6652 19553 25012
25012 6652 19553
19553 6652 25012
28754 1090 27283
27283 1090 28754
1090 27283 28754
1217 859 8971
859 1217 8971
8971 859 1217
13248 3153 15616
3153 13248 15616
15616 3153 13248
13561 853 25652
853 13561 25652
25652 853 13561
2013 54 9489
9489 54 2013
54 2013 9489
27065 4663 21170
4663 21170 27065
21170 4663 27065
3791 19874 24734
24734 3791 19874
19874 3791 24734
2238 3217 3734
3217 2238 3734
3734 2238 3217
26285 1771 3120
1771 3120 26285
3120 1771 26285
22632 10863 27810
10863 22632 27810
27810 10863 22632
11239 10565 20508
10565 11239 20508
20508 10565 11239
20434 19495 29602
29602 19495 20434
19495 20434 29602
7908 7407 23390
23390 7407 7908
7407 7908 23390
17020 7893 19831
7893 17020 19831
19831 7893 17020
9363 7009 21544
21544 7009 9363
7009 9363 21544
2099 14984 19674
14984 2099 19674
19674 2099 14984
670 18362 24821
18362 670 24821
24821 670 18362
16990 791 13825
13825 791 16990
791 13825 16990
28863 671 20585
671 20585 28863
20585 671 28863
29310 18726 26088
18726 26088 29310
26088 18726 29310
26090 28029 29298
28029 26090 29298
29298 26090 28029
8729 20576 27307
27307 8729 20576
20576 8729 27307
25031 8557 16416
16416 8557 25031
8557 16416 25031
27499 11869 29174
29174 11869 27499
11869 27499 29174
11651 5167 27948
5167 11651 27948
27948 5167 11651
22144 14010 22682
14010 22144 22682
22682 14010 22144
15590 8435 23798
23798 8435 15590
8435 15590 23798
11541 12161 29820
29820 11541 12161
12161 11541 29820
20519 127 16301
127 16301 20519
16301 127 20519
26832 826 16999
826 16999 26832
16999 826 26832
28844 16026 23540
16026 23540 28844
23540 16026 28844
26215 15250 23574
23574 15250 26215
15250 23574 26215
11719 6557 22641
6557 11719 22641
22641 6557 11719
17327 15076 29470
15076 17327 29470
29470 15076 17327
21508 14808 28234
28234 14808 21508
14808 21508 28234
26898 13886 25199
25199 13886 26898
13886 25199 26898
15685 2482 22665
22665 2482 15685
2482 15685 22665
20726 552 11340
11340 552 20726
552 11340 20726
26213 19393 20844
19393 20844 26213
20844 19393 26213
25953 8047 16644
8047 16644 25953
16644 8047 25953
17214 17680 27762
27762 17214 17680
17680 17214 27762
13914 6261 21868
21868 6261 13914
6261 13914 21868
9995 3960 28501
28501 3960 9995
3960 9995 28501
3664 6631 8993
8993 3664 6631
6631 3664 8993
2206 1036 24170
24170 1036 2206
1036 2206 24170
7405 10059 26063
26063 7405 10059
10059 7405 26063
2221 6771 10803
6771 2221 10803
10803 2221 6771
22510 5212 22879
22879 5212 22510
5212 22510 22879
922 4807 22377
22377 922 4807
4807 922 22377
10 4532 20006
4532 10 20006
20006 10 4532
16168 628 9474
9474 628 16168
628 9474 16168
26634 7831 9234
7831 9234 26634
9234 7831 26634
4009 3941 21486
21486 3941 4009
3941 4009 21486
25054 7703 27053
7703 25054 27053
27053 7703 25054
15740 3687 16114
16114 3687 15740
3687 15740 16114
17466 16893 23728
23728 16893 17466
16893 17466 23728
23947 11852 29259
29259 11852 23947
11852 23947 29259
6205 7692 22191
22191 6205 7692
7692 6205 22191
21097 13751 22799
22799 13751 21097
13751 21097 22799
3091 1011 25919
25919 1011 3091
1011 3091 25919
16115 23680 27636
23680 16115 27636
27636 16115 23680
14022 14605 19832
19832 14022 14605
14605 14022 19832
25546 4470 24540
24540 4470 25546
4470 24540 25546
21699 9351 25082
25082 9351 21699
9351 21699 25082
8811 4772 20761
20761 4772 8811
4772 8811 20761
19890 467 29912
29912 467 19890
467 19890 29912
5395 5394 20329
20329 5394 5395
5394 5395 20329
22231 3378 19307
19307 3378 22231
3378 19307 22231
2808 8046 23719
8046 2808 23719
23719 2808 8046
10835 7997 18627
7997 10835 18627
18627 7997 10835
13693 19324 25922
19324 13693 25922
25922 13693 19324
26711 14058 19774
19774 14058 26711
14058 19774 26711
2307 4023 12223
4023 2307 12223
12223 2307 4023
6143 10529 10556
10556 6143 10529
10529 6143 10556
18620 5142 20055
5142 18620 20055
20055 5142 18620
20852 7912 23397
23397 7912 20852
7912 20852 23397
11270 15794 16518
16518 11270 15794
15794 11270 16518
536 6215 29208
6215 536 29208
29208 536 6215
17338 1638 25656
1638 17338 25656
25656 1638 17338
5885 14157 20328
14157 5885 20328
20328 5885 14157
23460 2883 10471
2883 10471 23460
10471 2883 23460
7790 8979 17961
17961 7790 8979
8979 7790 17961
22275 2493 4361
4361 2493 22275
2493 4361 22275
3291 27612 27905
27905 3291 27612
27612 3291 27905
17598 267 22276
267 17598 22276
22276 267 17598
10341 12185 22968
22968 10341 12185
12185 10341 22968
19841 430 19256
19256 430 19841
430 19256 19841
20001 18189 21235
21235 18189 20001
18189 20001 21235
28249 26518 29686
29686 26518 28249
26518 28249 29686
15618 9135 10052
9135 10052 15618
10052 9135 15618
28034 2119 12641
12641 2119 28034
2119 12641 28034
11014 23294 25313
23294 11014 25313
25313 11014 23294
27093 447 1881
1881 447 27093
447 1881 27093
8130 3656 28457
3656 8130 28457
28457 3656 8130
8672 7217 20520
20520 7217 8672
7217 8672 20520
3956 16482 29818
29818 3956 16482
16482 3956 29818
1446 2630 24030
2630 1446 24030
24030 1446 2630
28440 2564 22195
22195 2564 28440
2564 22195 28440
28813 2740 24044
24044 2740 28813
2740 24044 28813
4992 4243 17980
17980 4243 4992
4243 4992 17980
13358 23129 29100
23129 13358 29100
29100 13358 23129
2753 619 11918
11918 619 2753
619 2753 11918
6210 20612 27631
27631 6210 20612
20612 6210 27631
26569 11161 24988
11161 24988 26569
24988 11161 26569
12265 6412 21003
21003 6412 12265
6412 12265 21003
10128 19399 23376
19399 10128 23376
23376 10128 19399
26553 7051 10926
7051 10926 26553
10926 7051 26553
8043 55 19284
55 8043 19284
19284 55 8043
27559 9538 18035
18035 9538 27559
9538 18035 27559
10511 1281 20262
20262 1281 10511
1281 10511 20262
7807 12307 24399
12307 7807 24399
24399 7807 12307
3552 13431 23846
13431 3552 23846
23846 3552 13431
9103 324 11384
324 9103 11384
11384 324 9103
15465 10306 23509
23509 10306 15465
10306 15465 23509
16469 16082 22990
16082 16469 22990
22990 16082 16469
15594 1708 10021
10021 1708 15594
1708 10021 15594
19835 7425 9462
9462 7425 19835
7425 9462 19835
11433 5429 20146
5429 11433 20146
20146 5429 11433
7395 3465 25186
25186 3465 7395
3465 7395 25186
15141 6808 12435
12435 6808 15141
6808 12435 15141
25493 8066 21487
21487 8066 25493
8066 21487 25493
13411 12926 16862
16862 12926 13411
12926 13411 16862
10364 5049 25190
5049 10364 25190
25190 5049 10364
10289 1724 28413
28413 1724 10289
1724 10289 28413
7218 17401 29751
29751 7218 17401
17401 7218 29751
28230 12054 26492
26492 12054 28230
12054 26492 28230
27501 25901 27846
25901 27501 27846
27846 25901 27501
12838 3154 8051
3154 8051 12838
8051 3154 12838
2594 11776 18421
18421 2594 11776
11776 2594 18421
3139 17293 23839
17293 3139 23839
23839 3139 17293
11547 4397 29135
4397 11547 29135
29135 4397 11547
11062 8268 29929
8268 11062 29929
29929 8268 11062
936 17164 26710
26710 936 17164
17164 936 26710
13612 11827 22555
11827 13612 22555
22555 11827 13612
12475 11380 20808
20808 11380 12475
11380 12475 20808
16799 6661 10756
10756 6661 16799
6661 10756 16799
9104 18127 23670
23670 9104 18127
18127 9104 23670
3156 11567 29213
11567 3156 29213
29213 3156 11567
4409 25119 26385
26385 4409 25119
25119 4409 26385
2233 594 28996
28996 594 2233
594 2233 28996
19760 9923 27214
9923 19760 27214
27214 9923 19760
7534 9362 11032
11032 7534 9362
9362 7534 11032
6167 9192 20715
9192 6167 20715
20715 6167 9192
18787 3726 29992
3726 18787 29992
29992 3726 18787
16907 3616 8030
8030 3616 16907
3616 8030 16907
4190 1750 12763
1750 4190 12763
12763 1750 4190
28327 28002 28194
28194 28002 28327
28002 28194 28327
5080 5495 29048
5495 5080 29048
29048 5080 5495
23203 6508 29330
6508 23203 29330
29330 6508 23203
9412 3917 10242
3917 9412 10242
10242 3917 9412
17922 4006 26082
4006 17922 26082
26082 4006 17922
29982 7349 27637
7349 27637 29982
27637 7349 29982
4837 3931 23903
23903 3931 4837
3931 4837 23903
15795 17982 27012
27012 15795 17982
17982 15795 27012
8921 856 18246
856 8921 18246
18246 856 8921
10659 3039 23968
3039 10659 23968
23968 3039 10659
19314 26846 27794
26846 19314 27794
27794 19314 26846
11497 9160 20135
20135 9160 11497
9160 11497 20135
3095 2825 29893
2825 3095 29893
29893 2825 3095
21569 12678 25016
12678 21569 25016
25016 12678 21569
14246 9899 16653
16653 9899 14246
9899 14246 16653
28357 19745 27286
27286 19745 28357
19745 27286 28357
20553 1282 17678
1282 17678 20553
17678 1282 20553
3981 12342 17818
12342 3981 17818
17818 3981 12342
8366 10623 23040
10623 8366 23040
23040 8366 10623
1778 290 11664
290 1778 11664
11664 290 1778
5480 13689 28364
28364 5480 13689
13689 5480 28364
22763 23290 28632
28632 22763 23290
23290 22763 28632
25874 3779 28381
3779 25874 28381
28381 3779 25874
25351 11836 21417
21417 11836 25351
11836 21417 25351
21353 3368 6297
3368 6297 21353
6297 3368 21353
16805 5384 22294
22294 5384 16805
5384 16805 22294
6927 18630 19196
18630 6927 19196
19196 6927 18630
24078 2957 14189
14189 2957 24078
2957 14189 24078
25278 6325 9175
9175 6325 25278
6325 9175 25278
27434 5169 21905
5169 21905 27434
21905 5169 27434
23758 6371 18810
18810 6371 23758
6371 18810 23758
13046 15277 15532
15532 13046 15277
15277 13046 15532
15671 17433 24350
17433 15671 24350
24350 15671 17433
11949 12846 19968
19968 11949 12846
12846 11949 19968
1719 7487 29335
29335 1719 7487
7487 1719 29335
2872 10402 29612
10402 2872 29612
29612 2872 10402
19957 616 23589
23589 616 19957
616 19957 23589
15305 7261 13522
7261 13522 15305
13522 7261 15305
18021 6852 22612
22612 6852 18021
6852 18021 22612
27691 18274 25722
18274 25722 27691
25722 18274 27691
5991 6569 25496
25496 5991 6569
6569 5991 25496
5877 7814 15825
7814 5877 15825
15825 5877 7814
9664 3443 16908
3443 9664 16908
16908 3443 9664
15329 8784 25510
8784 15329 25510
25510 8784 15329
13061 12756 17139
12756 13061 17139
17139 12756 13061
29092 9295 10951
9295 10951 29092
10951 9295 29092
4823 10825 25014
10825 4823 25014
25014 4823 10825
13944 14103 23761
14103 13944 23761
23761 13944 14103
11394 156 17407
17407 156 11394
156 11394 17407
1365 17773 21565
21565 1365 17773
17773 1365 21565
20999 21279 25617
25617 20999 21279
21279 20999 25617
14713 1989 3761
3761 1989 14713
1989 3761 14713
146 15445 24526
15445 146 24526
24526 146 15445
24930 11596 18543
11596 18543 24930
18543 11596 24930
19938 1741 8893
1741 8893 19938
8893 1741 19938
13376 1569 22268
1569 13376 22268
22268 1569 13376
21969 1021 2004
1021 2004 21969
2004 1021 21969
6398 4638 24102
24102 4638 6398
4638 6398 24102
5503 1968 26191
1968 5503 26191
26191 1968 5503
29737 4195 9756
4195 9756 29737
9756 4195 29737
22351 1237 10009
10009 1237 22351
1237 10009 22351
11693 1598 7726
1598 7726 11693
7726 1598 11693
23712 9305 23051
9305 23051 23712
23051 9305 23712
7970 12298 23663
23663 7970 12298
12298 7970 23663
1157 14972 27420
14972 1157 27420
27420 1157 14972
17062 677 14630
677 14630 17062
14630 677 17062
10669 3229 26878
3229 10669 26878
26878 3229 10669
4487 1597 28731
28731 1597 4487
1597 4487 28731
23490 13290 18571
18571 13290 23490
13290 18571 23490
18182 5717 14747
14747 5717 18182
5717 14747 18182
6844 6764 19773
6764 6844 19773
19773 6764 6844
27806 11086 29339
29339 11086 27806
11086 27806 29339
22241 13989 25187
25187 13989 22241
13989 22241 25187
18843 4832 5257
5257 4832 18843
4832 5257 18843
8882 16787 21734
21734 8882 16787
16787 8882 21734
24598 10690 19757
10690 19757 24598
19757 10690 24598
11143 9290 13340
13340 9290 11143
9290 11143 13340
24033 5681 14790
14790 5681 24033
5681 14790 24033
4956 1768 18523
18523 1768 4956
1768 4956 18523
7209 5899 14498
14498 5899 7209
5899 7209 14498
17413 1004 19095
19095 1004 17413
1004 17413 19095
19055 7845 21377
21377 7845 19055
7845 19055 21377
14935 2977 25913
2977 14935 25913
25913 2977 14935
24131 16735 29362
29362 16735 24131
16735 24131 29362
7 16297 19169
19169 7 16297
16297 7 19169
3356 9002 27997
27997 3356 9002
9002 3356 27997
21094 2271 11808
11808 2271 21094
2271 11808 21094
7380 3373 5846
3373 5846 7380
5846 3373 7380
24557 6857 16875
16875 6857 24557
6857 16875 24557
6515 4694 24364
4694 6515 24364
24364 4694 6515
22374 6691 19024
19024 6691 22374
6691 19024 22374
21448 2423 2796
2796 2423 21448
2423 2796 21448
24456 1894 14832
14832 1894 24456
1894 14832 24456
19184 3982 16462
16462 3982 19184
3982 16462 19184
19200 16983 25770
16983 19200 25770
25770 16983 19200
29691 3136 11798
3136 11798 29691
11798 3136 29691
26610 13847 26963
13847 26610 26963
26963 13847 26610
29056 2469 13296
2469 13296 29056
13296 2469 29056
9806 22955 29277
29277 9806 22955
22955 9806 29277
25376 4332 26570
4332 25376 26570
26570 4332 25376
18406 596 14396
14396 596 18406
596 14396 18406
12204 4338 16873
4338 12204 16873
16873 4338 12204
3768 13678 25108
25108 3768 13678
13678 3768 25108
270 6319 27452
6319 270 27452
27452 270 6319
8426 4433 11103
4433 8426 11103
11103 4433 8426
16642 2904 15000
15000 2904 16642
2904 15000 16642
20123 8233 18418
8233 18418 20123
18418 8233 20123
14600 14298 15247
15247 14298 14600
14298 14600 15247
25742 6064 15179
6064 15179 25742
15179 6064 25742
271 8477 16263
8477 271 16263
16263 271 8477
3964 16113 28460
28460 3964 16113
16113 3964 28460
28341 20977 22696
20977 22696 28341
22696 20977 28341
7303 21711 25547
25547 7303 21711
21711 7303 25547
9162 2263 13023
13023 2263 9162
2263 9162 13023
28934 5988 12230
12230 5988 28934
5988 12230 28934
15413 19637 26896
26896 15413 19637
19637 15413 26896
5176 10454 16940
16940 5176 10454
10454 5176 16940
27451 16833 28976
16833 27451 28976
28976 16833 27451
24184 9410 13599
9410 13599 24184
13599 9410 24184
18658 1725 23161
1725 18658 23161
23161 1725 18658
10695 14606 26541
14606 10695 26541
26541 10695 14606
14004 1034 9987
9987 1034 14004
1034 9987 14004
25308 26026 29241
26026 25308 29241
29241 25308 26026
23725 10900 22463
10900 22463 23725
22463 10900 23725
14894 9279 26184
9279 14894 26184
26184 9279 14894
10359 9096 11309
9096 10359 11309
11309 9096 10359
28665 25095 28793
25095 28665 28793
28793 25095 28665
3650 9042 13883
13883 3650 9042
9042 3650 13883
1748 7187 17525
17525 1748 7187
7187 1748 17525
8133 8929 29200
29200 8133 8929
8929 8133 29200
21858 19260 28264
19260 21858 28264
28264 19260 21858
29877 1811 14899
14899 1811 29877
1811 14899 29877
12180 25299 25439
25439 12180 25299
25299 12180 25439
19016 10772 17603
17603 10772 19016
10772 17603 19016
6974 6307 15876
15876 6307 6974
6307 6974 15876
21050 20579 27887
20579 21050 27887
27887 20579 21050
19033 11244 11588
11588 11244 19033
11244 11588 19033
8293 10808 21360
10808 8293 21360
21360 8293 10808
5177 15335 20189
20189 5177 15335
15335 5177 20189
29389 4606 10654
10654 4606 29389
4606 10654 29389
24072 4920 24866
4920 24072 24866
24866 4920 24072
9595 16364 20060
16364 9595 20060
20060 9595 16364
2837 14222 25781
14222 2837 25781
25781 2837 14222
18049 1779 6997
1779 6997 18049
6997 1779 18049
8041 531 29384
29384 531 8041
531 8041 29384
16285 18879 22369
22369 16285 18879
18879 16285 22369
8416 13214 16387
13214 8416 16387
16387 8416 13214
5803 8488 14232
14232 5803 8488
8488 5803 14232
3548 9977 14664
14664 3548 9977
9977 3548 14664
1411 21402 27690
27690 1411 21402
21402 1411 27690
23977 563 13725
13725 563 23977
563 13725 23977
25623 9072 24080
9072 24080 25623
24080 9072 25623
7088 8341 29158
29158 7088 8341
8341 7088 29158
6026 6641 26551
26551 6026 6641
6641 6026 26551
1695 12509 25864
12509 1695 25864
25864 1695 12509
9099 11990 15043
11990 9099 15043
15043 9099 11990
29146 6043 21661
6043 21661 29146
21661 6043 29146
23116 26517 29320
29320 23116 26517
26517 23116 29320
22975 14051 29493
14051 22975 29493
29493 14051 22975
22539 9100 21600
9100 21600 22539
21600 9100 22539
14826 7732 22456
22456 7732 14826
7732 14826 22456
13334 7784 20915
20915 7784 13334
7784 13334 20915
16487 14615 28497
14615 16487 28497
28497 14615 16487
12749 2170 25931
25931 2170 12749
2170 12749 25931
1921 9655 28588
9655 1921 28588
28588 1921 9655
27747 4457 29186
29186 4457 27747
4457 27747 29186
19398 3790 10897
10897 3790 19398
3790 10897 19398
10934 8875 15500
8875 10934 15500
15500 8875 10934
7279 13971 17127
13971 7279 17127
17127 7279 13971
27788 5118 10078
5118 10078 27788
10078 5118 27788
21062 10824 25166
25166 10824 21062
10824 21062 25166
17485 20284 25103
20284 17485 25103
25103 17485 20284
24218 6907 23273
6907 23273 24218
23273 6907 24218
22230 6559 10003
10003 6559 22230
6559 10003 22230
25107 3704 10072
10072 3704 25107
3704 10072 25107
27890 19878 25152
19878 25152 27890
25152 19878 27890
8535 293 20757
293 8535 20757
20757 293 8535
15611 25870 29140
25870 15611 29140
29140 15611 25870
20639 2306 9554
9554 2306 20639
2306 9554 20639
23037 10687 17908
10687 17908 23037
17908 10687 23037
14389 4229 22652
4229 14389 22652
22652 4229 14389
11586 17056 17206
17206 11586 17056
17056 11586 17206
8511 25091 29394
29394 8511 25091
25091 8511 29394
23256 125 8290
8290 125 23256
125 8290 23256
7433 14917 17924
17924 7433 14917
14917 7433 17924
4857 11406 18217
18217 4857 11406
11406 4857 18217
9091 9150 12723
9150 9091 12723
12723 9091 9150
5679 5650 28490
28490 5650 5679
5650 5679 28490
13805 2894 3442
3442 2894 13805
2894 3442 13805
4488 4056 24997
4056 4488 24997
24997 4056 4488
14624 20738 28552
28552 14624 20738
20738 14624 28552
25395 11173 22079
11173 22079 25395
22079 11173 25395
28434 12795 27899
12795 27899 28434
27899 12795 28434
20653 12286 27898
27898 12286 20653
12286 20653 27898
9054 6784 10269
10269 6784 9054
6784 9054 10269
13010 5883 10006
5883 10006 13010
10006 5883 13010
17072 6514 20473
6514 17072 20473
20473 6514 17072
14229 2854 21528
2854 14229 21528
21528 2854 14229
9282 15137 17576
15137 9282 17576
17576 9282 15137
367 1115 9854
9854 367 1115
1115 367 9854
1713 1538 28106
1538 1713 28106
28106 1538 1713
22661 13389 24562
24562 13389 22661
13389 22661 24562
28578 13017 13208
13208 13017 28578
13017 13208 28578
25523 8665 26667
26667 8665 25523
8665 25523 26667
692 10091 24152
24152 692 10091
10091 692 24152
11946 9438 14670
9438 11946 14670
14670 9438 11946
2524 6196 17440
17440 2524 6196
6196 2524 17440
340 19971 23380
23380 340 19971
19971 340 23380
7254 4211 8824
4211 7254 8824
8824 4211 7254
17222 4915 17179
17179 4915 17222
4915 17179 17222
23418 2298 29266
29266 2298 23418
2298 23418 29266
12855 1169 28890
1169 12855 28890
28890 1169 12855
9778 8604 20879
20879 8604 9778
8604 9778 20879
29864 11882 19867
19867 11882 29864
11882 19867 29864
20169 14544 17584
14544 17584 20169
17584 14544 20169
22134 17488 23584
17488 22134 23584
23584 17488 22134
18872 10023 22466
10023 18872 22466
22466 10023 18872
24415 22953 28526
22953 24415 28526
28526 22953 24415
10081 8725 25894
8725 10081 25894
25894 8725 10081
25969 4461 9692
4461 9692 25969
9692 4461 25969
2467 9546 24417
24417 2467 9546
9546 2467 24417
23567 1098 12526
12526 1098 23567
1098 12526 23567
19587 5466 27914
5466 19587 27914
27914 5466 19587
22866 6794 14247
14247 6794 22866
6794 14247 22866
29687 19049 25379
19049 25379 29687
25379 19049 29687
20780 9622 14953
14953 9622 20780
9622 14953 20780
13504 4702 10710
4702 10710 13504
10710 4702 13504
7168 2387 4955
4955 2387 7168
2387 4955 7168
9714 1797 17285
1797 9714 17285
17285 1797 9714
21950 3661 27047
3661 21950 27047
27047 3661 21950
25365 1796 17187
17187 1796 25365
1796 17187 25365
28091 13625 22646
13625 22646 28091
22646 13625 28091
16340 10345 17729
17729 10345 16340
10345 16340 17729
26291 2301 19150
19150 2301 26291
2301 19150 26291
21007 1912 10213
1912 10213 21007
10213 1912 21007
255 2937 9049
9049 255 2937
2937 255 9049
28449 2782 6454
2782 6454 28449
6454 2782 28449
5881 15902 27207
27207 5881 15902
15902 5881 27207
14069 3589 24163
3589 14069 24163
24163 3589 14069
1144 19877 23244
23244 1144 19877
19877 1144 23244
29442 2779 21940
21940 2779 29442
2779 21940 29442
8566 2726 23025
2726 8566 23025
23025 2726 8566
25777 3262 14971
3262 14971 25777
14971 3262 25777
27675 26921 27515
26921 27515 27675
27515 26921 27675
8717 22709 25357
22709 8717 25357
25357 8717 22709
25326 3540 24340
24340 3540 25326
3540 24340 25326
8176 4848 7805
7805 4848 8176
4848 7805 8176
26659 20728 24144
24144 20728 26659
20728 24144 26659
10458 3838 7932
3838 7932 10458
7932 3838 10458
14488 11051 26974
11051 14488 26974
26974 11051 14488
2286 9219 19870
19870 2286 9219
9219 2286 19870
26378 11684 22529
11684 22529 26378
22529 11684 26378
24314 26168 28269
28269 24314 26168
26168 24314 28269
388 2299 18929
18929 388 2299
2299 388 18929
15491 23089 29248
23089 15491 29248
29248 15491 23089
18641 932 4437
4437 932 18641
932 4437 18641
17369 4468 20466
4468 17369 20466
20466 4468 17369
13598 12301 15004
15004 12301 13598
12301 13598 15004
4534 14366 22181
22181 4534 14366
14366 4534 22181
11639 11217 11987
11217 11639 11987
11987 11217 11639
899 11680 27313
27313 899 11680
11680 899 27313
29656 24363 29478
29478 24363 29656
24363 29478 29656
24768 17750 27475
17750 24768 27475
27475 17750 24768
2049 15201 15643
15201 2049 15643
15643 2049 15201
4789 18296 29684
29684 4789 18296
18296 4789 29684
24924 3859 19634
3859 19634 24924
19634 3859 24924
915 19895 27848
19895 915 27848
27848 915 19895
28198 281 20799
281 20799 28198
20799 281 28198
18111 5095 6865
5095 6865 18111
6865 5095 18111
14384 4083 10604
10604 4083 14384
4083 10604 14384
24268 3388 14469
14469 3388 24268
3388 14469 24268
15829 8343 28462
8343 15829 28462
28462 8343 15829
23106 14547 18761
18761 14547 23106
14547 18761 23106
7335 6551 7625
7625 6551 7335
6551 7335 7625
2179 2996 14250
2996 2179 14250
14250 2179 2996
10899 16993 26351
26351 10899 16993
16993 10899 26351
8388 16188 20701
16188 8388 20701
20701 8388 16188
13207 7182 21129
7182 13207 21129
21129 7182 13207
21619 16103 28199
28199 16103 21619
16103 21619 28199
12513 11931 21358
21358 11931 12513
11931 12513 21358
10001 15675 17414
17414 10001 15675
15675 10001 17414
20933 6698 29154
6698 20933 29154
29154 6698 20933
16520 13831 29326
29326 13831 16520
13831 16520 29326
27523 13903 20332
20332 13903 27523
13903 20332 27523
22003 10613 19198
19198 10613 22003
10613 19198 22003
27677 8723 19864
19864 8723 27677
8723 19864 27677
16402 4711 8271
4711 8271 16402
8271 4711 16402
13246 5359 26055
26055 5359 13246
5359 13246 26055
12735 19427 21827
19427 12735 21827
21827 12735 19427
13600 3235 28513
28513 3235 13600
3235 13600 28513
14920 2856 22434
22434 2856 14920
2856 14920 22434
21142 2847 16951
16951 2847 21142
2847 16951 21142
5582 15531 17011
15531 5582 17011
17011 5582 15531
21383 4360 29468
29468 4360 21383
4360 21383 29468
23537 20162 21818
21818 20162 23537
20162 21818 23537
15805 9633 11815
11815 9633 15805
9633 11815 15805
29039 7958 23434
7958 23434 29039
23434 7958 29039
15693 4052 5440
5440 4052 15693
4052 5440 15693
5102 13068 25307
25307 5102 13068
13068 5102 25307
26766 23172 29985
23172 26766 29985
29985 23172 26766
25912 11974 21551
21551 11974 25912
11974 21551 25912
19786 26077 26324
26324 19786 26077
26077 19786 26324
29049 7347 20885
20885 7347 29049
7347 20885 29049
23332 24060 26450
26450 23332 24060
24060 23332 26450
26748 22 4058
4058 22 26748
22 4058 26748
8370 2838 19356
2838 8370 19356
19356 2838 8370
5795 11068 19807
19807 5795 11068
11068 5795 19807
8384 303 1470
303 1470 8384
1470 303 8384
465 5128 9506
5128 465 9506
9506 465 5128
5502 5889 14904
14904 5502 5889
5889 5502 14904
27541 9727 26331
26331 9727 27541
9727 26331 27541
17341 3502 5840
3502 5840 17341
5840 3502 17341
15851 1845 26617
1845 15851 26617
26617 1845 15851
14332 4712 26817
4712 14332 26817
26817 4712 14332
6606 6046 23048
23048 6046 6606
6046 6606 23048
4645 12936 20599
20599 4645 12936
12936 4645 20599
24190 4181 12620
12620 4181 24190
4181 12620 24190
16995 16639 17638
16639 16995 17638
17638 16639 16995
3170 9123 13138
13138 3170 9123
9123 3170 13138
2833 443 8504
443 2833 8504
8504 443 2833
29246 18417 20137
18417 20137 29246
20137 18417 29246
3731 7928 18757
18757 3731 7928
7928 3731 18757
13170 3932 8174
3932 8174 13170
8174 3932 13170
22095 2870 6523
2870 6523 22095
6523 2870 22095
13863 5189 22545
5189 13863 22545
22545 5189 13863
5535 8977 9294
8977 5535 9294
9294 5535 8977
26494 7270 17882
17882 7270 26494
7270 17882 26494
9312 710 19041
19041 710 9312
710 9312 19041
18141 6242 25067
25067 6242 18141
6242 18141 25067
14617 5659 21735
21735 5659 14617
5659 14617 21735
10860 10527 16515
10527 10860 16515
16515 10527 10860
7951 20891 27217
27217 7951 20891
20891 7951 27217
17930 1210 28832
1210 17930 28832
28832 1210 17930
9679 2657 24164
24164 2657 9679
2657 9679 24164
1298 13950 21695
13950 1298 21695
21695 1298 13950
19805 6286 17756
17756 6286 19805
6286 17756 19805
13445 13395 16789
16789 13395 13445
13395 13445 16789
17651 3243 9610
9610 3243 17651
3243 9610 17651
11613 3755 22001
22001 3755 11613
3755 11613 22001
14565 10869 11988
11988 10869 14565
10869 11988 14565
12184 28948 29599
28948 12184 29599
29599 12184 28948
28464 7627 19984
7627 19984 28464
19984 7627 28464
13909 14339 16231
14339 13909 16231
16231 13909 14339
19089 14627 19141
19141 14627 19089
14627 19089 19141
6931 16595 22904
22904 6931 16595
16595 6931 22904
18971 11412 20805
20805 11412 18971
11412 18971 20805
15750 1059 9510
9510 1059 15750
1059 9510 15750
29104 10159 21093
10159 21093 29104
21093 10159 29104
22618 17015 17144
17144 17015 22618
17015 17144 22618
13815 15420 29131
29131 13815 15420
15420 13815 29131
13284 15236 16308
16308 13284 15236
15236 13284 16308
21281 7756 16290
16290 7756 21281
7756 16290 21281
12605 2674 19985
19985 2674 12605
2674 12605 19985
739 21048 26753
26753 739 21048
21048 739 26753
18053 4093 20175
20175 4093 18053
4093 18053 20175
20837 21963 27128
27128 20837 21963
21963 20837 27128
18873 16382 18584
16382 18584 18873
18584 16382 18873
9207 13153 23803
23803 9207 13153
13153 9207 23803
5436 3553 18786
3553 5436 18786
18786 3553 5436
27427 12844 13884
13884 12844 27427
12844 13884 27427
5263 4331 21952
4331 5263 21952
21952 4331 5263
12557 15824 23586
15824 12557 23586
23586 12557 15824
3954 18482 20652
20652 3954 18482
18482 3954 20652
2353 6707 9504
9504 2353 6707
6707 2353 9504
1295 3328 19962
3328 1295 19962
19962 1295 3328
1475 19863 21292
21292 1475 19863
19863 1475 21292
23014 11077 14107
11077 14107 23014
14107 11077 23014
6203 19883 28567
28567 6203 19883
19883 6203 28567
1006 3312 26243
26243 1006 3312
3312 1006 26243
2234 17477 24440
24440 2234 17477
17477 2234 24440
23854 20483 20740
20740 20483 23854
20483 20740 23854
20366 604 12104
604 12104 20366
12104 604 20366
15929 6112 14613
14613 6112 15929
6112 14613 15929
18512 1773 5347
5347 1773 18512
1773 5347 18512
2871 17421 23330
17421 2871 23330
23330 2871 17421
26000 1014 3014
1014 3014 26000
3014 1014 26000
159 9228 26093
9228 159 26093
26093 159 9228
8785 4149 9179
9179 4149 8785
4149 8785 9179
8607 27790 29116
27790 8607 29116
29116 8607 27790
745 829 29063
29063 745 829
829 745 29063
6036 4923 24790
4923 6036 24790
24790 4923 6036
4228 12580 15259
12580 4228 15259
15259 4228 12580
9548 5629 29492
5629 9548 29492
29492 5629 9548
29028 39 6120
39 6120 29028
6120 39 29028
22734 1056 2710
2710 1056 22734
1056 2710 22734
20709 11709 14286
14286 11709 20709
11709 14286 20709
6658 11054 22319
11054 6658 22319
22319 6658 11054
8657 45 24090
24090 45 8657
45 8657 24090
21397 24270 25948
24270 21397 25948
25948 21397 24270
18270 16250 17200
16250 17200 18270
17200 16250 18270
25175 11120 18950
11120 18950 25175
18950 11120 25175
24937 580 27834
27834 580 24937
580 24937 27834
5551 3582 19277
19277 3582 5551
3582 5551 19277
16089 2178 6610
6610 2178 16089
2178 6610 16089
26544 11495 20975
11495 20975 26544
20975 11495 26544
8288 14778 22899
22899 8288 14778
14778 8288 22899
4888 17867 17921
17921 4888 17867
17867 4888 17921
16624 13999 17772
13999 16624 17772
17772 13999 16624
11635 15843 25295
15843 11635 25295
25295 11635 15843
25836 12802 21549
21549 12802 25836
12802 21549 25836
19426 11935 22767
11935 19426 22767
22767 11935 19426
10993 2432 13936
13936 2432 10993
2432 10993 13936
8059 3159 26862
26862 3159 8059
3159 8059 26862
14216 13039 22439
13039 14216 22439
22439 13039 14216
2827 23186 29933
29933 2827 23186
23186 2827 29933
10487 14893 28883
14893 10487 28883
28883 10487 14893
24298 269 11396
11396 269 24298
269 11396 24298
2582 3972 15900
15900 2582 3972
3972 2582 15900
23435 7357 16499
16499 7357 23435
7357 16499 23435
17807 4013 29832
29832 4013 17807
4013 17807 29832
11772 3889 17118
17118 3889 11772
3889 11772 17118
25746 8999 24735
24735 8999 25746
8999 24735 25746
28987 5640 29880
5640 28987 29880
29880 5640 28987
21752 1254 26301
1254 21752 26301
26301 1254 21752
9070 10888 16827
16827 9070 10888
10888 9070 16827
26673 13277 23044
13277 23044 26673
23044 13277 26673
6427 17864 26192
17864 6427 26192
26192 6427 17864
20338 11683 16434
16434 11683 20338
11683 16434 20338
24711 8934 10419
8934 10419 24711
10419 8934 24711
5223 21043 24829
21043 5223 24829
24829 5223 21043
10457 5701 28295
5701 10457 28295
28295 5701 10457
27605 27644 28633
27644 27605 28633
28633 27605 27644
28892 8491 25506
25506 8491 28892
8491 25506 28892
20394 11342 25833
11342 20394 25833
25833 11342 20394
10190 2316 21725
21725 2316 10190
2316 10190 21725
7748 14891 21660
14891 7748 21660
21660 7748 14891
7471 3208 5031
3208 5031 7471
5031 3208 7471
26110 4999 17347
17347 4999 26110
4999 17347 26110
20134 21199 21721
21199 20134 21721
21721 20134 21199
26053 3774 15162
3774 15162 26053
15162 3774 26053
5949 1296 12990
12990 1296 5949
1296 5949 12990
16215 2955 12030
2955 12030 16215
12030 2955 16215
14312 8655 14088
8655 14088 14312
14088 8655 14312
24208 16067 22196
16067 22196 24208
22196 16067 24208
15155 3209 22974
3209 15155 22974
22974 3209 15155
2207 13990 20817
13990 2207 20817
20817 2207 13990
2514 20898 27703
20898 2514 27703
27703 2514 20898
24304 6176 10068
10068 6176 24304
6176 10068 24304
25638 3851 19149
3851 19149 25638
19149 3851 25638
26702 19028 28604
28604 19028 26702
19028 26702 28604
1837 6213 10241
10241 1837 6213
6213 1837 10241
24183 2048 24962
24962 2048 24183
2048 24183 24962
16930 904 7881
904 7881 16930
7881 904 16930
11948 11721 21070
21070 11721 11948
11721 11948 21070
15697 19303 22189
22189 15697 19303
19303 15697 22189
7725 1380 12299
1380 7725 12299
12299 1380 7725
28889 18708 21506
18708 21506 28889
21506 18708 28889
20705 8802 27724
8802 20705 27724
27724 8802 20705
7131 5064 13072
13072 5064 7131
5064 7131 13072
9227 10514 16742
16742 9227 10514
10514 9227 16742
4728 15523 29173
15523 4728 29173
29173 4728 15523
5767 12052 22624
12052 5767 22624
22624 5767 12052
27460 3002 7074
7074 3002 27460
3002 7074 27460
28937 12586 16184
12586 16184 28937
16184 12586 28937
4765 14681 24820
14681 4765 24820
24820 4765 14681
9895 3855 4150
4150 3855 9895
3855 4150 9895
28282 7485 15206
7485 15206 28282
15206 7485 28282
24840 18179 24857
18179 24840 24857
24857 18179 24840
15242 6004 9653
6004 9653 15242
9653 6004 15242
17475 13318 29033
29033 13318 17475
13318 17475 29033
22093 7826 10589
10589 7826 22093
7826 10589 22093
13035 10840 21834
10840 13035 21834
21834 10840 13035
27370 25347 29408
25347 27370 29408
29408 25347 27370
22259 9095 10449
9095 10449 22259
10449 9095 22259
185 9981 21696
9981 185 21696
21696 185 9981
18777 5149 8381
5149 8381 18777
8381 5149 18777
28446 136 6632
6632 136 28446
136 6632 28446
25814 13316 18457
18457 13316 25814
13316 18457 25814
318 10776 11706
11706 318 10776
10776 318 11706
88 6745 17672
6745 88 17672
17672 88 6745
18456 9632 13505
9632 13505 18456
13505 9632 18456
208 24543 29374
29374 208 24543
24543 208 29374
14208 424 25573
424 14208 25573
25573 424 14208
11593 5737 12864
5737 11593 12864
12864 5737 11593
22569 850 3053
850 3053 22569
3053 850 22569
13784 18750 27666
27666 13784 18750
18750 13784 27666
6174 930 13234
930 6174 13234
13234 930 6174
16477 5657 24308
24308 5657 16477
5657 16477 24308
20411 5182 15119
15119 5182 20411
5182 15119 20411
9767 1247 5898
5898 1247 9767
1247 5898 9767
2447 3753 27535
27535 2447 3753
3753 2447 27535
29047 3651 22951
22951 3651 29047
3651 22951 29047
21564 9908 17587
9908 17587 21564
17587 9908 21564
12495 7866 20555
20555 7866 12495
7866 12495 20555
29631 9097 13696
9097 13696 29631
13696 9097 29631
6469 4216 8274
8274 4216 6469
4216 6469 8274
26858 12827 29122
29122 12827 26858
12827 26858 29122
4937 18431 24773
24773 4937 18431
18431 4937 24773
11310 11717 15899
11717 11310 15899
15899 11310 11717
2420 4698 24265
24265 2420 4698
4698 2420 24265
6580 379 17917
17917 379 6580
379 6580 17917
975 11977 13287
11977 975 13287
13287 975 11977
2320 15518 17564
15518 2320 17564
17564 2320 15518
26489 2040 23018
23018 2040 26489
2040 23018 26489
12607 7634 27305
27305 7634 12607
7634 12607 27305
11257 1635 22278
22278 1635 11257
1635 11257 22278
2580 4948 10755
4948 2580 10755
10755 2580 4948
11640 3692 3891
3692 3891 11640
3891 3692 11640
24321 9731 18216
9731 18216 24321
18216 9731 24321
10959 688 17086
17086 688 10959
688 10959 17086
26676 9055 21849
21849 9055 26676
9055 21849 26676
18120 10137 20206
10137 18120 20206
20206 10137 18120
15960 18771 27967
18771 15960 27967
27967 15960 18771
6140 9881 20580
9881 6140 20580
20580 6140 9881
19768 8912 11364
8912 11364 19768
11364 8912 19768
10833 6873 10802
10802 6873 10833
6873 10802 10833
10881 4592 15269
4592 10881 15269
15269 4592 10881
20397 24920 25310
25310 20397 24920
24920 20397 25310
5574 572 29258
29258 572 5574
572 5574 29258
7860 12444 25839
25839 7860 12444
12444 7860 25839
8028 11018 23966
23966 8028 11018
11018 8028 23966
26577 27008 28024
28024 26577 27008
27008 26577 28024
19255 11694 25726
25726 11694 19255
11694 19255 25726
26382 21175 21603
21175 21603 26382
21603 21175 26382
3052 5938 9675
9675 3052 5938
5938 3052 9675
28631 2047 14927
14927 2047 28631
2047 14927 28631
11530 1904 26210
26210 1904 11530
1904 11530 26210
870 14218 20824
14218 870 20824
20824 870 14218
24413 17186 18080
18080 17186 24413
17186 18080 24413
11989 13422 25739
25739 11989 13422
13422 11989 25739
4166 14490 16137
16137 4166 14490
14490 4166 16137
8109 9619 28039
28039 8109 9619
9619 8109 28039
7721 5069 18269
5069 7721 18269
18269 5069 7721
8576 24759 26006
24759 8576 26006
26006 8576 24759
18623 4819 21207
4819 18623 21207
21207 4819 18623
21775 10212 15486
15486 10212 21775
10212 15486 21775
18197 10585 27557
27557 10585 18197
10585 18197 27557
5334 15408 29436
29436 5334 15408
15408 5334 29436
24202 11010 19596
11010 19596 24202
19596 11010 24202
14077 12232 24970
12232 14077 24970
24970 12232 14077
21681 211 3083
3083 211 21681
211 3083 21681
2792 1963 26729
1963 2792 26729
26729 1963 2792
27378 2481 26234
26234 2481 27378
2481 26234 27378
21234 6303 16220
6303 16220 21234
16220 6303 21234
12221 16076 21559
16076 12221 21559
21559 12221 16076
946 24125 28141
24125 946 28141
28141 946 24125
27284 4330 19229
4330 19229 27284
19229 4330 27284
2043 7950 9871
7950 2043 9871
9871 2043 7950
12408 4362 17078
17078 4362 12408
4362 12408 17078
23102 3177 16519
3177 16519 23102
16519 3177 23102
8492 8799 18159
18159 8492 8799
8799 8492 18159
27048 42 17208
17208 42 27048
42 17208 27048
11121 7517 20065
20065 7517 11121
7517 11121 20065
28338 11759 12683
11759 12683 28338
12683 11759 28338
20114 15032 22209
22209 15032 20114
15032 20114 22209
19158 13871 14435
14435 13871 19158
13871 14435 19158
29758 15184 27600
15184 27600 29758
27600 15184 29758
8361 13067 22383
22383 8361 13067
13067 8361 22383
3844 2711 11643
2711 3844 11643
11643 2711 3844
23897 27868 29059
29059 23897 27868
27868 23897 29059
20540 1648 6979
6979 1648 20540
1648 6979 20540
5405 891 24807
24807 891 5405
891 5405 24807
6436 24140 27853
24140 6436 27853
27853 6436 24140
27146 5387 16256
5387 16256 27146
16256 5387 27146
25476 2822 12852
12852 2822 25476
2822 12852 25476
15375 1199 10317
10317 1199 15375
1199 10317 15375
23387 11274 13769
11274 13769 23387
13769 11274 23387
17906 24660 26126
26126 17906 24660
24660 17906 26126
22087 7132 17342
7132 17342 22087
17342 7132 22087
21470 12379 15701
15701 12379 21470
12379 15701 21470
29025 11405 24009
11405 24009 29025
24009 11405 29025
6031 19529 25146
25146 6031 19529
19529 6031 25146
22580 4311 17813
4311 17813 22580
17813 4311 22580
8561 882 27049
27049 882 8561
882 8561 27049
425 1714 23462
1714 425 23462
23462 425 1714
6560 4780 26531
4780 6560 26531
26531 4780 6560
15991 5977 23916
23916 5977 15991
5977 15991 23916
28755 11350 26870
26870 11350 28755
11350 26870 28755
28146 13018 22526
13018 22526 28146
22526 13018 28146
29682 11479 21475
21475 11479 29682
11479 21475 29682
9858 135 19312
19312 135 9858
135 9858 19312
4898 9596 28770
9596 4898 28770
28770 4898 9596
10625 4564 13827
4564 10625 13827
13827 4564 10625
11075 1023 2655
2655 1023 11075
1023 2655 11075
3800 21167 27629
27629 3800 21167
21167 3800 27629
7043 8594 20770
20770 7043 8594
8594 7043 20770
10391 13631 27795
27795 10391 13631
13631 10391 27795
6378 5709 19678
19678 5709 6378
5709 6378 19678
6690 1846 6421
6421 1846 6690
1846 6421 6690
13699 20748 23528
20748 13699 23528
23528 13699 20748
11823 5497 27208
5497 11823 27208
27208 5497 11823
1070 2505 17149
17149 1070 2505
2505 1070 17149
1080 11230 28467
28467 1080 11230
11230 1080 28467
23283 24409 29193
24409 23283 29193
29193 23283 24409
14807 23098 23242
23098 14807 23242
23242 14807 23098
1862 20637 24472
24472 1862 20637
20637 1862 24472
13953 5835 21742
5835 13953 21742
21742 5835 13953
20874 1392 11623
11623 1392 20874
1392 11623 20874
18313 5192 6061
5192 6061 18313
6061 5192 18313
2003 16029 22919
22919 2003 16029
16029 2003 22919
9590 5203 5721
5203 5721 9590
5721 5203 9590
13403 11299 24926
24926 11299 13403
11299 13403 24926
20546 9669 26181
9669 20546 26181
26181 9669 20546
22274 3728 16803
3728 16803 22274
16803 3728 22274
23132 4709 12896
12896 4709 23132
4709 12896 23132
20323 5132 19509
5132 19509 20323
19509 5132 20323
20818 16532 16757
16757 16532 20818
16532 16757 20818
2296 15340 16524
16524 2296 15340
15340 2296 16524
884 1661 19789
19789 884 1661
1661 884 19789
9685 1379 19201
1379 9685 19201
19201 1379 9685
800 1079 2460
1079 800 2460
2460 800 1079
28727 8920 19230
19230 8920 28727
8920 19230 28727
22008 2266 19499
2266 19499 22008
19499 2266 22008
21380 25406 27732
25406 21380 27732
27732 21380 25406
18089 2875 18744
2875 18089 18744
18744 2875 18089
1472 10185 12276
12276 1472 10185
10185 1472 12276
12022 6273 21125
21125 6273 12022
6273 12022 21125
19173 10793 29667
10793 19173 29667
29667 10793 19173
10916 1842 9334
9334 1842 10916
1842 9334 10916
26579 1285 16809
1285 16809 26579
16809 1285 26579
12650 11707 24474
24474 11707 12650
11707 12650 24474
12365 11650 28318
11650 12365 28318
28318 11650 12365
3818 22832 27866
27866 3818 22832
22832 3818 27866
47 1383 15691
1383 47 15691
15691 47 1383
21210 11519 24106
24106 11519 21210
11519 21210 24106
23295 2591 7578
7578 2591 23295
2591 7578 23295
23607 5208 27404
27404 5208 23607
5208 23607 27404
18210 9125 9388
9388 9125 18210
9125 9388 18210
9019 10309 17956
10309 9019 17956
17956 9019 10309
28643 4312 22977
22977 4312 28643
4312 22977 28643
28884 7105 11316
7105 11316 28884
11316 7105 28884
18832 888 28403
28403 888 18832
888 18832 28403
23972 7637 21985
21985 7637 23972
7637 21985 23972
24622 11898 12439
12439 11898 24622
11898 12439 24622
26536 14376 16266
