28460 13847 27715
27715 13847 28460
13847 27715 28460
24677 19893 27911
27911 19893 24677
19893 24677 27911
22908 2162 3854
3854 2162 22908
2162 3854 22908
25875 1857 9897
9897 1857 25875
1857 9897 25875
5482 17647 25181
17647 5482 25181
25181 5482 17647
21217 15058 15845
15845 15058 21217
15058 15845 21217
14572 2061 12401
2061 12401 14572
12401 2061 14572
9946 18508 19137
18508 9946 19137
19137 9946 18508
21941 8718 16405
16405 8718 21941
8718 16405 21941
11825 1826 11134
11134 1826 11825
1826 11134 11825
20207 8914 21640
21640 8914 20207
8914 20207 21640
22019 18350 20060
18350 20060 22019
20060 18350 22019
22716 8956 13011
8956 13011 22716
13011 8956 22716
24717 10973 18098
10973 18098 24717
18098 10973 24717
11071 23775 29734
29734 11071 23775
23775 11071 29734
15248 1488 29921
29921 1488 15248
1488 15248 29921
27108 19479 28972
28972 19479 27108
19479 27108 28972
10726 10701 16945
10701 10726 16945
16945 10701 10726
12031 23272 26089
23272 12031 26089
26089 12031 23272
21647 17583 29835
29835 17583 21647
17583 21647 29835
3744 2037 4090
2037 3744 4090
4090 2037 3744
24105 7978 11635
7978 11635 24105
11635 7978 24105
10269 12579 18878
12579 10269 18878
18878 10269 12579
3382 11375 28397
28397 3382 11375
11375 3382 28397
25803 4921 19890
19890 4921 25803
4921 19890 25803
21938 2986 13204
2986 13204 21938
13204 2986 21938
13074 13337 16149
13337 13074 16149
16149 13074 13337
14653 18443 19350
19350 14653 18443
18443 14653 19350
27930 4079 15120
4079 15120 27930
15120 4079 27930
15654 3843 8011
8011 3843 15654
3843 8011 15654
29264 23327 25017
23327 25017 29264
25017 23327 29264
19512 16827 29234
29234 16827 19512
16827 19512 29234
2457 1983 25946
1983 2457 25946
25946 1983 2457
27333 1918 22031
22031 1918 27333
1918 22031 27333
17261 22953 29553
22953 17261 29553
29553 17261 22953
13236 8526 20387
20387 8526 13236
8526 13236 20387
14601 13516 14219
13516 14219 14601
14219 13516 14601
6754 10568 28625
28625 6754 10568
10568 6754 28625
13920 2756 11496
2756 11496 13920
11496 2756 13920
26434 7481 12624
12624 7481 26434
7481 12624 26434
28001 12924 21863
21863 12924 28001
12924 21863 28001
23326 14597 22369
14597 22369 23326
22369 14597 23326
7893 255 23513
255 7893 23513
23513 255 7893
27422 5686 25283
5686 25283 27422
25283 5686 27422
806 8531 21775
21775 806 8531
8531 806 21775
22439 108 2753
2753 108 22439
108 2753 22439
8986 5699 7488
7488 5699 8986
5699 7488 8986
3776 1042 11314
1042 3776 11314
11314 1042 3776
7299 17594 24839
24839 7299 17594
17594 7299 24839
20514 6486 14140
6486 14140 20514
14140 6486 20514
9240 5227 12965
5227 9240 12965
12965 5227 9240
16467 2359 12785
2359 12785 16467
12785 2359 16467
15417 5102 12433
12433 5102 15417
5102 12433 15417
25546 307 14042
14042 307 25546
307 14042 25546
19769 9212 20374
9212 19769 20374
20374 9212 19769
25302 3989 27414
27414 3989 25302
3989 25302 27414
17642 18914 28254
28254 17642 18914
18914 17642 28254
22662 8428 24393
8428 22662 24393
24393 8428 22662
4266 3427 4902
4902 3427 4266
3427 4266 4902
17534 10932 26782
26782 10932 17534
10932 17534 26782
18837 1457 26212
1457 18837 26212
26212 1457 18837
27708 5926 12607
12607 5926 27708
5926 12607 27708
28414 9958 28975
9958 28414 28975
28975 9958 28414
1110 25965 29556
29556 1110 25965
25965 1110 29556
4920 5346 24202
5346 4920 24202
24202 4920 5346
24631 8985 24841
24841 8985 24631
8985 24631 24841
5765 16742 27336
27336 5765 16742
16742 5765 27336
19355 7715 21954
7715 19355 21954
21954 7715 19355
14618 32 1955
32 1955 14618
1955 32 14618
3137 13925 26240
26240 3137 13925
13925 3137 26240
12694 4745 29992
4745 12694 29992
29992 4745 12694
7639 11757 22844
11757 7639 22844
22844 7639 11757
28566 17207 22723
17207 22723 28566
22723 17207 28566
23175 23307 28672
28672 23175 23307
23307 23175 28672
20768 28059 28668
28059 20768 28668
28668 20768 28059
7257 2454 28255
28255 2454 7257
2454 7257 28255
9404 6408 15520
15520 6408 9404
6408 9404 15520
26248 10358 29510
29510 10358 26248
10358 26248 29510
5164 3261 6049
3261 5164 6049
6049 3261 5164
8602 5284 10519
5284 8602 10519
10519 5284 8602
2319 11282 25316
25316 2319 11282
11282 2319 25316
911 15084 17523
17523 911 15084
15084 911 17523
1773 9915 26163
9915 1773 26163
26163 1773 9915
15838 10416 18806
10416 15838 18806
18806 10416 15838
29181 7980 20184
7980 20184 29181
20184 7980 29181
15864 21466 22897
22897 15864 21466
21466 15864 22897
27391 7553 18418
7553 18418 27391
18418 7553 27391
7050 24221 24629
24221 7050 24629
24629 7050 24221
5888 23596 27564
23596 5888 27564
27564 5888 23596
4143 4122 16678
16678 4122 4143
4122 4143 16678
2601 10497 22642
22642 2601 10497
10497 2601 22642
1513 21495 28340
21495 1513 28340
28340 1513 21495
16287 22476 28048
28048 16287 22476
22476 16287 28048
15953 6481 11033
11033 6481 15953
6481 11033 15953
24009 23315 29079
29079 23315 24009
23315 24009 29079
27201 13814 26588
26588 13814 27201
13814 26588 27201
26460 5690 24056
24056 5690 26460
5690 24056 26460
28814 3991 6692
3991 6692 28814
6692 3991 28814
2383 8563 11275
8563 2383 11275
11275 2383 8563
7346 3896 19179
19179 3896 7346
3896 7346 19179
28654 8140 9470
8140 9470 28654
9470 8140 28654
22048 14116 28510
14116 22048 28510
28510 14116 22048
23040 6687 19637
6687 19637 23040
19637 6687 23040
678 21431 27979
21431 678 27979
27979 678 21431
21380 22671 24238
22671 21380 24238
24238 21380 22671
24447 10529 14452
10529 14452 24447
14452 10529 24447
5136 259 9800
259 5136 9800
9800 259 5136
27859 4300 18591
4300 18591 27859
18591 4300 27859
5427 2458 20166
2458 5427 20166
20166 2458 5427
11624 2929 11620
2929 11620 11624
11620 2929 11624
27035 20003 23889
23889 20003 27035
20003 23889 27035
7726 180 22861
180 7726 22861
22861 180 7726
29968 13006 25822
13006 25822 29968
25822 13006 29968
24501 3267 6086
6086 3267 24501
3267 6086 24501
27276 80 8787
80 8787 27276
8787 80 27276
14107 8561 29708
29708 8561 14107
8561 14107 29708
11427 5413 17062
5413 11427 17062
17062 5413 11427
15361 9657 20488
9657 15361 20488
20488 9657 15361
23471 4517 8741
8741 4517 23471
4517 8741 23471
1404 2550 17945
2550 1404 17945
17945 1404 2550
14388 24830 26150
24830 14388 26150
26150 14388 24830
800 9515 25954
9515 800 25954
25954 800 9515
330 13712 25516
25516 330 13712
13712 330 25516
814 10815 23123
10815 814 23123
23123 814 10815
20678 3968 27372
3968 20678 27372
27372 3968 20678
2619 7691 18865
7691 2619 18865
18865 2619 7691
6239 24109 26399
24109 6239 26399
26399 6239 24109
296 1444 7266
7266 296 1444
1444 296 7266
19272 7855 8346
8346 7855 19272
7855 8346 19272
27511 23797 24815
23797 24815 27511
24815 23797 27511
27599 17533 18175
17533 18175 27599
18175 17533 27599
252 1080 11390
11390 252 1080
1080 252 11390
4530 12125 20123
20123 4530 12125
12125 4530 20123
22205 12382 27880
27880 12382 22205
12382 22205 27880
29356 10700 13386
10700 13386 29356
13386 10700 29356
29711 680 14960
14960 680 29711
680 14960 29711
20408 4287 11776
4287 11776 20408
11776 4287 20408
17932 4378 24184
24184 4378 17932
4378 17932 24184
18192 5898 24451
5898 18192 24451
24451 5898 18192
25774 18314 26072
26072 18314 25774
18314 25774 26072
1704 13958 14308
14308 1704 13958
13958 1704 14308
12794 3647 27933
27933 3647 12794
3647 12794 27933
17724 16504 26534
26534 16504 17724
16504 17724 26534
19211 10094 14763
14763 10094 19211
10094 14763 19211
19055 21536 22965
22965 19055 21536
21536 19055 22965
21577 1231 3489
1231 3489 21577
3489 1231 21577
7320 6737 7381
7381 6737 7320
6737 7320 7381
14498 2110 22424
2110 14498 22424
22424 2110 14498
3047 14404 29193
29193 3047 14404
14404 3047 29193
25280 375 20800
20800 375 25280
375 20800 25280
9074 6714 26809
6714 9074 26809
26809 6714 9074
12649 667 9150
9150 667 12649
667 9150 12649
9341 532 19460
19460 532 9341
532 9341 19460
28985 2287 22076
22076 2287 28985
2287 22076 28985
13611 10677 28931
10677 13611 28931
28931 10677 13611
24636 5759 18864
18864 5759 24636
5759 18864 24636
4253 16064 24280
24280 4253 16064
16064 4253 24280
29871 12552 22739
22739 12552 29871
12552 22739 29871
261 3362 26043
26043 261 3362
3362 261 26043
1353 1193 4144
1193 1353 4144
4144 1193 1353
26614 9415 18567
18567 9415 26614
9415 18567 26614
12952 2395 4155
4155 2395 12952
2395 4155 12952
4853 12535 22778
12535 4853 22778
22778 4853 12535
3658 1555 18451
18451 1555 3658
1555 3658 18451
21326 15375 25859
25859 15375 21326
15375 21326 25859
4123 10137 19018
10137 4123 19018
19018 4123 10137
29091 17488 17854
17854 17488 29091
17488 17854 29091
581 3296 24468
24468 581 3296
3296 581 24468
29443 16526 22804
16526 22804 29443
22804 16526 29443
10508 2057 26609
2057 10508 26609
26609 2057 10508
9750 15686 22458
22458 9750 15686
15686 9750 22458
10611 1908 21123
1908 10611 21123
21123 1908 10611
17747 15709 25092
25092 15709 17747
15709 17747 25092
11788 3539 19822
3539 11788 19822
19822 3539 11788
11415 9580 29217
29217 9580 11415
9580 11415 29217
26661 26786 29526
29526 26661 26786
26786 26661 29526
15801 19233 29309
29309 15801 19233
19233 15801 29309
8817 22016 24954
24954 8817 22016
22016 8817 24954
19110 23678 27867
27867 19110 23678
23678 19110 27867
8093 7569 18934
18934 7569 8093
7569 8093 18934
25290 5170 25335
5170 25290 25335
25335 5170 25290
13821 693 28187
693 13821 28187
28187 693 13821
6107 1196 21705
21705 1196 6107
1196 6107 21705
11238 19396 26738
26738 11238 19396
19396 11238 26738
8127 1877 11958
1877 8127 11958
11958 1877 8127
15108 16364 28900
16364 15108 28900
28900 15108 16364
16194 2675 23840
23840 2675 16194
2675 16194 23840
27468 14909 17263
17263 14909 27468
14909 17263 27468
25270 21823 21922
21922 21823 25270
21823 21922 25270
22339 13871 14085
13871 14085 22339
14085 13871 22339
20976 12231 24160
12231 20976 24160
24160 12231 20976
28286 10483 11017
11017 10483 28286
10483 11017 28286
22391 10089 12833
12833 10089 22391
10089 12833 22391
16084 9295 11029
11029 9295 16084
9295 11029 16084
17122 10406 28074
28074 10406 17122
10406 17122 28074
19931 1009 10469
1009 10469 19931
10469 1009 19931
29017 6145 9558
6145 9558 29017
9558 6145 29017
26478 14698 26561
26561 14698 26478
14698 26478 26561
4752 7446 14529
14529 4752 7446
7446 4752 14529
25383 11034 17396
11034 17396 25383
17396 11034 25383
22578 2266 17076
17076 2266 22578
2266 17076 22578
3071 6796 20380
20380 3071 6796
6796 3071 20380
13829 12151 20738
20738 12151 13829
12151 13829 20738
16230 24911 29626
29626 16230 24911
24911 16230 29626
10149 11048 26795
26795 10149 11048
11048 10149 26795
9310 20673 29779
20673 9310 29779
29779 9310 20673
302 16286 17332
17332 302 16286
16286 302 17332
12900 10070 17356
10070 12900 17356
17356 10070 12900
15202 21641 23707
21641 15202 23707
23707 15202 21641
17862 271 1062
271 1062 17862
1062 271 17862
14402 18616 28887
28887 14402 18616
18616 14402 28887
26665 23140 29840
29840 23140 26665
23140 26665 29840
3981 1375 11188
11188 1375 3981
1375 3981 11188
14050 6448 18765
6448 14050 18765
18765 6448 14050
2176 4803 7609
4803 2176 7609
7609 2176 4803
25354 9504 13652
13652 9504 25354
9504 13652 25354
28182 15277 16594
15277 16594 28182
16594 15277 28182
23039 8778 12967
12967 8778 23039
8778 12967 23039
24508 5181 16614
5181 16614 24508
16614 5181 24508
21895 18972 20165
20165 18972 21895
18972 20165 21895
16358 12098 22793
22793 12098 16358
12098 16358 22793
4550 12093 27113
12093 4550 27113
27113 4550 12093
25880 1423 3189
3189 1423 25880
1423 3189 25880
25037 4201 24503
24503 4201 25037
4201 24503 25037
10286 1198 1912
1912 1198 10286
1198 1912 10286
14133 2491 19314
19314 2491 14133
2491 14133 19314
5223 13116 15972
13116 5223 15972
15972 5223 13116
2409 545 28951
28951 545 2409
545 2409 28951
7412 10516 17368
10516 7412 17368
17368 7412 10516
24862 4440 22583
4440 22583 24862
22583 4440 24862
20185 18184 25305
25305 18184 20185
18184 20185 25305
16291 12142 15726
15726 12142 16291
12142 15726 16291
9343 12110 25435
12110 9343 25435
25435 9343 12110
26243 12721 19083
12721 19083 26243
19083 12721 26243
6655 18897 20015
20015 6655 18897
18897 6655 20015
25519 18637 27174
27174 18637 25519
18637 25519 27174
5777 10435 21180
21180 5777 10435
10435 5777 21180
21090 17313 20332
17313 20332 21090
20332 17313 21090
5831 10688 12809
10688 5831 12809
12809 5831 10688
23950 2883 13586
2883 13586 23950
13586 2883 23950
308 4621 14294
14294 308 4621
4621 308 14294
27216 11456 15879
11456 15879 27216
15879 11456 27216
26648 15672 16125
15672 16125 26648
16125 15672 26648
6604 18456 29971
29971 6604 18456
18456 6604 29971
11374 8939 23417
23417 8939 11374
8939 11374 23417
16936 1367 29561
29561 1367 16936
1367 16936 29561
2008 9899 17334
9899 2008 17334
17334 2008 9899
27465 12930 21076
12930 21076 27465
21076 12930 27465
19803 22960 23907
22960 19803 23907
23907 19803 22960
9601 3292 14998
3292 9601 14998
14998 3292 9601
10173 6489 26654
6489 10173 26654
26654 6489 10173
29114 17371 21013
21013 17371 29114
17371 21013 29114
24506 10410 23540
23540 10410 24506
10410 23540 24506
15770 1087 23644
1087 15770 23644
23644 1087 15770
11139 8763 14098
14098 8763 11139
8763 11139 14098
4636 12623 13781
12623 4636 13781
13781 4636 12623
15731 777 8146
8146 777 15731
777 8146 15731
15698 1197 18308
1197 15698 18308
18308 1197 15698
19470 7114 25026
25026 7114 19470
7114 19470 25026
29825 3543 11112
11112 3543 29825
3543 11112 29825
29358 25548 26848
26848 25548 29358
25548 26848 29358
5585 5943 15051
15051 5585 5943
5943 5585 15051
29702 4669 17216
17216 4669 29702
4669 17216 29702
23886 7073 9762
7073 9762 23886
9762 7073 23886
10574 5736 27866
5736 10574 27866
27866 5736 10574
5597 129 9768
129 5597 9768
9768 129 5597
27531 3565 7499
7499 3565 27531
3565 7499 27531
1073 13123 26343
13123 1073 26343
26343 1073 13123
21404 5822 10108
10108 5822 21404
5822 10108 21404
8782 22435 24525
24525 8782 22435
22435 8782 24525
27955 3339 4531
3339 4531 27955
4531 3339 27955
10383 12909 18858
12909 10383 18858
18858 10383 12909
1211 24628 29272
24628 1211 29272
29272 1211 24628
10000 3713 19376
19376 3713 10000
3713 10000 19376
20611 3435 5593
3435 5593 20611
5593 3435 20611
23662 3696 7473
7473 3696 23662
3696 7473 23662
3163 7486 15123
7486 3163 15123
15123 3163 7486
10751 8514 19399
8514 10751 19399
19399 8514 10751
18931 6394 29330
29330 6394 18931
6394 18931 29330
28724 1560 19968
1560 19968 28724
19968 1560 28724
23457 309 26940
26940 309 23457
309 23457 26940
13711 6096 27262
6096 13711 27262
27262 6096 13711
10062 6292 16584
6292 10062 16584
16584 6292 10062
8327 22857 29112
29112 8327 22857
22857 8327 29112
16412 4804 19264
4804 16412 19264
19264 4804 16412
29929 13845 25683
13845 25683 29929
25683 13845 29929
10795 2120 11041
2120 10795 11041
11041 2120 10795
28554 11548 19298
19298 11548 28554
11548 19298 28554
18421 9771 15478
15478 9771 18421
9771 15478 18421
8148 3139 9186
3139 8148 9186
9186 3139 8148
26869 13057 20020
13057 20020 26869
20020 13057 26869
27586 1165 10521
10521 1165 27586
1165 10521 27586
22803 1986 19160
19160 1986 22803
1986 19160 22803
9249 6577 26333
26333 6577 9249
6577 9249 26333
27842 6350 27525
6350 27525 27842
27525 6350 27842
24769 6550 15110
6550 15110 24769
15110 6550 24769
23383 17670 19305
19305 17670 23383
17670 19305 23383
23806 5161 16193
5161 16193 23806
16193 5161 23806
20497 18477 22640
18477 20497 22640
22640 18477 20497
12135 1108 13141
13141 1108 12135
1108 12135 13141
17645 4290 4686
4290 4686 17645
4686 4290 17645
12795 13706 23683
23683 12795 13706
13706 12795 23683
19587 10740 23935
10740 19587 23935
23935 10740 19587
554 12430 19798
19798 554 12430
12430 554 19798
23473 11237 19229
19229 11237 23473
11237 19229 23473
10189 13206 27204
13206 10189 27204
27204 10189 13206
19483 20613 25101
20613 19483 25101
25101 19483 20613
9909 9092 20490
9092 9909 20490
20490 9092 9909
25658 12592 17133
17133 12592 25658
12592 17133 25658
1794 17354 25764
17354 1794 25764
25764 1794 17354
8429 19147 25757
19147 8429 25757
25757 8429 19147
3849 2391 13285
13285 2391 3849
2391 3849 13285
2896 8048 8471
8048 2896 8471
8471 2896 8048
3203 6667 24785
6667 3203 24785
24785 3203 6667
17545 19670 25411
19670 17545 25411
25411 17545 19670
14928 2280 9270
2280 9270 14928
9270 2280 14928
12859 22183 25260
22183 12859 25260
25260 12859 22183
4335 4375 4396
4396 4335 4375
4375 4335 4396
24347 19193 27984
19193 24347 27984
27984 19193 24347
26645 16568 16838
16838 16568 26645
16568 16838 26645
19221 606 12338
606 12338 19221
12338 606 19221
22864 4478 20201
4478 20201 22864
20201 4478 22864
19330 2629 7522
2629 7522 19330
7522 2629 19330
3657 8474 15895
8474 3657 15895
15895 3657 8474
27912 4996 10120
4996 10120 27912
10120 4996 27912
274 8605 14654
14654 274 8605
8605 274 14654
7766 12718 20986
12718 7766 20986
20986 7766 12718
8349 3133 3734
3133 3734 8349
3734 3133 8349
26765 4880 9532
9532 4880 26765
4880 9532 26765
23846 5115 16690
16690 5115 23846
5115 16690 23846
12403 16136 25788
16136 12403 25788
25788 12403 16136
6539 20756 29557
29557 6539 20756
20756 6539 29557
25953 17838 29694
29694 17838 25953
17838 25953 29694
1283 6250 18232
18232 1283 6250
6250 1283 18232
17584 17938 23825
23825 17584 17938
17938 17584 23825
12835 22917 23295
23295 12835 22917
22917 12835 23295
22399 2089 23115
2089 22399 23115
23115 2089 22399
10059 10840 16644
16644 10059 10840
10840 10059 16644
13735 6125 10134
6125 10134 13735
10134 6125 13735
6561 19503 28200
19503 6561 28200
28200 6561 19503
29951 22398 28272
22398 28272 29951
28272 22398 29951
9418 3367 3980
3980 3367 9418
3367 3980 9418
23444 10522 20398
10522 20398 23444
20398 10522 23444
5547 1394 9831
9831 1394 5547
1394 5547 9831
8049 407 16403
16403 407 8049
407 8049 16403
14898 2944 15699
15699 2944 14898
2944 14898 15699
21956 3185 9999
3185 9999 21956
9999 3185 21956
7133 6799 12320
6799 7133 12320
12320 6799 7133
14159 774 29595
774 14159 29595
29595 774 14159
12741 5208 17794
5208 12741 17794
17794 5208 12741
1379 10941 24883
24883 1379 10941
10941 1379 24883
10912 17874 19582
17874 10912 19582
19582 10912 17874
3642 10178 24124
10178 3642 24124
24124 3642 10178
27737 8849 29849
8849 27737 29849
29849 8849 27737
23143 620 9085
9085 620 23143
620 9085 23143
23592 19975 20570
20570 19975 23592
19975 20570 23592
8796 4527 14051
14051 4527 8796
4527 8796 14051
333 7218 25471
7218 333 25471
25471 333 7218
2865 4536 27304
27304 2865 4536
4536 2865 27304
3249 19941 27042
19941 3249 27042
27042 3249 19941
27370 12293 16871
12293 16871 27370
16871 12293 27370
9672 1886 13657
1886 9672 13657
13657 1886 9672
18693 4044 29533
29533 4044 18693
4044 18693 29533
7809 4467 24948
4467 7809 24948
24948 4467 7809
415 27145 27575
27145 415 27575
27575 415 27145
22144 20966 21904
21904 20966 22144
20966 21904 22144
17167 3108 24786
24786 3108 17167
3108 17167 24786
8288 10955 29875
10955 8288 29875
29875 8288 10955
11352 2357 23178
2357 11352 23178
23178 2357 11352
17367 3334 4606
3334 4606 17367
4606 3334 17367
28666 862 16904
16904 862 28666
862 16904 28666
2849 16870 26773
16870 2849 26773
26773 2849 16870
12440 7670 21513
7670 12440 21513
21513 7670 12440
3403 22574 23959
23959 3403 22574
22574 3403 23959
20016 403 27592
403 20016 27592
27592 403 20016
7663 1081 5817
5817 1081 7663
1081 5817 7663
2838 24374 26118
24374 2838 26118
26118 2838 24374
5274 12509 25062
25062 5274 12509
12509 5274 25062
23618 20337 28468
28468 20337 23618
20337 23618 28468
15095 12961 14260
12961 14260 15095
14260 12961 15095
19536 9534 27676
27676 9534 19536
9534 19536 27676
8034 18787 23042
18787 8034 23042
23042 8034 18787
8057 8906 11420
11420 8057 8906
8906 8057 11420
7926 25136 27430
25136 7926 27430
27430 7926 25136
4997 8839 10944
8839 4997 10944
10944 4997 8839
9925 17872 23495
17872 9925 23495
23495 9925 17872
26018 19640 22871
22871 19640 26018
19640 22871 26018
21382 25500 27907
27907 21382 25500
25500 21382 27907
24066 3709 5003
5003 3709 24066
3709 5003 24066
13309 11453 15778
11453 13309 15778
15778 11453 13309
14722 22865 29249
29249 14722 22865
22865 14722 29249
27203 18395 26215
18395 26215 27203
26215 18395 27203
8328 16960 23246
23246 8328 16960
16960 8328 23246
20413 21507 24385
24385 20413 21507
21507 20413 24385
15111 5691 29438
5691 15111 29438
29438 5691 15111
15286 6696 8481
8481 6696 15286
6696 8481 15286
6443 18666 27518
27518 6443 18666
18666 6443 27518
24328 11595 25891
11595 24328 25891
25891 11595 24328
24145 12950 14566
12950 14566 24145
14566 12950 24145
13126 20274 25445
20274 13126 25445
25445 13126 20274
4240 15150 23563
23563 4240 15150
15150 4240 23563
29142 8130 25434
8130 25434 29142
25434 8130 29142
23207 5840 9938
5840 9938 23207
9938 5840 23207
17961 6008 12416
12416 6008 17961
6008 12416 17961
324 3083 3627
3083 324 3627
3627 324 3083
27818 2355 24063
24063 2355 27818
2355 24063 27818
27182 635 19456
635 19456 27182
19456 635 27182
16496 2155 13509
13509 2155 16496
2155 13509 16496
5080 10478 11800
11800 5080 10478
10478 5080 11800
10446 9544 25545
9544 10446 25545
25545 9544 10446
17735 25552 26186
26186 17735 25552
25552 17735 26186
4207 6374 22288
6374 4207 22288
22288 4207 6374
23597 10754 21805
21805 10754 23597
10754 21805 23597
14582 63 5395
5395 63 14582
63 5395 14582
21421 8968 15832
8968 15832 21421
15832 8968 21421
24870 4214 24661
24661 4214 24870
4214 24661 24870
20624 13619 20424
20424 13619 20624
13619 20424 20624
8437 115 8976
8976 115 8437
115 8437 8976
15239 1357 14393
14393 1357 15239
1357 14393 15239
17831 25573 25773
25573 17831 25773
25773 17831 25573
16080 2657 25134
25134 2657 16080
2657 16080 25134
16823 10302 28407
28407 10302 16823
10302 16823 28407
447 4159 20236
4159 447 20236
20236 447 4159
5085 266 14552
14552 266 5085
266 5085 14552
5426 14092 21732
14092 5426 21732
21732 5426 14092
23294 27920 28637
27920 23294 28637
28637 23294 27920
14903 8549 21358
21358 8549 14903
8549 14903 21358
27073 13755 20971
20971 13755 27073
13755 20971 27073
7707 1200 4243
1200 4243 7707
4243 1200 7707
1839 2646 17646
2646 1839 17646
17646 1839 2646
23472 19989 23867
23867 19989 23472
19989 23472 23867
7890 9036 18819
18819 7890 9036
9036 7890 18819
15665 2032 14275
2032 14275 15665
14275 2032 15665
21311 20700 28401
28401 20700 21311
20700 21311 28401
9281 1326 28217
1326 9281 28217
28217 1326 9281
10614 20857 23853
20857 10614 23853
23853 10614 20857
585 1868 28548
1868 585 28548
28548 585 1868
28007 4874 22551
22551 4874 28007
4874 22551 28007
14483 6724 25994
25994 6724 14483
6724 14483 25994
13137 914 26108
26108 914 13137
914 13137 26108
19880 18768 19776
19776 18768 19880
18768 19776 19880
2660 1443 21129
21129 1443 2660
1443 2660 21129
621 10305 13270
10305 621 13270
13270 621 10305
24672 10962 26099
26099 10962 24672
10962 24672 26099
11846 7621 16758
7621 11846 16758
16758 7621 11846
7939 20762 28361
20762 7939 28361
28361 7939 20762
17315 10213 22606
10213 17315 22606
22606 10213 17315
20046 15115 29154
29154 15115 20046
15115 20046 29154
16177 8750 16453
16453 8750 16177
8750 16177 16453
28502 7283 29250
29250 7283 28502
7283 28502 29250
14948 13351 24336
24336 13351 14948
13351 14948 24336
13110 11728 18574
11728 13110 18574
18574 11728 13110
20049 19290 20222
20222 19290 20049
19290 20049 20222
21643 19635 29960
19635 21643 29960
29960 19635 21643
7032 1765 24092
24092 1765 7032
1765 7032 24092
13568 27694 28913
27694 13568 28913
28913 13568 27694
19620 5724 24666
24666 5724 19620
5724 19620 24666
19098 19178 20383
19178 19098 20383
20383 19098 19178
4807 16973 22138
16973 4807 22138
22138 4807 16973
26067 20616 26557
26557 20616 26067
20616 26067 26557
10598 2213 22257
22257 2213 10598
2213 10598 22257
11118 14412 14503
14503 11118 14412
14412 11118 14503
2918 20862 28032
20862 2918 28032
28032 2918 20862
22604 1647 17416
1647 17416 22604
17416 1647 22604
10049 8272 26515
8272 10049 26515
26515 8272 10049
12717 18134 23250
18134 12717 23250
23250 12717 18134
2595 3160 29372
29372 2595 3160
3160 2595 29372
18688 5082 23655
23655 5082 18688
5082 18688 23655
26952 4273 28896
28896 4273 26952
4273 26952 28896
21428 3785 11023
11023 3785 21428
3785 11023 21428
19090 7236 21316
7236 19090 21316
21316 7236 19090
8294 6363 13588
6363 8294 13588
13588 6363 8294
497 4541 14259
14259 497 4541
4541 497 14259
8335 445 15696
445 8335 15696
15696 445 8335
194 9529 28112
28112 194 9529
9529 194 28112
24772 17746 29406
17746 24772 29406
29406 17746 24772
1659 4456 28034
4456 1659 28034
28034 1659 4456
11355 1330 20703
1330 11355 20703
20703 1330 11355
29383 6243 13970
6243 13970 29383
13970 6243 29383
17249 6146 13681
13681 6146 17249
6146 13681 17249
27686 8747 17383
8747 17383 27686
17383 8747 27686
16834 1787 25997
1787 16834 25997
25997 1787 16834
20040 8585 24432
8585 20040 24432
24432 8585 20040
9298 6257 21675
6257 9298 21675
21675 6257 9298
19279 9928 18208
18208 9928 19279
9928 18208 19279
13792 3321 21794
3321 13792 21794
21794 3321 13792
4111 25050 26821
25050 4111 26821
26821 4111 25050
1454 18784 23116
18784 1454 23116
23116 1454 18784
26309 17553 22348
22348 17553 26309
17553 22348 26309
15599 18481 22847
18481 15599 22847
22847 15599 18481
3424 14766 26512
14766 3424 26512
26512 3424 14766
21674 11312 16556
16556 11312 21674
11312 16556 21674
4538 185 3006
3006 185 4538
185 3006 4538
12650 3917 8517
8517 3917 12650
3917 8517 12650
24014 2519 4388
2519 4388 24014
4388 2519 24014
1535 2058 5903
5903 1535 2058
2058 1535 5903
21638 4404 4759
4404 4759 21638
4759 4404 21638
6540 2385 10275
2385 6540 10275
10275 2385 6540
21540 9932 19368
9932 19368 21540
19368 9932 21540
19831 1205 18628
1205 18628 19831
18628 1205 19831
276 18535 23917
18535 276 23917
23917 276 18535
25466 6430 21719
6430 21719 25466
21719 6430 25466
19215 6802 14234
14234 6802 19215
6802 14234 19215
45 14517 16705
14517 45 16705
16705 45 14517
8177 20657 26845
20657 8177 26845
26845 8177 20657
21591 9390 16801
16801 9390 21591
9390 16801 21591
6763 2912 25974
25974 2912 6763
2912 6763 25974
3827 8061 14093
14093 3827 8061
8061 3827 14093
14372 8922 18084
8922 14372 18084
18084 8922 14372
18480 3985 12394
12394 3985 18480
3985 12394 18480
29678 1043 26262
26262 1043 29678
1043 26262 29678
14047 19707 25116
19707 14047 25116
25116 14047 19707
5299 8132 20353
20353 5299 8132
8132 5299 20353
23768 2897 21159
2897 21159 23768
21159 2897 23768
1995 11417 22341
22341 1995 11417
11417 1995 22341
6779 4850 21665
4850 6779 21665
21665 4850 6779
8603 14061 26706
26706 8603 14061
14061 8603 26706
14945 7086 22743
22743 7086 14945
7086 14945 22743
3311 18033 27823
18033 3311 27823
27823 3311 18033
17085 20935 23238
20935 17085 23238
23238 17085 20935
16985 13922 18514
18514 13922 16985
13922 16985 18514
10023 18553 22115
18553 10023 22115
22115 10023 18553
21968 11015 13601
11015 13601 21968
13601 11015 21968
20654 24058 27466
27466 20654 24058
24058 20654 27466
14271 5812 21137
5812 14271 21137
21137 5812 14271
23490 1265 28836
28836 1265 23490
1265 23490 28836
4218 13808 18469
13808 4218 18469
18469 4218 13808
18659 12517 29175
12517 18659 29175
29175 12517 18659
27264 23573 26619
26619 23573 27264
23573 26619 27264
17626 6670 26197
26197 6670 17626
6670 17626 26197
20316 7752 11074
11074 7752 20316
7752 11074 20316
8845 4000 18369
4000 8845 18369
18369 4000 8845
22529 20485 25117
25117 20485 22529
20485 22529 25117
16869 10682 29729
10682 16869 29729
29729 10682 16869
28385 1013 13424
13424 1013 28385
1013 13424 28385
11907 3198 15661
3198 11907 15661
15661 3198 11907
19984 11149 15634
15634 11149 19984
11149 15634 19984
24759 21047 25900
25900 21047 24759
21047 24759 25900
7521 17024 23873
17024 7521 23873
23873 7521 17024
21977 906 4925
4925 906 21977
906 4925 21977
2539 9887 23876
9887 2539 23876
23876 2539 9887
2323 21133 21596
21133 2323 21596
21596 2323 21133
16893 3527 10523
10523 3527 16893
3527 10523 16893
25380 9613 24880
24880 9613 25380
9613 24880 25380
24727 17500 22512
22512 17500 24727
17500 22512 24727
8836 6187 15301
15301 6187 8836
6187 8836 15301
6131 6832 12634
12634 6131 6832
6832 6131 12634
27172 23704 28534
23704 27172 28534
28534 23704 27172
27899 9401 27557
27557 9401 27899
9401 27557 27899
13589 14236 29869
14236 13589 29869
29869 13589 14236
2587 22174 29069
22174 2587 29069
29069 2587 22174
24642 14724 27936
14724 24642 27936
27936 14724 24642
24469 3490 17250
17250 3490 24469
3490 17250 24469
829 320 10324
10324 320 829
320 829 10324
19799 6494 11436
11436 6494 19799
6494 11436 19799
15163 9970 17822
9970 15163 17822
17822 9970 15163
26807 2092 19858
19858 2092 26807
2092 19858 26807
605 8647 12873
8647 605 12873
12873 605 8647
17244 2933 10908
2933 10908 17244
10908 2933 17244
29765 8246 27567
8246 27567 29765
27567 8246 29765
17023 3944 18087
18087 3944 17023
3944 17023 18087
22894 745 11540
11540 745 22894
745 11540 22894
11823 6568 29919
6568 11823 29919
29919 6568 11823
116 2844 4558
4558 116 2844
2844 116 4558
21236 12629 27245
27245 12629 21236
12629 21236 27245
2858 17952 25606
25606 2858 17952
17952 2858 25606
14194 1236 28984
28984 1236 14194
1236 14194 28984
18488 15565 21280
15565 18488 21280
21280 15565 18488
17168 3254 17835
3254 17168 17835
17835 3254 17168
17713 76 24016
76 17713 24016
24016 76 17713
14210 4689 26723
26723 4689 14210
4689 14210 26723
15754 663 9624
663 9624 15754
9624 663 15754
28611 9188 22733
9188 22733 28611
22733 9188 28611
17750 8233 10824
8233 10824 17750
10824 8233 17750
275 6385 23770
23770 275 6385
6385 275 23770
23190 22876 28113
28113 22876 23190
22876 23190 28113
22811 1400 28888
28888 1400 22811
1400 22811 28888
27723 20661 25462
20661 25462 27723
25462 20661 27723
7289 4845 4963
4845 4963 7289
4963 4845 7289
28386 8943 17666
8943 17666 28386
17666 8943 28386
27037 2002 27062
27062 2002 27037
2002 27037 27062
4596 14477 18885
14477 4596 18885
18885 4596 14477
18439 28323 29895
29895 18439 28323
28323 18439 29895
13891 741 21032
741 13891 21032
21032 741 13891
19344 9197 11890
11890 9197 19344
9197 11890 19344
16362 5760 23535
5760 16362 23535
23535 5760 16362
17687 3437 3943
3943 3437 17687
3437 3943 17687
8502 615 10277
10277 615 8502
615 8502 10277
7191 1808 13411
1808 7191 13411
13411 1808 7191
1786 3191 18987
3191 1786 18987
18987 1786 3191
15208 9734 14322
14322 9734 15208
9734 14322 15208
13581 10184 26613
10184 13581 26613
26613 10184 13581
520 14739 28185
14739 520 28185
28185 520 14739
29826 1215 21473
1215 21473 29826
21473 1215 29826
7805 12348 21867
21867 7805 12348
12348 7805 21867
1804 3655 23171
3655 1804 23171
23171 1804 3655
5771 20119 25309
25309 5771 20119
20119 5771 25309
19511 12691 13997
13997 12691 19511
12691 13997 19511
2443 4228 6045
6045 2443 4228
4228 2443 6045
16383 18394 19749
18394 16383 19749
19749 16383 18394
4553 24200 27464
24200 4553 27464
27464 4553 24200
12865 13200 14666
14666 12865 13200
13200 12865 14666
20475 19149 26117
19149 20475 26117
26117 19149 20475
9991 3005 24607
24607 3005 9991
3005 9991 24607
17211 2152 16214
2152 16214 17211
16214 2152 17211
26418 821 4801
4801 821 26418
821 4801 26418
13575 1585 16889
16889 1585 13575
1585 13575 16889
12760 26365 28878
28878 12760 26365
26365 12760 28878
28485 1756 29963
1756 28485 29963
29963 1756 28485
10680 4940 24527
24527 4940 10680
4940 10680 24527
15203 9246 28653
9246 15203 28653
28653 9246 15203
29837 12360 12543
12543 12360 29837
12360 12543 29837
10778 3447 10291
10291 3447 10778
3447 10291 10778
18271 14868 24452
24452 14868 18271
14868 18271 24452
22051 4212 29680
29680 4212 22051
4212 22051 29680
21713 7468 26601
26601 7468 21713
7468 21713 26601
12141 6598 28181
6598 12141 28181
28181 6598 12141
16367 6557 9920
9920 6557 16367
6557 9920 16367
16111 1809 24568
24568 1809 16111
1809 16111 24568
27991 21573 26960
26960 21573 27991
21573 26960 27991
3826 13936 27938
13936 3826 27938
27938 3826 13936
10056 17624 28150
28150 10056 17624
17624 10056 28150
9435 822 27116
27116 822 9435
822 9435 27116
16831 8251 22686
22686 8251 16831
8251 16831 22686
10750 3523 21812
3523 10750 21812
21812 3523 10750
22260 7944 14942
7944 14942 22260
14942 7944 22260
6558 10396 24380
24380 6558 10396
10396 6558 24380
15558 2420 17163
17163 2420 15558
2420 15558 17163
27368 14908 26324
26324 14908 27368
14908 26324 27368
18221 3520 7101
7101 3520 18221
3520 7101 18221
2428 16947 21156
16947 2428 21156
21156 2428 16947
26533 23749 25815
23749 25815 26533
25815 23749 26533
17420 2822 21581
2822 17420 21581
21581 2822 17420
22718 4585 23941
23941 4585 22718
4585 22718 23941
784 8129 13173
8129 784 13173
13173 784 8129
14596 15843 18381
18381 14596 15843
15843 14596 18381
18417 16422 27475
27475 16422 18417
16422 18417 27475
9587 123 29928
123 9587 29928
29928 123 9587
24410 1189 2698
1189 2698 24410
2698 1189 24410
13376 8815 24679
24679 8815 13376
8815 13376 24679
10251 13541 19863
19863 10251 13541
13541 10251 19863
9976 8071 25232
8071 9976 25232
25232 8071 9976
25601 4193 12685
4193 12685 25601
12685 4193 25601
11581 14871 21289
21289 11581 14871
14871 11581 21289
1387 15101 25127
25127 1387 15101
15101 1387 25127
362 1797 11413
1797 362 11413
11413 362 1797
10337 11968 13780
11968 10337 13780
13780 10337 11968
1051 12996 24613
12996 1051 24613
24613 1051 12996
4163 1747 21001
1747 4163 21001
21001 1747 4163
12152 20106 22467
22467 12152 20106
20106 12152 22467
2670 14173 16049
16049 2670 14173
14173 2670 16049
16280 18956 26697
26697 16280 18956
18956 16280 26697
3824 7426 20267
7426 3824 20267
20267 3824 7426
19366 14241 24825
24825 14241 19366
14241 19366 24825
9264 5988 24976
24976 5988 9264
5988 9264 24976
19224 8175 22990
8175 19224 22990
22990 8175 19224
5248 10637 19926
19926 5248 10637
10637 5248 19926
16679 9936 28462
28462 9936 16679
9936 16679 28462
28293 10192 21195
10192 21195 28293
21195 10192 28293
9059 12750 13705
13705 9059 12750
12750 9059 13705
17973 4487 5109
4487 5109 17973
5109 4487 17973
27171 7251 14563
14563 7251 27171
7251 14563 27171
112 7003 15734
7003 112 15734
15734 112 7003
19253 1738 3914
1738 3914 19253
3914 1738 19253
12042 16343 28188
28188 12042 16343
16343 12042 28188
1865 15825 18215
15825 1865 18215
18215 1865 15825
5571 6258 8008
6258 5571 8008
8008 5571 6258
27133 4857 17890
17890 4857 27133
4857 17890 27133
2667 8637 28191
28191 2667 8637
8637 2667 28191
7981 3606 11529
11529 3606 7981
3606 7981 11529
28979 18429 29016
29016 18429 28979
18429 28979 29016
18147 15474 23628
15474 18147 23628
23628 15474 18147
14349 10148 15616
10148 14349 15616
15616 10148 14349
28140 3935 16163
16163 3935 28140
3935 16163 28140
14147 6104 17490
17490 6104 14147
6104 14147 17490
23511 11973 13554
13554 11973 23511
11973 13554 23511
16525 11918 12918
11918 12918 16525
12918 11918 16525
22224 7774 23494
23494 7774 22224
7774 22224 23494
19948 4923 18745
18745 4923 19948
4923 18745 19948
4723 292 19728
19728 292 4723
292 4723 19728
16250 11914 21245
21245 11914 16250
11914 16250 21245
636 12240 14128
12240 636 14128
14128 636 12240
22664 7732 16195
7732 16195 22664
16195 7732 22664
19957 7889 16269
7889 16269 19957
16269 7889 19957
28752 5774 16736
5774 16736 28752
16736 5774 28752
8689 19010 23963
19010 8689 23963
23963 8689 19010
7405 13255 25746
13255 7405 25746
25746 7405 13255
5185 8433 14947
14947 5185 8433
8433 5185 14947
17028 3418 16199
3418 16199 17028
16199 3418 17028
7515 27086 27458
27086 7515 27458
27458 7515 27086
16486 7877 23528
23528 7877 16486
7877 16486 23528
23570 6996 15733
6996 15733 23570
15733 6996 23570
12399 16581 24999
16581 12399 24999
24999 12399 16581
13736 24806 26328
24806 13736 26328
26328 13736 24806
835 4872 15577
15577 835 4872
4872 835 15577
6841 1279 14311
1279 6841 14311
14311 1279 6841
21155 4513 26110
4513 21155 26110
26110 4513 21155
15995 17093 24051
24051 15995 17093
17093 15995 24051
4041 21467 22790
21467 4041 22790
22790 4041 21467
21211 9263 22060
9263 21211 22060
22060 9263 21211
21332 11020 22867
11020 21332 22867
22867 11020 21332
21146 6887 9176
6887 9176 21146
9176 6887 21146
10743 2870 16344
2870 10743 16344
16344 2870 10743
2578 9016 26249
26249 2578 9016
9016 2578 26249
14280 17325 20018
20018 14280 17325
17325 14280 20018
27393 10992 16089
16089 10992 27393
10992 16089 27393
70 3217 8740
8740 70 3217
3217 70 8740
19282 23556 28996
23556 19282 28996
28996 19282 23556
17357 881 13134
881 13134 17357
13134 881 17357
20099 18018 21778
21778 18018 20099
18018 20099 21778
23186 5867 16359
16359 5867 23186
5867 16359 23186
2000 13840 27397
13840 2000 27397
27397 2000 13840
18841 4836 15828
15828 4836 18841
4836 15828 18841
28329 15787 21485
15787 21485 28329
21485 15787 28329
8056 2745 12755
12755 2745 8056
2745 8056 12755
21682 1321 4142
4142 1321 21682
1321 4142 21682
21274 7642 14589
14589 7642 21274
7642 14589 21274
27009 20261 25374
25374 20261 27009
20261 25374 27009
4036 6322 20713
20713 4036 6322
6322 4036 20713
20012 3173 24138
3173 20012 24138
24138 3173 20012
12409 13340 27697
27697 12409 13340
13340 12409 27697
18888 15492 25073
25073 15492 18888
15492 18888 25073
10264 5644 18026
5644 10264 18026
18026 5644 10264
6794 5966 20110
5966 6794 20110
20110 5966 6794
17404 14875 20959
14875 17404 20959
20959 14875 17404
11288 26963 27947
26963 11288 27947
27947 11288 26963
12277 13584 17834
17834 12277 13584
13584 12277 17834
23755 16844 28797
28797 16844 23755
16844 23755 28797
21545 1552 17960
1552 17960 21545
17960 1552 21545
5956 10926 27041
10926 5956 27041
27041 5956 10926
7237 11100 19689
11100 7237 19689
19689 7237 11100
7379 12315 27490
27490 7379 12315
12315 7379 27490
23551 15999 25370
25370 15999 23551
15999 23551 25370
25980 17605 20964
17605 20964 25980
20964 17605 25980
23772 19899 29240
29240 19899 23772
19899 23772 29240
8397 14405 16773
14405 8397 16773
16773 8397 14405
17128 4129 5887
4129 5887 17128
5887 4129 17128
8291 5730 11105
5730 8291 11105
11105 5730 8291
12061 8661 28493
8661 12061 28493
28493 8661 12061
54 14714 18112
14714 54 18112
18112 54 14714
29086 6221 7068
7068 6221 29086
6221 7068 29086
2561 2977 9922
9922 2561 2977
2977 2561 9922
27434 1721 13763
13763 1721 27434
1721 13763 27434
26991 5604 29699
29699 5604 26991
5604 26991 29699
12866 8650 22554
8650 12866 22554
22554 8650 12866
12387 3366 5657
5657 3366 12387
3366 5657 12387
26563 14239 27941
27941 14239 26563
14239 26563 27941
17284 22501 26730
26730 17284 22501
22501 17284 26730
7168 9618 20547
20547 7168 9618
9618 7168 20547
17950 26359 29768
26359 17950 29768
29768 17950 26359
17659 10867 18309
18309 10867 17659
10867 17659 18309
26415 7042 17669
17669 7042 26415
7042 17669 26415
23862 7454 28781
7454 23862 28781
28781 7454 23862
17527 6652 17399
17399 6652 17527
6652 17399 17527
6653 12000 20481
20481 6653 12000
12000 6653 20481
27342 8214 13979
13979 8214 27342
8214 13979 27342
17256 9512 24049
9512 17256 24049
24049 9512 17256
26095 21503 29160
29160 21503 26095
21503 26095 29160
25184 3752 15642
3752 15642 25184
15642 3752 25184
2381 13912 18679
13912 2381 18679
18679 2381 13912
17748 21582 23884
23884 17748 21582
21582 17748 23884
2800 7437 12598
7437 2800 12598
12598 2800 7437
17262 19403 22538
22538 17262 19403
19403 17262 22538
19489 16563 25531
25531 16563 19489
16563 19489 25531
28065 6674 14815
14815 6674 28065
6674 14815 28065
5381 3638 11251
3638 5381 11251
11251 3638 5381
6942 2729 6822
6822 2729 6942
2729 6822 6942
1578 9730 17231
9730 1578 17231
17231 1578 9730
20465 16159 22504
16159 20465 22504
22504 16159 20465
28519 323 13078
13078 323 28519
323 13078 28519
18432 10138 23396
10138 18432 23396
23396 10138 18432
19912 12730 13823
12730 13823 19912
13823 12730 19912
10834 8388 13232
8388 10834 13232
13232 8388 10834
16135 8912 13007
13007 8912 16135
8912 13007 16135
28706 3919 7719
3919 7719 28706
7719 3919 28706
3676 8036 20074
8036 3676 20074
20074 3676 8036
1612 12921 24540
12921 1612 24540
24540 1612 12921
24579 7659 20484
20484 7659 24579
7659 20484 24579
11206 1917 12100
12100 1917 11206
1917 11206 12100
21754 2695 17507
2695 17507 21754
17507 2695 21754
625 3031 14429
14429 625 3031
3031 625 14429
4978 8663 10090
10090 4978 8663
8663 4978 10090
8013 10499 20562
10499 8013 20562
20562 8013 10499
7562 9856 29018
9856 7562 29018
29018 7562 9856
5851 23465 27754
27754 5851 23465
23465 5851 27754
6119 13898 14302
14302 6119 13898
13898 6119 14302
12336 8125 23557
23557 8125 12336
8125 12336 23557
13959 5122 12294
5122 12294 13959
12294 5122 13959
15807 3042 26335
26335 3042 15807
3042 15807 26335
