2162 2514 2840
2514 2162 2840
2840 2162 2514
1004 760 2443
2443 760 1004
760 1004 2443
960 1043 2874
2874 960 1043
1043 960 2874
2316 360 1609
1609 360 2316
360 1609 2316
1313 543 1966
543 1313 1966
1966 543 1313
2296 1069 2995
1069 2296 2995
2995 1069 2296
1978 846 977
846 977 1978
977 846 1978
1021 798 1538
1538 798 1021
798 1021 1538
1354 1517 2129
1517 1354 2129
2129 1354 1517
2062 1367 1691
1367 1691 2062
1691 1367 2062
823 2232 2761
2232 823 2761
2761 823 2232
469 270 2341
2341 270 469
270 469 2341
1055 52 2582
2582 52 1055
52 1055 2582
1450 646 2927
646 1450 2927
2927 646 1450
1389 971 2024
2024 971 1389
971 1389 2024
807 445 1555
445 807 1555
1555 445 807
2046 448 2134
2134 448 2046
448 2046 2134
1176 924 1422
1422 924 1176
924 1176 1422
830 763 1357
763 830 1357
1357 763 830
2190 811 2914
2914 811 2190
811 2190 2914
2864 283 703
703 283 2864
283 703 2864
2662 455 2436
2436 455 2662
455 2436 2662
2382 1061 1905
1905 1061 2382
1061 1905 2382
7 165 1341
1341 7 165
165 7 1341
1923 1173 1524
1173 1524 1923
1524 1173 1923
1408 1073 1448
1073 1408 1448
1448 1073 1408
2050 2105 2867
2867 2050 2105
2105 2050 2867
457 300 2456
300 457 2456
2456 300 457
1591 2090 2683
2683 1591 2090
2090 1591 2683
1092 348 1829
348 1092 1829
1829 348 1092
2100 1391 1487
1391 1487 2100
1487 1391 2100
2175 2101 2421
2101 2175 2421
2421 2101 2175
1387 524 2377
2377 524 1387
524 1387 2377
1180 602 1792
1792 602 1180
602 1180 1792
654 10 2018
10 654 2018
2018 10 654
2402 1190 1443
1190 1443 2402
1443 1190 2402
267 1249 2399
1249 267 2399
2399 267 1249
2434 1111 2328
1111 2328 2434
2328 1111 2434
2978 2077 2817
2817 2077 2978
2077 2817 2978
785 359 2312
2312 359 785
359 785 2312
725 35 1874
1874 35 725
35 725 1874
1969 862 1870
862 1870 1969
1870 862 1969
1320 304 645
304 645 1320
645 304 1320
2843 48 335
335 48 2843
48 335 2843
1102 461 2965
461 1102 2965
2965 461 1102
278 1303 2472
2472 278 1303
1303 278 2472
1270 2109 2460
2109 1270 2460
2460 1270 2109
1318 1328 1490
1328 1318 1490
1490 1318 1328
2093 1258 2551
1258 2093 2551
2551 1258 2093
2976 713 1973
1973 713 2976
713 1973 2976
1188 2701 2830
2701 1188 2830
2830 1188 2701
1275 100 1860
1860 100 1275
100 1275 1860
1514 160 2713
160 1514 2713
2713 160 1514
1841 1594 2872
1594 1841 2872
2872 1594 1841
2959 1433 1692
1692 1433 2959
1433 1692 2959
2935 1068 2398
1068 2398 2935
2398 1068 2935
1384 596 2496
2496 596 1384
596 1384 2496
910 28 1421
28 910 1421
1421 28 910
2977 1779 2280
1779 2280 2977
2280 1779 2977
1545 1442 1579
1579 1442 1545
1442 1545 1579
250 2396 2803
2803 250 2396
2396 250 2803
2545 682 2947
682 2545 2947
2947 682 2545
671 1405 2680
2680 671 1405
1405 671 2680
2242 660 751
751 660 2242
660 751 2242
1943 1475 2209
2209 1475 1943
1475 1943 2209
1702 1964 2287
1964 1702 2287
2287 1702 1964
1526 366 429
429 366 1526
366 429 1526
1649 26 65
65 26 1649
26 65 1649
1673 1764 2150
1764 1673 2150
2150 1673 1764
149 450 1915
450 149 1915
1915 149 450
1968 62 781
781 62 1968
62 781 1968
451 104 2605
2605 104 451
104 451 2605
946 640 2504
640 946 2504
2504 640 946
2599 97 1461
1461 97 2599
97 1461 2599
148 322 2395
2395 148 322
322 148 2395
2270 394 679
394 679 2270
679 394 2270
2926 2367 2731
2731 2367 2926
2367 2731 2926
980 1172 2085
1172 980 2085
2085 980 1172
1281 576 931
576 931 1281
931 576 1281
1782 2277 2598
2598 1782 2277
2277 1782 2598
2643 102 383
383 102 2643
102 383 2643
1588 417 1986
1986 417 1588
417 1588 1986
1425 1456 2177
2177 1425 1456
1456 1425 2177
840 668 1515
1515 668 840
668 840 1515
2742 643 2508
2508 643 2742
643 2508 2742
2719 1027 2419
1027 2419 2719
2419 1027 2719
2256 656 1622
1622 656 2256
656 1622 2256
1437 1942 2066
1942 1437 2066
2066 1437 1942
1248 2035 2311
2311 1248 2035
2035 1248 2311
2184 2131 2135
2135 2131 2184
2131 2135 2184
509 1928 2207
2207 509 1928
1928 509 2207
1460 46 569
46 569 1460
569 46 1460
1133 1288 2735
1288 1133 2735
2735 1133 1288
1824 1321 2463
1321 1824 2463
2463 1321 1824
132 1064 2295
2295 132 1064
1064 132 2295
1342 236 2095
236 1342 2095
2095 236 1342
1463 884 2653
2653 884 1463
884 1463 2653
973 79 1315
1315 79 973
79 973 1315
1582 806 2871
806 1582 2871
2871 806 1582
2808 1373 2546
2546 1373 2808
1373 2546 2808
1711 775 2836
2836 775 1711
775 1711 2836
2041 579 659
579 659 2041
659 579 2041
1568 620 1954
620 1568 1954
1954 620 1568
2089 1372 2512
2512 1372 2089
1372 2089 2512
2025 1656 1838
1656 1838 2025
1838 1656 2025
598 1849 2949
2949 598 1849
1849 598 2949
1418 1374 2590
2590 1374 1418
1374 1418 2590
1752 669 716
669 716 1752
716 669 1752
939 989 1675
989 939 1675
1675 939 989
537 541 952
952 537 541
541 537 952
1820 1385 1819
1819 1385 1820
1385 1819 1820
1398 251 468
251 468 1398
468 251 1398
650 1150 2529
2529 650 1150
1150 650 2529
1532 137 2433
137 1532 2433
2433 137 1532
1145 487 2994
487 1145 2994
2994 487 1145
385 962 2895
2895 385 962
962 385 2895
1140 351 2940
351 1140 2940
2940 351 1140
2925 1278 2589
2589 1278 2925
1278 2589 2925
888 1117 2552
1117 888 2552
2552 888 1117
1699 2615 2958
2615 1699 2958
2958 1699 2615
1546 252 1896
1896 252 1546
252 1546 1896
2413 1861 2068
2068 1861 2413
1861 2068 2413
694 2273 2921
2273 694 2921
2921 694 2273
20 33 1209
1209 20 33
33 20 1209
501 2122 2671
2122 501 2671
2671 501 2122
1506 1239 2429
2429 1239 1506
1239 1506 2429
2193 636 2350
2350 636 2193
636 2193 2350
2800 2161 2379
2379 2161 2800
2161 2379 2800
1411 2176 2938
2938 1411 2176
2176 1411 2938
2617 2169 2323
2323 2169 2617
2169 2323 2617
433 1243 2587
2587 433 1243
1243 433 2587
2579 2202 2555
2202 2555 2579
2555 2202 2579
1253 547 1904
547 1253 1904
1904 547 1253
176 68 82
68 82 176
82 68 176
225 285 2650
2650 225 285
285 225 2650
1473 2227 2473
2473 1473 2227
2227 1473 2473
1252 1283 2370
1283 1252 2370
2370 1252 1283
1296 147 2060
147 1296 2060
2060 147 1296
2322 1697 2015
1697 2015 2322
2015 1697 2322
2944 867 2136
2136 867 2944
867 2136 2944
2566 655 2913
2913 655 2566
655 2566 2913
2743 1830 2078
2078 1830 2743
1830 2078 2743
1059 1263 2979
2979 1059 1263
1263 1059 2979
1732 1082 2320
2320 1082 1732
1082 1732 2320
855 6 2734
2734 6 855
6 855 2734
2831 1344 1596
1596 1344 2831
1344 1596 2831
611 700 2746
2746 611 700
700 611 2746
1301 1521 1786
1521 1301 1786
1786 1301 1521
736 523 1948
523 736 1948
1948 523 736
695 287 2881
2881 287 695
287 695 2881
1895 1191 2075
1191 1895 2075
2075 1191 1895
2595 452 1563
1563 452 2595
452 1563 2595
759 987 2558
987 759 2558
2558 759 987
1251 192 787
192 787 1251
787 192 1251
223 1892 2833
2833 223 1892
1892 223 2833
2115 1042 2165
2165 1042 2115
1042 2115 2165
827 1721 2736
1721 827 2736
2736 827 1721
2215 838 1750
1750 838 2215
838 1750 2215
1620 683 2006
683 1620 2006
2006 683 1620
491 1208 2777
1208 491 2777
2777 491 1208
401 361 1312
1312 361 401
361 401 1312
494 171 1982
171 494 1982
1982 171 494
647 2390 2519
2390 647 2519
2519 647 2390
1086 288 897
288 897 1086
897 288 1086
1455 1742 2104
1742 1455 2104
2104 1455 1742
2553 2781 2847
2847 2553 2781
2781 2553 2847
202 1462 1959
1959 202 1462
1462 202 1959
2911 1081 1853
1081 1853 2911
1853 1081 2911
226 1712 1863
1712 226 1863
1863 226 1712
2324 1295 2707
2707 1295 2324
1295 2324 2707
319 2092 2740
2740 319 2092
2092 319 2740
1877 1672 1865
1672 1865 1877
1865 1672 1877
182 419 1294
1294 182 419
419 182 1294
2054 564 1747
1747 564 2054
564 1747 2054
1234 1028 1850
1850 1028 1234
1028 1234 1850
1224 260 2116
2116 260 1224
260 1224 2116
690 2444 2984
2444 690 2984
2984 690 2444
1937 173 662
173 662 1937
662 173 1937
1326 426 2029
426 1326 2029
2029 426 1326
1066 338 1631
338 1066 1631
1631 338 1066
605 354 851
851 354 605
354 605 851
1888 1585 2688
1585 1888 2688
2688 1585 1888
2852 2097 2759
2759 2097 2852
2097 2759 2852
204 181 667
667 181 204
181 204 667
133 621 1237
621 133 1237
1237 133 621
975 1759 1910
1759 975 1910
1910 975 1759
1816 2138 2816
2138 1816 2816
2816 1816 2138
3000 493 2602
2602 493 3000
493 2602 3000
969 2 121
2 121 969
121 2 969
904 1392 2400
2400 904 1392
1392 904 2400
2336 442 2224
442 2224 2336
2224 442 2336
1809 606 1573
1573 606 1809
606 1573 1809
912 32 2986
2986 32 912
32 912 2986
2103 2196 2772
2196 2103 2772
2772 2103 2196
1167 18 2971
2971 18 1167
18 1167 2971
2686 1199 1347
1199 1347 2686
1347 1199 2686
111 54 1885
1885 54 111
54 111 1885
1512 958 1051
1051 958 1512
958 1051 1512
2745 49 1799
1799 49 2745
49 1799 2745
1583 1046 1379
1379 1046 1583
1046 1379 1583
1787 1056 1879
1056 1787 1879
1879 1056 1787
1723 1001 1519
1001 1519 1723
1519 1001 1723
2288 940 2703
940 2288 2703
2703 940 2288
1936 248 2879
2879 248 1936
248 1936 2879
2811 2315 2640
2315 2640 2811
2640 2315 2811
2583 483 1345
1345 483 2583
483 1345 2583
836 902 997
997 836 902
902 836 997
2028 826 2216
826 2028 2216
2216 826 2028
903 1375 1479
1479 903 1375
1375 903 1479
1897 1311 1380
1311 1380 1897
1380 1311 1897
1087 1938 2197
1938 1087 2197
2197 1087 1938
1168 652 1913
652 1168 1913
1913 652 1168
1445 345 1690
345 1445 1690
1690 345 1445
272 101 2928
2928 101 272
101 272 2928
1382 112 619
112 619 1382
619 112 1382
2571 877 1996
877 1996 2571
1996 877 2571
175 2199 2459
2459 175 2199
2199 175 2459
978 1407 2567
2567 978 1407
1407 978 2567
2475 76 1039
1039 76 2475
76 1039 2475
496 864 1658
1658 496 864
864 496 1658
1681 1542 2348
2348 1542 1681
1542 1681 2348
1771 40 2345
2345 40 1771
40 1771 2345
2631 552 1231
552 1231 2631
1231 552 2631
2016 885 2542
2542 885 2016
885 2016 2542
678 832 1035
832 678 1035
1035 678 832
1846 217 2961
2961 217 1846
217 1846 2961
238 504 1434
1434 238 504
504 238 1434
2037 1893 2246
2246 1893 2037
1893 2037 2246
2665 350 2009
350 2009 2665
2009 350 2665
770 460 841
460 770 841
841 460 770
1089 581 2882
581 1089 2882
2882 581 1089
2789 2222 2901
2901 2222 2789
2222 2789 2901
2896 398 2278
2278 398 2896
398 2278 2896
821 2112 2357
2357 821 2112
2112 821 2357
337 571 1496
571 337 1496
1496 337 571
1196 782 2305
2305 782 1196
782 1196 2305
2447 1547 2951
2951 1547 2447
1547 2447 2951
377 1002 1593
1002 377 1593
1593 377 1002
154 2569 2788
2569 154 2788
2788 154 2569
463 715 2294
715 463 2294
2294 463 715
2554 1552 2960
2960 1552 2554
1552 2554 2960
241 549 2783
549 241 2783
2783 241 549
95 1939 1975
1975 95 1939
1939 95 1975
2894 384 2346
384 2346 2894
2346 384 2894
1114 2003 2646
2646 1114 2003
2003 1114 2646
2407 484 2846
2846 484 2407
484 2407 2846
2111 2385 2435
2385 2111 2435
2435 2111 2385
276 747 2248
2248 276 747
747 276 2248
729 718 2258
2258 718 729
718 729 2258
686 330 1019
330 686 1019
1019 330 686
1543 314 1862
1862 314 1543
314 1543 1862
122 699 863
699 122 863
863 122 699
2618 1095 2556
1095 2556 2618
2556 1095 2618
2380 649 783
783 649 2380
649 783 2380
465 800 1272
1272 465 800
800 465 1272
2102 506 2941
506 2102 2941
2941 506 2102
164 85 2820
85 164 2820
2820 85 164
2480 166 355
166 355 2480
355 166 2480
61 717 1716
717 61 1716
1716 61 717
2205 894 1961
1961 894 2205
894 1961 2205
2121 189 1250
1250 189 2121
189 1250 2121
2900 1403 1556
1556 1403 2900
1403 1556 2900
684 1614 2948
2948 684 1614
1614 684 2948
2427 1211 1765
1765 1211 2427
1211 1765 2427
1026 712 1667
712 1026 1667
1667 712 1026
1811 1922 2497
2497 1811 1922
1922 1811 2497
410 942 1088
1088 410 942
942 410 1088
261 1290 1340
1340 261 1290
1290 261 1340
1612 153 2506
153 1612 2506
2506 153 1612
2564 513 2573
513 2564 2573
2573 513 2564
600 435 1257
435 600 1257
1257 435 600
2763 51 968
968 51 2763
51 968 2763
2807 2049 2753
2753 2049 2807
2049 2753 2807
582 959 2448
2448 582 959
959 582 2448
666 1833 2499
1833 666 2499
2499 666 1833
2641 1394 1760
1760 1394 2641
1394 1760 2641
1775 793 2441
793 1775 2441
2441 793 1775
1544 651 1724
1724 651 1544
651 1544 1724
1623 790 1337
1337 790 1623
790 1337 1623
365 2233 2613
2613 365 2233
2233 365 2613
1520 896 1731
896 1520 1731
1731 896 1520
947 1376 1630
1630 947 1376
1376 947 1630
1309 589 1060
589 1060 1309
1060 589 1309
1166 2461 2510
2510 1166 2461
2461 1166 2510
818 1567 1625
1567 818 1625
1625 818 1567
168 1715 2612
2612 168 1715
1715 168 2612
2821 489 878
878 489 2821
489 878 2821
1989 813 1040
1040 813 1989
813 1040 1989
1957 1696 2366
1696 1957 2366
2366 1696 1957
1093 21 2952
2952 21 1093
21 1093 2952
2425 792 1984
1984 792 2425
792 1984 2425
2869 1241 2924
1241 2869 2924
2924 1241 2869
30 874 2477
2477 30 874
874 30 2477
2685 1574 2167
2167 1574 2685
1574 2167 2685
2945 512 1735
1735 512 2945
512 1735 2945
2824 203 1748
203 1748 2824
1748 203 2824
658 521 709
709 521 658
521 658 709
508 254 1577
254 508 1577
1577 254 508
2173 1120 1138
1138 1120 2173
1120 1138 2173
2962 2409 2890
2409 2890 2962
2890 2409 2962
395 265 1144
265 395 1144
1144 265 395
2505 1377 1587
1587 1377 2505
1377 1587 2505
738 5 2697
5 738 2697
2697 5 738
2837 8 1807
8 1807 2837
1807 8 2837
2388 1011 1533
1011 1533 2388
1533 1011 2388
859 1413 2074
1413 859 2074
2074 859 1413
2972 1302 1441
1302 1441 2972
1441 1302 2972
1590 2263 2634
2263 1590 2634
2634 1590 2263
152 1370 2471
1370 152 2471
2471 152 1370
2756 1308 2254
1308 2254 2756
2254 1308 2756
2883 367 981
367 981 2883
981 367 2883
1134 358 1945
358 1134 1945
1945 358 1134
1003 673 1864
673 1003 1864
1864 673 1003
1580 59 604
604 59 1580
59 604 1580
1890 2182 2660
2660 1890 2182
2182 1890 2660
2013 214 1316
214 1316 2013
1316 214 2013
1048 1079 2902
1079 1048 2902
2902 1048 1079
2347 2030 2375
2375 2030 2347
2030 2347 2375
402 1626 2609
1626 402 2609
2609 402 1626
556 475 1916
1916 475 556
475 556 1916
2455 34 1761
34 1761 2455
1761 34 2455
243 2669 2858
2669 243 2858
2858 243 2669
2629 1083 1615
1083 1615 2629
1615 1083 2629
2905 966 2017
2017 966 2905
966 2017 2905
1889 2513 2805
2805 1889 2513
2513 1889 2805
2185 1099 1282
1282 1099 2185
1099 1282 2185
516 256 2975
256 516 2975
2975 256 516
140 570 1684
570 140 1684
1684 140 570
1192 1310 1990
1310 1192 1990
1990 1192 1310
594 431 2942
2942 431 594
431 594 2942
1540 1746 1803
1746 1540 1803
1803 1540 1746
1146 1038 1332
1332 1038 1146
1038 1146 1332
1851 1472 2611
1472 1851 2611
2611 1472 1851
1244 89 1866
1866 89 1244
89 1244 1866
2047 1727 2581
2581 1727 2047
1727 2047 2581
86 522 2255
2255 86 522
522 86 2255
1741 1753 1980
1753 1741 1980
1980 1741 1753
2633 1 1156
1156 1 2633
1 1156 2633
421 329 1662
1662 329 421
329 421 1662
2071 844 1187
844 1187 2071
1187 844 2071
1154 332 2223
332 1154 2223
2223 332 1154
2422 388 1322
1322 388 2422
388 1322 2422
847 191 1785
1785 191 847
191 847 1785
802 324 1233
1233 324 802
324 802 1233
2849 497 2304
497 2304 2849
2304 497 2849
2492 592 1466
1466 592 2492
592 1466 2492
2870 680 1261
1261 680 2870
680 1261 2870
1920 632 1886
1886 632 1920
632 1886 1920
857 849 2309
849 857 2309
2309 849 857
777 333 1525
1525 333 777
333 777 1525
1090 456 1884
456 1090 1884
1884 456 1090
2218 2012 2394
2394 2012 2218
2012 2218 2394
56 2575 2758
2758 56 2575
2575 56 2758
932 341 1041
341 932 1041
1041 341 932
839 963 1991
1991 839 963
963 839 1991
951 1981 2452
2452 951 1981
1981 951 2452
2292 63 1806
1806 63 2292
63 1806 2292
262 1163 1740
1163 262 1740
1740 262 1163
1956 1420 2642
1420 1956 2642
2642 1420 1956
2183 60 315
315 60 2183
60 315 2183
1452 1139 1570
1570 1139 1452
1139 1452 1570
196 466 890
890 196 466
466 196 890
240 284 2667
284 240 2667
2667 240 284
1597 542 2953
542 1597 2953
2953 542 1597
1352 613 1226
1226 613 1352
613 1226 1352
1110 1179 2893
1179 1110 2893
2893 1110 1179
1947 955 2108
955 1947 2108
2108 955 1947
414 1804 2411
1804 414 2411
2411 414 1804
2076 2351 2749
2749 2076 2351
2351 2076 2749
2416 194 991
194 991 2416
991 194 2416
2465 190 499
499 190 2465
190 499 2465
1355 557 610
557 610 1355
610 557 1355
1952 293 2748
2748 293 1952
293 1952 2748
583 2340 2793
2340 583 2793
2793 583 2340
1929 80 1058
80 1058 1929
1058 80 1929
2449 184 2854
184 2449 2854
2854 184 2449
273 1871 2521
1871 273 2521
2521 273 1871
2918 1653 1814
1653 1814 2918
1814 1653 2918
1977 2356 2501
2356 1977 2501
2501 1977 2356
1561 829 1246
1246 829 1561
829 1246 1561
1739 1020 1639
1639 1020 1739
1020 1639 1739
815 2063 2314
2063 815 2314
2314 815 2063
163 1204 1852
1204 163 1852
1852 163 1204
233 767 913
913 233 767
767 233 913
2786 1467 2279
2279 1467 2786
1467 2279 2786
156 277 1240
277 156 1240
1240 156 277
1703 2338 2794
2794 1703 2338
2338 1703 2794
784 1726 2262
1726 784 2262
2262 784 1726
2694 362 2827
2827 362 2694
362 2694 2827
2005 439 1701
1701 439 2005
439 1701 2005
2415 744 2956
744 2415 2956
2956 744 2415
108 515 2689
2689 108 515
515 108 2689
2838 1839 2842
2842 1839 2838
1839 2838 2842
2437 1419 1500
1419 1500 2437
1500 1419 2437
1927 2124 2704
2704 1927 2124
2124 1927 2704
1037 2159 2647
2159 1037 2647
2647 1037 2159
441 540 1772
1772 441 540
540 441 1772
1085 1417 2722
2722 1085 1417
1417 1085 2722
1783 956 2405
2405 956 1783
956 1783 2405
2991 739 1825
739 1825 2991
1825 739 2991
1710 789 2210
789 1710 2210
2210 789 1710
2822 411 1482
1482 411 2822
411 1482 2822
2410 1197 1706
1706 1197 2410
1197 1706 2410
710 87 2432
87 710 2432
2432 87 710
1535 1504 2657
2657 1504 1535
1504 1535 2657
2166 757 2632
2632 757 2166
757 2166 2632
172 1822 2536
1822 172 2536
2536 172 1822
2423 551 2489
2489 551 2423
551 2423 2489
615 1033 2806
2806 615 1033
1033 615 2806
1621 505 1457
1457 505 1621
505 1457 1621
876 804 926
926 804 876
804 876 926
1348 353 2120
353 1348 2120
2120 353 1348
1784 303 1426
1426 303 1784
303 1426 1784
1406 291 1319
291 1319 1406
1319 291 1406
608 167 2644
2644 167 608
167 608 2644
229 1023 1104
1104 229 1023
1023 229 1104
380 1152 2132
1152 380 2132
2132 380 1152
692 1227 2670
2670 692 1227
1227 692 2670
532 1409 2306
2306 532 1409
1409 532 2306
371 982 2992
982 371 2992
2992 371 982
1229 2245 2750
2245 1229 2750
2750 1229 2245
2044 772 1571
1571 772 2044
772 1571 2044
218 714 2259
714 218 2259
2259 218 714
2130 2663 2792
2663 2130 2792
2792 2130 2663
2937 2145 2907
2145 2907 2937
2907 2145 2937
2699 2266 2672
2672 2266 2699
2266 2672 2699
2484 704 2828
2828 704 2484
704 2484 2828
392 1245 1668
1245 392 1668
1668 392 1245
1599 1128 1509
1509 1128 1599
1128 1509 1599
1774 805 999
805 999 1774
999 805 1774
1802 141 1789
141 1789 1802
1789 141 1802
1619 1220 2773
1220 1619 2773
2773 1220 1619
1165 1449 1642
1449 1165 1642
1642 1165 1449
307 1993 2179
1993 307 2179
2179 307 1993
2757 1534 2818
2818 1534 2757
1534 2757 2818
1399 519 2057
2057 519 1399
519 1399 2057
1075 378 2676
378 1075 2676
2676 378 1075
1203 1070 1107
1070 1107 1203
1107 1070 1203
1669 14 1351
14 1351 1669
1351 14 1669
2469 1494 2863
2863 1494 2469
1494 2469 2863
2548 1476 1719
1476 1719 2548
1719 1476 2548
227 19 1175
19 227 1175
1175 19 227
2770 972 2912
2912 972 2770
972 2770 2912
488 953 1633
1633 488 953
953 488 1633
298 1358 1926
1926 298 1358
1358 298 1926
1671 1688 2126
2126 1671 1688
1688 1671 2126
2260 1091 1498
1498 1091 2260
1091 1498 2260
1941 1516 2468
2468 1516 1941
1516 1941 2468
2795 833 2038
833 2038 2795
2038 833 2795
743 1010 1790
1790 743 1010
1010 743 1790
1970 2709 2809
2709 1970 2809
2809 1970 2709
2862 1565 2889
1565 2862 2889
2889 1565 2862
2059 1492 1899
1492 1899 2059
1899 1492 2059
292 478 1768
1768 292 478
478 292 1768
438 1932 2798
1932 438 2798
2798 438 1932
2592 1381 2337
1381 2337 2592
2337 1381 2592
244 1235 2705
2705 244 1235
1235 244 2705
1531 1880 2082
2082 1531 1880
1880 1531 2082
1693 312 1141
1141 312 1693
312 1141 1693
1193 2194 2674
2194 1193 2674
2674 1193 2194
198 869 2668
2668 198 869
869 198 2668
2825 697 732
697 732 2825
732 697 2825
328 2389 2764
2389 328 2764
2764 328 2389
1934 1979 2716
1979 1934 2716
2716 1934 1979
1271 423 2737
423 1271 2737
2737 423 1271
1994 405 480
480 405 1994
405 480 1994
2503 1194 2198
1194 2198 2503
2198 1194 2503
769 1050 2055
1050 769 2055
2055 769 1050
554 2550 2906
2550 554 2906
2906 554 2550
2002 1236 1847
1236 1847 2002
1847 1236 2002
99 1333 2710
1333 99 2710
2710 99 1333
269 531 2481
531 269 2481
2481 269 531
2500 58 280
280 58 2500
58 280 2500
490 1465 2289
1465 490 2289
2289 490 1465
1700 1276 2220
1276 1700 2220
2220 1276 1700
588 310 2065
310 588 2065
2065 310 588
2892 949 1686
1686 949 2892
949 1686 2892
648 195 2107
195 648 2107
2107 195 648
2271 936 1015
936 1015 2271
1015 936 2271
2072 1548 2980
2980 1548 2072
1548 2072 2980
1797 444 1652
444 1652 1797
1652 444 1797
2268 1317 2607
1317 2268 2607
2607 1317 2268
1412 1801 2695
1801 1412 2695
2695 1412 1801
2004 205 2265
205 2004 2265
2265 205 2004
1826 232 349
349 232 1826
232 349 1826
119 150 2241
150 119 2241
2241 119 150
2877 1183 2237
2237 1183 2877
1183 2237 2877
2909 216 1763
1763 216 2909
216 1763 2909
2430 327 2779
2779 327 2430
327 2430 2779
247 317 1177
1177 247 317
317 247 1177
2372 138 1127
138 1127 2372
1127 138 2372
1285 1575 2148
2148 1285 1575
1575 1285 2148
1628 281 459
281 459 1628
459 281 1628
2537 302 2560
302 2537 2560
2560 302 2537
1118 1933 2635
2635 1118 1933
1933 1118 2635
2681 1054 1800
1054 1800 2681
1800 1054 2681
2655 765 1507
1507 765 2655
765 1507 2655
2610 1213 2451
2451 1213 2610
1213 2451 2610
1738 84 1553
84 1553 1738
1553 84 1738
578 2687 2919
2687 578 2919
2919 578 2687
2149 88 1900
1900 88 2149
88 1900 2149
1767 905 2317
2317 905 1767
905 1767 2317
893 1882 1997
1882 893 1997
1997 893 1882
2755 753 1756
1756 753 2755
753 1756 2755
1734 976 2125
2125 976 1734
976 1734 2125
1725 424 1480
1480 424 1725
424 1480 1725
2056 562 1045
1045 562 2056
562 1045 2056
1453 735 2588
2588 735 1453
735 1453 2588
2491 2163 2540
2540 2163 2491
2163 2491 2540
1339 299 1737
1737 299 1339
299 1339 1737
1447 2457 2988
2988 1447 2457
2457 1447 2988
2403 1106 2778
2778 1106 2403
1106 2403 2778
2751 212 2969
212 2751 2969
2969 212 2751
2363 965 1781
965 1781 2363
1781 965 2363
771 161 258
258 161 771
161 258 771
2774 1836 1976
1836 1976 2774
1976 1836 2774
1247 343 1008
1008 343 1247
343 1008 1247
2932 1891 2616
2616 1891 2932
1891 2616 2932
898 1940 2476
1940 898 2476
2476 898 1940
2791 13 2993
2993 13 2791
13 2791 2993
257 1958 2404
1958 257 2404
2404 257 1958
311 2099 2147
2147 311 2099
2099 311 2147
2392 215 1872
1872 215 2392
215 1872 2392
1280 296 2192
2192 296 1280
296 1280 2192
1795 73 2397
2397 73 1795
73 1795 2397
66 321 495
495 66 321
321 66 495
761 918 998
918 761 998
998 761 918
211 852 2998
2998 211 852
852 211 2998
2639 1305 2251
2251 1305 2639
1305 2251 2639
2855 197 617
617 197 2855
197 617 2855
1484 1402 1907
1907 1402 1484
1402 1484 1907
518 983 1159
983 518 1159
1159 518 983
1129 560 567
560 567 1129
567 560 1129
2832 1424 2930
2930 1424 2832
1424 2832 2930
372 2361 2910
2361 372 2910
2910 372 2361
1600 418 2904
2904 418 1600
418 1600 2904
591 1161 2249
2249 591 1161
1161 591 2249
1471 2164 2264
2264 1471 2164
2164 1471 2264
1242 213 1286
1286 213 1242
213 1242 1286
2079 83 719
83 719 2079
719 83 2079
151 882 1665
882 151 1665
1665 151 882
776 1868 2070
2070 776 1868
1868 776 2070
1949 1495 2866
1495 1949 2866
2866 1495 1949
1094 880 2358
2358 880 1094
880 1094 2358
708 373 2353
2353 373 708
373 708 2353
1155 948 2384
948 1155 2384
2384 948 1155
1955 799 2420
799 1955 2420
2420 799 1955
1558 1529 1875
1875 1529 1558
1529 1558 1875
2378 1414 1828
1414 1828 2378
1828 1414 2378
1551 9 657
657 9 1551
9 657 1551
2712 397 860
397 860 2712
860 397 2712
209 474 2547
474 209 2547
2547 209 474
1505 364 1733
364 1505 1733
1733 364 1505
481 2603 2619
2619 481 2603
2603 481 2619
1101 1831 2522
2522 1101 1831
1831 1101 2522
2797 1777 2727
1777 2727 2797
2727 1777 2797
1935 2189 2625
2189 1935 2625
2625 1935 2189
130 1536 2752
2752 130 1536
1536 130 2752
1395 1383 2885
1383 1395 2885
2885 1383 1395
2440 1006 2593
2593 1006 2440
1006 2440 2593
850 29 1664
1664 29 850
29 850 1664
200 1292 1776
1776 200 1292
1292 200 1776
2381 339 2234
339 2234 2381
2234 339 2381
2621 2478 2738
2478 2621 2738
2738 2478 2621
1100 856 1444
1444 856 1100
856 1100 1444
2915 601 1918
1918 601 2915
601 1918 2915
2293 400 2985
400 2293 2985
2985 400 2293
676 454 616
616 454 676
454 616 676
919 726 1754
726 919 1754
1754 726 919
1493 1530 1823
1530 1493 1823
1823 1493 1530
1330 187 2033
2033 187 1330
187 1330 2033
661 2106 2934
2934 661 2106
2106 661 2934
1992 689 2061
689 1992 2061
2061 689 1992
91 597 2875
2875 91 597
597 91 2875
420 536 1284
1284 420 536
536 420 1284
290 174 2785
2785 174 290
174 290 2785
313 430 964
430 313 964
964 313 430
2281 938 2721
2721 938 2281
938 2281 2721
1334 791 2114
791 1334 2114
2114 791 1334
2494 2418 2518
2518 2418 2494
2418 2494 2518
2775 183 268
268 183 2775
183 268 2775
2888 774 2493
774 2493 2888
2493 774 2888
696 861 1757
1757 696 861
861 696 1757
2039 1029 2284
2284 1029 2039
1029 2039 2284
453 90 1876
90 453 1876
1876 90 453
1057 1469 2137
2137 1057 1469
1469 1057 2137
1201 711 1499
1499 711 1201
711 1201 1499
2684 437 2479
437 2479 2684
2479 437 2684
2495 858 1207
1207 858 2495
858 1207 2495
1314 1169 2438
2438 1169 1314
1169 1314 2438
2391 2200 2878
2878 2200 2391
2200 2391 2878
2369 409 1323
1323 409 2369
409 1323 2369
2158 908 1566
908 1566 2158
1566 908 2158
887 1369 1736
1369 887 1736
1736 887 1369
988 574 1174
574 988 1174
1174 574 988
1796 2675 2787
2787 1796 2675
2675 1796 2787
1491 1343 2171
2171 1343 1491
1343 1491 2171
1378 1601 2217
1601 1378 2217
2217 1378 1601
2021 308 1206
1206 308 2021
308 1206 2021
1965 206 906
906 206 1965
206 906 1965
144 482 2502
2502 144 482
482 144 2502
721 255 2966
255 721 2966
2966 255 721
31 572 2678
572 31 2678
2678 31 572
2053 436 2428
436 2053 2428
2428 436 2053
1269 479 1643
1643 479 1269
479 1269 1643
1576 207 1963
1963 207 1576
207 1576 1963
996 1274 2543
2543 996 1274
1274 996 2543
185 961 2559
961 185 2559
2559 185 961
1883 27 2442
27 1883 2442
2442 27 1883
2929 1953 2578
1953 2578 2929
2578 1953 2929
2624 2034 2467
2034 2467 2624
2467 2034 2624
2083 1103 1758
1103 1758 2083
1758 1103 2083
1998 2094 2153
2094 1998 2153
2153 1998 2094
1581 824 892
892 824 1581
824 892 1581
730 408 2596
408 730 2596
2596 408 730
2160 2354 2412
2412 2160 2354
2354 2160 2412
528 1044 2300
2300 528 1044
1044 528 2300
2876 758 916
916 758 2876
758 916 2876
1808 1232 1944
1944 1232 1808
1232 1808 1944
922 691 2608
691 922 2608
2608 691 922
2765 370 1254
370 1254 2765
1254 370 2765
845 625 2983
2983 625 845
625 845 2983
36 1181 2604
1181 36 2604
2604 36 1181
985 1602 2860
1602 985 2860
2860 985 1602
1430 382 1527
1527 382 1430
382 1430 1527
404 146 2238
146 404 2238
2238 146 404
2008 1084 2848
2848 1084 2008
1084 2008 2848
1397 387 2364
387 1397 2364
2364 387 1397
2365 103 231
231 103 2365
103 231 2365
566 559 1946
1946 559 566
559 566 1946
1903 1113 2206
1113 1903 2206
2206 1113 1903
853 399 937
937 399 853
399 853 937
271 2458 2835
2835 271 2458
2458 271 2835
1289 624 2851
2851 624 1289
624 1289 2851
2283 115 920
115 920 2283
920 115 2283
389 282 2330
2330 282 389
282 389 2330
688 301 1122
301 688 1122
1122 301 688
427 1960 2269
2269 427 1960
1960 427 2269
825 575 914
914 575 825
575 825 914
1151 1076 1184
1076 1151 1184
1184 1076 1151
780 1170 2211
1170 780 2211
2211 780 1170
2098 64 2922
64 2098 2922
2922 64 2098
1390 440 2580
2580 440 1390
440 1390 2580
1878 2708 2815
2815 1878 2708
2708 1878 2815
2088 1873 1887
1887 1873 2088
1873 1887 2088
1396 162 1497
1497 162 1396
162 1396 1497
38 1698 2181
2181 38 1698
1698 38 2181
2157 618 2326
618 2157 2326
2326 618 2157
71 2286 2620
2286 71 2620
2620 71 2286
2333 12 764
12 764 2333
764 12 2333
2527 1097 1124
1124 1097 2527
1097 1124 2527
1654 180 467
180 467 1654
467 180 1654
2812 1279 2180
1279 2180 2812
2180 1279 2812
2586 585 1647
585 1647 2586
1647 585 2586
2052 1744 2498
2498 1744 2052
1744 2052 2498
1798 1679 2355
2355 1679 1798
1679 1798 2355
2766 1324 2717
1324 2717 2766
2717 1324 2766
1921 984 1818
984 1818 1921
1818 984 1921
1999 639 2450
2450 639 1999
639 1999 2450
295 1268 1821
1821 295 1268
1268 295 1821
762 157 957
957 157 762
157 762 957
1708 106 746
746 106 1708
106 746 1708
728 986 1454
986 728 1454
1454 728 986
2933 1470 1714
1714 1470 2933
1470 1714 2933
1198 1478 1607
1607 1198 1478
1478 1198 1607
930 752 1678
752 930 1678
1678 752 930
2520 1640 2417
2417 1640 2520
1640 2417 2520
342 909 2903
2903 342 909
909 342 2903
11 970 2516
2516 11 970
970 11 2516
1541 502 1660
1660 502 1541
502 1541 1660
1255 2488 2917
2917 1255 2488
2488 1255 2917
492 470 2873
2873 470 492
470 492 2873
2693 1359 1518
1518 1359 2693
1359 1518 2693
1598 899 1677
899 1598 1677
1677 899 1598
1629 520 2331
2331 520 1629
520 1629 2331
289 177 2943
2943 177 289
177 289 2943
555 406 1624
1624 406 555
406 555 1624
1655 675 2010
2010 675 1655
675 1655 2010
1912 644 2091
644 1912 2091
2091 644 1912
2081 635 653
635 653 2081
653 635 2081
2119 577 1327
1327 577 2119
577 1327 2119
2170 1162 2747
2747 1162 2170
1162 2170 2747
2715 246 1230
246 1230 2715
1230 246 2715
599 1501 2313
2313 599 1501
1501 599 2313
2144 1634 2128
1634 2128 2144
2128 1634 2144
234 363 1844
363 234 1844
1844 234 363
1523 188 2533
2533 188 1523
188 1523 2533
2584 1429 2426
2426 1429 2584
1429 2426 2584
2393 705 2692
2692 705 2393
705 2393 2692
391 23 2139
2139 23 391
23 391 2139
915 1098 2208
2208 915 1098
1098 915 2208
1000 1065 2627
1065 1000 2627
2627 1000 1065
816 2318 2321
2321 816 2318
2318 816 2321
2691 929 2539
2539 929 2691
929 2539 2691
1368 1200 1297
1297 1200 1368
1200 1297 1368
944 16 2664
16 944 2664
2664 16 944
526 935 1265
935 526 1265
1265 526 935
1914 934 1171
934 1171 1914
1171 934 1914
1611 1401 2329
1401 1611 2329
2329 1401 1611
1364 376 727
727 376 1364
376 727 1364
2401 664 1843
664 1843 2401
1843 664 2401
1217 768 1817
768 1217 1817
1817 768 1217
595 1835 2726
1835 595 2726
2726 595 1835
593 2528 2661
2528 593 2661
2661 593 2528
2414 720 1072
720 1072 2414
1072 720 2414
587 42 2538
42 587 2538
2538 42 587
2383 507 2698
507 2383 2698
2698 507 2383
1012 1121 2257
2257 1012 1121
1121 1012 2257
1353 357 2955
2955 357 1353
357 1353 2955
2857 1436 1638
1638 1436 2857
1436 1638 2857
2884 69 2511
69 2511 2884
2511 69 2884
449 170 1160
170 449 1160
1160 170 449
1854 129 2174
2174 129 1854
129 1854 2174
1032 242 778
778 242 1032
242 778 1032
2011 1489 1572
1572 1489 2011
1489 1572 2011
943 2531 2568
2568 943 2531
2531 943 2568
37 127 413
413 37 127
127 37 413
2096 1078 1522
1522 1078 2096
1078 1522 2096
113 1291 1423
1423 113 1291
1291 113 1423
741 754 2776
2776 741 754
754 741 2776
2891 707 1260
707 1260 2891
1260 707 2891
881 316 1329
316 881 1329
1329 316 881
2470 1096 1216
1216 1096 2470
1096 1216 2470
2040 612 2651
612 2040 2651
2651 612 2040
2819 511 1431
511 1431 2819
1431 511 2819
2374 1049 1635
1635 1049 2374
1049 1635 2374
2622 416 1648
1648 416 2622
416 1648 2622
2373 297 305
297 305 2373
305 297 2373
786 1299 1762
1762 786 1299
1299 786 1762
1988 331 803
803 331 1988
331 803 1988
1428 1898 2032
2032 1428 1898
1898 1428 2032
900 2243 2968
2243 900 2968
2968 900 2243
2352 1857 2027
1857 2027 2352
2027 1857 2352
2970 143 2274
143 2274 2970
2274 143 2970
2744 1709 2446
2446 1709 2744
1709 2446 2744
1307 72 514
72 514 1307
514 72 1307
1277 128 2702
128 1277 2702
2702 128 1277
630 2297 2931
2297 630 2931
2931 630 2297
57 745 2474
745 57 2474
2474 57 745
1185 110 1858
1858 110 1185
110 1185 1858
1695 1218 1503
1218 1503 1695
1503 1218 1695
796 1539 2253
1539 796 2253
2253 796 1539
2801 749 945
749 945 2801
945 749 2801
1595 2117 2302
2117 1595 2302
2302 1595 2117
186 672 2343
2343 186 672
672 186 2343
1793 139 603
603 139 1793
139 603 1793
1016 837 2327
837 1016 2327
2327 837 1016
477 279 2594
2594 279 477
279 477 2594
2453 1584 2973
2973 1584 2453
1584 2453 2973
2118 1214 1859
1214 1859 2118
1859 1214 2118
533 116 131
131 116 533
116 131 533
2023 124 145
145 124 2023
124 145 2023
1906 901 1298
901 1298 1906
1298 901 1906
1304 239 1909
239 1304 1909
1909 239 1304
1901 220 1293
1293 220 1901
220 1293 1901
2517 1225 1646
1225 1646 2517
1646 1225 2517
2186 2585 2839
2585 2186 2839
2839 2186 2585
2886 891 2723
891 2723 2886
2723 891 2886
120 1024 2195
1024 120 2195
2195 120 1024
2799 443 529
443 529 2799
529 443 2799
2982 1477 2649
1477 2649 2982
2649 1477 2982
828 1537 1586
1537 828 1586
1586 828 1537
1972 563 687
563 687 1972
687 563 1972
868 222 1511
222 868 1511
1511 222 868
2239 1440 2151
2151 1440 2239
1440 2151 2239
2058 1363 2187
2187 1363 2058
1363 2058 2187
2782 1125 1987
1987 1125 2782
1125 1987 2782
2659 701 1219
701 1219 2659
1219 701 2659
2275 75 1687
1687 75 2275
75 1687 2275
2086 2261 2656
2261 2086 2656
2656 2086 2261
2203 565 1791
565 1791 2203
1791 565 2203
2856 834 2319
834 2319 2856
2319 834 2856
886 498 2541
498 886 2541
2541 498 886
2706 1683 2236
1683 2236 2706
2236 1683 2706
842 674 921
674 842 921
921 674 842
2679 155 1438
1438 155 2679
155 1438 2679
2000 309 2462
309 2000 2462
2462 309 2000
1827 1722 2936
2936 1722 1827
1722 1827 2936
538 535 992
535 538 992
992 535 538
67 249 2563
249 67 2563
2563 67 249
1189 369 1645
369 1189 1645
1645 369 1189
1451 1967 2064
2064 1451 1967
1967 1451 2064
2454 15 1606
1606 15 2454
15 1606 2454
979 407 2826
407 979 2826
2826 407 979
1924 55 1743
55 1743 1924
1743 55 1924
1136 1483 1931
1483 1136 1931
1931 1136 1483
2188 274 486
274 486 2188
486 274 2188
2897 550 2252
550 2252 2897
2252 550 2897
1052 1637 2051
2051 1052 1637
1637 1052 2051
2964 756 1080
756 1080 2964
1080 756 2964
2796 1682 2221
2221 1682 2796
1682 2221 2796
698 1053 2532
2532 698 1053
1053 698 2532
733 627 2376
627 733 2376
2376 627 733
1951 422 1616
1616 422 1951
422 1616 1951
1508 266 2156
266 1508 2156
2156 266 1508
3 1562 2829
2829 3 1562
1562 3 2829
1834 41 2814
41 1834 2814
2814 41 1834
2630 98 2790
2790 98 2630
98 2630 2790
1360 1812 2987
2987 1360 1812
1812 1360 2987
356 693 2841
693 356 2841
2841 356 693
872 1919 2718
1919 872 2718
2718 872 1919
2844 22 1666
1666 22 2844
22 1666 2844
235 1210 1641
1641 235 1210
1210 235 1641
1126 633 1661
633 1126 1661
1661 633 1126
425 994 1751
1751 425 994
994 425 1751
814 24 2219
24 814 2219
2219 24 814
1115 879 1067
879 1067 1115
1067 879 1115
118 347 1685
347 118 1685
1685 118 347
1894 94 1729
94 1729 1894
1729 94 1894
1005 779 2576
779 1005 2576
2576 779 1005
81 263 889
263 81 889
889 81 263
169 1182 2989
1182 169 2989
2989 169 1182
1077 530 737
530 737 1077
737 530 1077
1613 320 748
320 748 1613
748 320 1613
628 159 1485
1485 159 628
159 628 1485
45 253 2771
253 45 2771
2771 45 253
2344 2226 2574
2226 2344 2574
2574 2226 2344
2626 114 2523
114 2523 2626
2523 114 2626
990 53 2802
53 990 2802
2802 53 990
326 344 1707
344 326 1707
1707 326 344
1349 809 1439
809 1349 1439
1439 809 1349
2204 665 2677
665 2204 2677
2677 665 2204
831 386 1848
386 831 1848
1848 386 831
795 135 2804
2804 135 795
135 795 2804
346 2645 2823
2645 346 2823
2823 346 2645
1855 464 637
464 637 1855
637 464 1855
1215 573 2999
2999 573 1215
573 1215 2999
2690 2524 2561
2524 2561 2690
2561 2524 2690
1794 105 2276
105 1794 2276
2276 105 1794
2240 1603 2565
2565 1603 2240
1603 2240 2565
2557 306 1559
1559 306 2557
306 1559 2557
553 766 2214
766 553 2214
2214 553 766
2623 4 1971
4 1971 2623
1971 4 2623
1657 609 2728
609 1657 2728
2728 609 1657
136 1632 1749
1632 136 1749
1749 136 1632
1718 742 917
917 742 1718
742 917 1718
412 895 1025
895 412 1025
1025 412 895
1528 1300 1557
1300 1528 1557
1557 1300 1528
525 1178 2084
2084 525 1178
1178 525 2084
2282 546 2244
546 2244 2282
2244 546 2282
794 142 1149
1149 142 794
142 794 1149
2853 1730 2307
1730 2307 2853
2307 1730 2853
2730 352 2043
352 2043 2730
2043 352 2730
590 1361 1486
1361 590 1486
1486 590 1361
2834 950 1404
950 1404 2834
1404 950 2834
808 500 2371
500 808 2371
2371 500 808
2349 797 1164
797 1164 2349
1164 797 2349
1510 1018 2155
1018 1510 2155
2155 1018 1510
1663 1266 1338
1266 1338 1663
1338 1266 1663
1636 485 1704
1704 485 1636
485 1636 1704
2360 820 2335
820 2335 2360
2335 820 2360
434 472 848
472 434 848
848 434 472
2652 517 1109
1109 517 2652
517 1109 2652
237 723 2530
723 237 2530
2530 237 723
2720 318 1911
318 1911 2720
1911 318 2720
1950 1135 2486
1135 1950 2486
2486 1135 1950
1267 544 1223
1223 544 1267
544 1223 1267
1720 1766 2230
1766 1720 2230
2230 1720 1766
1446 2127 2247
2127 1446 2247
2247 1446 2127
995 993 1468
1468 993 995
993 995 1468
527 1386 1627
1386 527 1627
1627 527 1386
1105 631 2464
2464 631 1105
631 1105 2464
1592 731 2087
731 1592 2087
2087 731 1592
96 92 967
92 96 967
967 92 96
548 883 2466
2466 548 883
883 548 2466
2570 1845 2026
1845 2026 2570
2026 1845 2570
607 50 2285
50 607 2285
2285 50 607
1022 1153 2334
2334 1022 1153
1153 1022 2334
2946 1832 1962
1832 1962 2946
1962 1832 2946
1030 2069 2201
2069 1030 2201
2201 1030 2069
817 870 1755
870 817 1755
1755 817 870
2362 336 2359
2359 336 2362
336 2359 2362
2700 1108 1221
1221 1108 2700
1108 1221 2700
1123 1410 2923
2923 1123 1410
1410 1123 2923
2303 933 1589
933 1589 2303
1589 933 2303
1728 228 2760
2760 228 1728
228 1728 2760
2225 1400 1770
1770 1400 2225
1400 1770 2225
294 928 1202
1202 294 928
928 294 1202
1071 641 1694
641 1071 1694
1694 641 1071
2733 1881 2123
2123 1881 2733
1881 2123 2733
2168 801 1717
801 1717 2168
1717 801 2168
1674 458 1578
1578 458 1674
458 1578 1674
340 1264 1810
1264 340 1810
1810 340 1264
2887 835 2042
835 2042 2887
2042 835 2887
2549 866 1550
866 1550 2549
1550 866 2549
2534 2729 2732
2729 2534 2732
2732 2534 2729
1689 873 2813
873 1689 2813
2813 873 1689
2850 1331 2342
2342 1331 2850
1331 2342 2850
871 1119 1158
1158 871 1119
1119 871 1158
1560 1036 2406
2406 1036 1560
1036 1560 2406
2080 43 1062
43 1062 2080
1062 43 2080
2487 812 2482
812 2482 2487
2482 812 2487
1840 2172 2880
2880 1840 2172
2172 1840 2880
634 2535 2739
2739 634 2535
2535 634 2739
2485 415 1371
1371 415 2485
415 1371 2485
677 1713 1930
1930 677 1713
1713 677 1930
1813 622 1415
622 1415 1813
1415 622 1813
2235 471 2810
471 2235 2810
2810 471 2235
2591 638 1287
638 1287 2591
1287 638 2591
843 446 1902
446 843 1902
1902 446 843
2525 2073 2990
2073 2525 2990
2990 2073 2525
2142 1014 1680
1014 1680 2142
1680 1014 2142
2597 275 927
275 927 2597
927 275 2597
2339 663 2212
663 2212 2339
2212 663 2339
1388 219 2290
219 1388 2290
2290 219 1388
2431 561 2673
561 2431 2673
2673 561 2431
2228 93 539
93 539 2228
539 93 2228
1366 614 788
788 614 1366
614 788 1366
629 545 580
545 580 629
580 545 629
1325 374 1009
1009 374 1325
374 1009 1325
1074 1112 1238
1112 1074 1238
1238 1074 1112
702 2637 2754
2637 702 2754
2754 702 2637
1788 1137 2267
1137 1788 2267
2267 1137 1788
1464 1013 2648
1013 1464 2648
2648 1013 1464
1650 134 2332
134 1650 2332
2332 134 1650
2019 44 1262
1262 44 2019
44 1262 2019
510 1805 1995
1805 510 1995
1995 510 1805
1676 178 2601
2601 178 1676
178 1676 2601
2780 534 2654
534 2654 2780
2654 534 2780
1435 2001 2682
2001 1435 2682
2682 1435 2001
117 199 1644
199 117 1644
1644 117 199
706 325 1769
1769 325 706
325 706 1769
1778 390 2445
2445 390 1778
390 1778 2445
396 810 1608
810 396 1608
1608 396 810
1432 1142 2899
2899 1142 1432
1142 1432 2899
1917 210 1605
1605 210 1917
210 1605 1917
2762 17 923
923 17 2762
17 923 2762
1273 259 734
259 734 1273
734 259 1273
642 822 1147
822 642 1147
1147 642 822
1017 403 1047
403 1017 1047
1047 403 1017
1222 1659 2007
2007 1222 1659
1659 1222 2007
2544 681 1259
681 1259 2544
1259 681 2544
179 819 1256
1256 179 819
819 179 1256
70 1842 2628
2628 70 1842
1842 70 2628
2954 1205 2861
1205 2861 2954
2861 1205 2954
2600 286 2310
286 2310 2600
2310 286 2600
1130 381 773
381 773 1130
773 381 1130
670 1459 2515
2515 670 1459
1459 670 2515
2572 1604 2301
2301 1604 2572
1604 2301 2572
2067 2298 2606
2298 2067 2606
2606 2067 2298
2231 476 1306
476 1306 2231
1306 476 2231
2113 685 2967
2967 685 2113
685 2113 2967
558 1346 2741
2741 558 1346
1346 558 2741
2048 954 1569
1569 954 2048
954 1569 2048
2178 39 2636
39 2178 2636
2636 39 2178
230 740 925
925 230 740
740 230 925
1488 393 2898
2898 393 1488
393 1488 2898
1513 1869 2981
1869 1513 2981
2981 1513 1869
126 462 2577
462 126 2577
2577 126 462
2229 208 432
432 208 2229
208 432 2229
1745 1031 1618
1618 1031 1745
1031 1618 1745
2014 368 2865
368 2014 2865
2865 368 2014
375 1186 2152
1186 375 2152
2152 375 1186
2143 1228 2291
2291 1228 2143
1228 2143 2291
2191 1815 2666
1815 2191 2666
2666 1815 2191
2767 2146 2213
2213 2146 2767
2146 2213 2767
2868 379 2996
379 2868 2996
2996 379 2868
1549 724 2963
724 1549 2963
2963 724 1549
2299 245 1393
1393 245 2299
245 1393 2299
2387 158 1362
158 1362 2387
1362 158 2387
