16498 3486 15659
15659 3486 16498
3486 15659 16498
15130 12383 19120
19120 12383 15130
12383 15130 19120
28103 9589 21315
9589 21315 28103
21315 9589 28103
8614 23893 29111
29111 8614 23893
23893 8614 29111
6104 6944 18812
6944 6104 18812
18812 6104 6944
29561 5905 8563
8563 5905 29561
5905 8563 29561
12587 2667 19110
2667 12587 19110
19110 2667 12587
2757 21316 21771
21771 2757 21316
21316 2757 21771
28943 5009 22233
5009 22233 28943
22233 5009 28943
9599 2835 14538
14538 2835 9599
2835 9599 14538
9964 6192 6442
6192 6442 9964
6442 6192 9964
7692 12970 14206
12970 7692 14206
14206 7692 12970
11816 9303 20840
20840 9303 11816
9303 11816 20840
11575 6664 26822
26822 6664 11575
6664 11575 26822
27283 8832 23259
23259 8832 27283
8832 23259 27283
25752 17105 20237
17105 20237 25752
20237 17105 25752
28941 27241 28665
28665 27241 28941
27241 28665 28941
20160 5901 17095
17095 5901 20160
5901 17095 20160
28261 10963 29466
29466 10963 28261
10963 28261 29466
20599 10380 29380
10380 20599 29380
29380 10380 20599
683 7517 8077
8077 683 7517
7517 683 8077
25764 1553 13087
13087 1553 25764
1553 13087 25764
26833 17116 17864
17864 17116 26833
17116 17864 26833
2083 4997 29983
29983 2083 4997
4997 2083 29983
24502 23889 24651
23889 24502 24651
24651 23889 24502
26674 8328 15180
15180 8328 26674
8328 15180 26674
6106 18997 22012
18997 6106 22012
22012 6106 18997
24225 7970 15261
15261 7970 24225
7970 15261 24225
1818 7140 23466
7140 1818 23466
23466 1818 7140
19957 5389 6645
6645 5389 19957
5389 6645 19957
17615 11272 27894
27894 11272 17615
11272 17615 27894
20975 24015 26726
26726 20975 24015
24015 20975 26726
24266 5663 27105
5663 24266 27105
27105 5663 24266
3151 8042 22693
22693 3151 8042
8042 3151 22693
23855 20210 20872
20210 20872 23855
20872 20210 23855
11696 8304 11461
11461 8304 11696
8304 11461 11696
3411 3612 7708
7708 3411 3612
3612 3411 7708
18142 4841 7764
7764 4841 18142
4841 7764 18142
19136 1983 7819
1983 7819 19136
7819 1983 19136
9740 22294 23633
22294 9740 23633
23633 9740 22294
17752 8999 24952
24952 8999 17752
8999 17752 24952
14100 8016 29765
29765 8016 14100
8016 14100 29765
15842 10600 16843
16843 10600 15842
10600 15842 16843
20723 18908 23221
18908 20723 23221
23221 18908 20723
5130 10645 19879
10645 5130 19879
19879 5130 10645
18030 460 19716
460 18030 19716
19716 460 18030
15791 17874 29673
17874 15791 29673
29673 15791 17874
23162 1715 14151
1715 14151 23162
14151 1715 23162
19732 6147 28584
28584 6147 19732
6147 19732 28584
26801 14490 18344
14490 18344 26801
18344 14490 26801
21799 9778 22029
22029 9778 21799
9778 21799 22029
28032 14407 21802
14407 21802 28032
21802 14407 28032
9980 20177 27888
20177 9980 27888
27888 9980 20177
25314 11938 13037
13037 11938 25314
11938 13037 25314
3918 196 29791
196 3918 29791
29791 196 3918
28378 14042 29603
14042 28378 29603
29603 14042 28378
11317 7139 29306
7139 11317 29306
29306 7139 11317
18525 5880 24138
5880 18525 24138
24138 5880 18525
15724 8055 25357
25357 8055 15724
8055 15724 25357
15750 18013 18421
18421 15750 18013
18013 15750 18421
2647 2947 11765
11765 2647 2947
2947 2647 11765
26307 982 14464
14464 982 26307
982 14464 26307
18842 25067 27393
25067 18842 27393
27393 18842 25067
25475 17947 25505
17947 25475 25505
25505 17947 25475
11336 28035 29417
29417 11336 28035
28035 11336 29417
27498 9124 9602
9602 9124 27498
9124 9602 27498
19501 7430 14815
14815 7430 19501
7430 14815 19501
11651 16817 17154
16817 11651 17154
17154 11651 16817
23300 10186 18056
18056 10186 23300
10186 18056 23300
22871 11839 14859
14859 11839 22871
11839 14859 22871
10143 9901 11133
11133 9901 10143
9901 10143 11133
4255 11945 26281
26281 4255 11945
11945 4255 26281
9234 13138 17675
17675 9234 13138
13138 9234 17675
10713 13195 21784
13195 10713 21784
21784 10713 13195
22334 12667 13687
12667 13687 22334
13687 12667 22334
11065 18776 28549
28549 11065 18776
18776 11065 28549
8878 16066 17783
17783 8878 16066
16066 8878 17783
10636 16915 20736
20736 10636 16915
16915 10636 20736
28171 4142 21617
4142 21617 28171
21617 4142 28171
658 194 6253
6253 194 658
194 658 6253
2643 5607 6082
5607 2643 6082
6082 2643 5607
21390 1631 22611
1631 21390 22611
22611 1631 21390
23251 19416 27724
19416 23251 27724
27724 19416 23251
22970 3540 17830
3540 17830 22970
17830 3540 22970
9430 2927 18877
2927 9430 18877
18877 2927 9430
17879 23319 23415
23415 17879 23319
23319 17879 23415
23431 4272 21346
21346 4272 23431
4272 21346 23431
26100 14251 19331
19331 14251 26100
14251 19331 26100
10725 21834 24742
21834 10725 24742
24742 10725 21834
11643 5181 7213
5181 7213 11643
7213 5181 11643
3139 19112 26976
26976 3139 19112
19112 3139 26976
24813 6268 20183
6268 20183 24813
20183 6268 24813
11 2157 2912
2912 11 2157
2157 11 2912
2432 976 6449
6449 976 2432
976 2432 6449
12364 2476 26705
26705 2476 12364
2476 12364 26705
7802 20234 23386
23386 7802 20234
20234 7802 23386
5696 3942 6702
6702 3942 5696
3942 5696 6702
18551 13005 23723
23723 13005 18551
13005 18551 23723
20048 2259 23930
2259 20048 23930
23930 2259 20048
16109 9694 15128
9694 15128 16109
15128 9694 16109
2069 14315 26858
26858 2069 14315
14315 2069 26858
17905 5361 20379
5361 17905 20379
20379 5361 17905
1088 7777 18923
18923 1088 7777
7777 1088 18923
13126 207 24441
207 13126 24441
24441 207 13126
13324 20853 21476
20853 13324 21476
21476 13324 20853
22407 22695 29357
22695 22407 29357
29357 22407 22695
13325 23173 27588
23173 13325 27588
27588 13325 23173
26598 13184 22164
13184 22164 26598
22164 13184 26598
27114 22424 26569
26569 22424 27114
22424 26569 27114
14539 4119 11948
4119 11948 14539
11948 4119 14539
7820 6930 14540
6930 7820 14540
14540 6930 7820
28370 5412 10445
10445 5412 28370
5412 10445 28370
23942 11034 23516
11034 23516 23942
23516 11034 23942
5371 15359 25511
25511 5371 15359
15359 5371 25511
22187 2299 14035
14035 2299 22187
2299 14035 22187
23753 1375 5055
1375 5055 23753
5055 1375 23753
7972 5650 13384
5650 7972 13384
13384 5650 7972
13584 7861 15293
7861 13584 15293
15293 7861 13584
6243 20523 21767
20523 6243 21767
21767 6243 20523
2910 9109 10533
10533 2910 9109
9109 2910 10533
12028 19740 22501
22501 12028 19740
19740 12028 22501
9869 8425 19932
19932 8425 9869
8425 9869 19932
7338 15270 23289
23289 7338 15270
15270 7338 23289
19919 28203 29897
29897 19919 28203
28203 19919 29897
13031 8379 13674
13674 8379 13031
8379 13031 13674
11937 4373 7271
7271 4373 11937
4373 7271 11937
23257 9291 23283
23283 9291 23257
9291 23257 23283
8121 4482 16103
16103 4482 8121
4482 8121 16103
2275 7316 12916
12916 2275 7316
7316 2275 12916
18044 12336 25359
25359 12336 18044
12336 18044 25359
2242 15078 26296
26296 2242 15078
15078 2242 26296
14132 7709 15570
7709 14132 15570
15570 7709 14132
12467 21650 28406
21650 12467 28406
28406 12467 21650
25882 2727 20524
20524 2727 25882
2727 20524 25882
1927 2343 16831
16831 1927 2343
2343 1927 16831
23647 25822 29624
25822 23647 29624
29624 23647 25822
22038 28571 29125
29125 22038 28571
28571 22038 29125
12183 25149 25965
25965 12183 25149
25149 12183 25965
21162 10419 24936
10419 21162 24936
24936 10419 21162
2651 9919 19868
9919 2651 19868
19868 2651 9919
9530 14170 25231
14170 9530 25231
25231 9530 14170
24604 7400 24704
24704 7400 24604
7400 24604 24704
7107 12804 15909
15909 7107 12804
12804 7107 15909
8265 6042 17995
6042 8265 17995
17995 6042 8265
5911 6080 24481
24481 5911 6080
6080 5911 24481
17673 24664 24790
24790 17673 24664
24664 17673 24790
12127 4633 15117
4633 12127 15117
15117 4633 12127
7445 19926 25275
19926 7445 25275
25275 7445 19926
4338 18283 23362
23362 4338 18283
18283 4338 23362
8678 3518 24189
24189 3518 8678
3518 8678 24189
19052 8756 25757
8756 19052 25757
25757 8756 19052
26262 8902 20132
8902 20132 26262
20132 8902 26262
744 12760 28025
12760 744 28025
28025 744 12760
9645 2178 29274
2178 9645 29274
29274 2178 9645
12516 7622 19621
19621 7622 12516
7622 12516 19621
24253 6378 23944
23944 6378 24253
6378 23944 24253
17302 3894 25201
25201 3894 17302
3894 17302 25201
21421 11824 28404
28404 11824 21421
11824 21421 28404
7601 3825 21248
3825 7601 21248
21248 3825 7601
26025 8138 17375
17375 8138 26025
8138 17375 26025
6950 19304 24293
24293 6950 19304
19304 6950 24293
8482 5587 24488
24488 5587 8482
5587 8482 24488
4891 17372 29338
29338 4891 17372
17372 4891 29338
250 9095 10774
10774 250 9095
9095 250 10774
16551 12511 29971
12511 16551 29971
29971 12511 16551
14346 5098 21623
5098 14346 21623
21623 5098 14346
18628 8824 11398
8824 11398 18628
11398 8824 18628
22426 22700 25651
22700 22426 25651
25651 22426 22700
12337 9221 25420
9221 12337 25420
25420 9221 12337
29360 25997 26263
25997 26263 29360
26263 25997 29360
25030 1803 17051
17051 1803 25030
1803 17051 25030
28345 8509 10079
8509 10079 28345
10079 8509 28345
1131 6916 11776
6916 1131 11776
11776 1131 6916
21863 3406 26014
26014 3406 21863
3406 21863 26014
20257 18245 27010
27010 18245 20257
18245 20257 27010
5895 21644 25876
21644 5895 25876
25876 5895 21644
9713 10984 17929
17929 9713 10984
10984 9713 17929
18438 8603 13963
13963 8603 18438
8603 13963 18438
26699 9569 11578
11578 9569 26699
9569 11578 26699
218 20362 29070
20362 218 29070
29070 218 20362
28826 3896 8819
8819 3896 28826
3896 8819 28826
23638 849 4782
4782 849 23638
849 4782 23638
15785 10305 16855
10305 15785 16855
16855 10305 15785
11500 13760 18502
13760 11500 18502
18502 11500 13760
26429 8762 14441
14441 8762 26429
8762 14441 26429
16424 14298 18875
18875 14298 16424
14298 16424 18875
25557 22944 25996
22944 25557 25996
25996 22944 25557
21878 9280 16037
16037 9280 21878
9280 16037 21878
26124 28916 29008
29008 26124 28916
28916 26124 29008
20987 20279 20769
20769 20279 20987
20279 20769 20987
12992 17663 20144
20144 12992 17663
17663 12992 20144
25165 3692 19273
3692 19273 25165
19273 3692 25165
5460 1129 22976
1129 5460 22976
22976 1129 5460
6635 6592 12086
12086 6592 6635
6592 6635 12086
754 2534 14414
2534 754 14414
14414 754 2534
16993 4727 24003
4727 16993 24003
24003 4727 16993
28267 2843 17834
2843 17834 28267
17834 2843 28267
15731 9632 25902
25902 9632 15731
9632 15731 25902
23366 14081 14702
14702 14081 23366
14081 14702 23366
4137 6853 29266
6853 4137 29266
29266 4137 6853
28792 8861 12583
8861 12583 28792
12583 8861 28792
28983 16164 23482
23482 16164 28983
16164 23482 28983
11589 7184 12763
12763 7184 11589
7184 11589 12763
13007 5406 27115
5406 13007 27115
27115 5406 13007
16827 7064 25189
25189 7064 16827
7064 16827 25189
29796 9412 22756
9412 22756 29796
22756 9412 29796
16736 9247 27506
9247 16736 27506
27506 9247 16736
16562 16050 24889
16050 16562 24889
24889 16050 16562
29966 14131 25239
25239 14131 29966
14131 25239 29966
9702 3582 10545
10545 3582 9702
3582 9702 10545
20870 9507 25983
9507 20870 25983
25983 9507 20870
20697 2206 5953
2206 5953 20697
5953 2206 20697
15040 8506 9009
9009 8506 15040
8506 9009 15040
27057 3673 7158
7158 3673 27057
3673 7158 27057
16318 9072 25128
9072 16318 25128
25128 9072 16318
29776 13949 28681
13949 28681 29776
28681 13949 29776
18087 11695 28178
11695 18087 28178
28178 11695 18087
29527 18387 29913
29913 18387 29527
18387 29527 29913
18365 8609 9536
8609 9536 18365
9536 8609 18365
19277 24254 28368
24254 19277 28368
28368 19277 24254
23553 7942 15582
7942 15582 23553
15582 7942 23553
27248 27293 29200
27293 27248 29200
29200 27248 27293
14308 1581 8585
8585 1581 14308
1581 8585 14308
25417 4995 17268
4995 17268 25417
17268 4995 25417
9643 12317 16944
16944 9643 12317
12317 9643 16944
15995 17090 22844
17090 15995 22844
22844 15995 17090
6582 11207 18075
18075 6582 11207
11207 6582 18075
12423 4792 28091
4792 12423 28091
28091 4792 12423
634 7651 9038
9038 634 7651
7651 634 9038
5945 5279 15730
15730 5279 5945
5279 5945 15730
412 20034 26333
26333 412 20034
20034 412 26333
28477 1238 14310
1238 14310 28477
14310 1238 28477
14215 5890 10430
5890 10430 14215
10430 5890 14215
19461 2531 22287
2531 19461 22287
22287 2531 19461
6170 6543 28095
28095 6170 6543
6543 6170 28095
22308 1899 20429
20429 1899 22308
1899 20429 22308
11496 20782 26327
20782 11496 26327
26327 11496 20782
25041 14708 15385
14708 15385 25041
15385 14708 25041
22054 16177 25957
25957 16177 22054
16177 22054 25957
16129 8346 27515
27515 8346 16129
8346 16129 27515
29726 3755 9966
9966 3755 29726
3755 9966 29726
22860 4643 25367
4643 22860 25367
25367 4643 22860
26471 13555 14898
13555 14898 26471
14898 13555 26471
4378 6996 26189
6996 4378 26189
26189 4378 6996
19925 3512 24581
3512 19925 24581
24581 3512 19925
16766 2482 26337
2482 16766 26337
26337 2482 16766
22329 2436 19896
2436 19896 22329
19896 2436 22329
12862 15 12292
15 12292 12862
12292 15 12862
4770 8807 17279
8807 4770 17279
17279 4770 8807
10102 13113 19033
13113 10102 19033
19033 10102 13113
24081 1761 1903
1903 1761 24081
1761 1903 24081
20378 6480 7693
7693 6480 20378
6480 7693 20378
13447 3943 19556
3943 13447 19556
19556 3943 13447
28365 12823 14733
14733 12823 28365
12823 14733 28365
5248 3458 21408
21408 3458 5248
3458 5248 21408
14240 6525 9437
9437 6525 14240
6525 9437 14240
2019 19208 19644
19208 2019 19644
19644 2019 19208
8072 2926 21800
2926 8072 21800
21800 2926 8072
3495 13723 21764
13723 3495 21764
21764 3495 13723
7459 4199 4738
4199 4738 7459
4738 4199 7459
4299 2108 22057
2108 4299 22057
22057 2108 4299
7907 1272 18367
1272 7907 18367
18367 1272 7907
11676 2327 7734
2327 7734 11676
7734 2327 11676
19946 5582 17618
17618 5582 19946
5582 17618 19946
5276 4329 27157
4329 5276 27157
27157 4329 5276
26624 16194 21028
16194 21028 26624
21028 16194 26624
15781 3334 29595
3334 15781 29595
29595 3334 15781
5697 13003 18232
13003 5697 18232
18232 5697 13003
17308 10473 20575
10473 17308 20575
20575 10473 17308
15869 14380 17460
17460 14380 15869
14380 15869 17460
25977 4832 19881
19881 4832 25977
4832 19881 25977
26265 12753 23453
23453 12753 26265
12753 23453 26265
29187 5291 19953
5291 19953 29187
19953 5291 29187
23577 18244 29295
29295 18244 23577
18244 23577 29295
11412 1506 27747
1506 11412 27747
27747 1506 11412
9613 4147 8242
8242 4147 9613
4147 8242 9613
8830 17645 23858
23858 8830 17645
17645 8830 23858
29103 10560 22855
22855 10560 29103
10560 22855 29103
25738 11048 29239
11048 25738 29239
29239 11048 25738
2951 15696 24601
15696 2951 24601
24601 2951 15696
5749 3363 6478
6478 3363 5749
3363 5749 6478
3766 7100 20831
7100 3766 20831
20831 3766 7100
4691 7786 11416
7786 4691 11416
11416 4691 7786
18763 17078 17598
17598 17078 18763
17078 17598 18763
7962 3125 12319
3125 7962 12319
12319 3125 7962
20991 9914 28905
9914 20991 28905
28905 9914 20991
18854 26047 26234
26047 18854 26234
26234 18854 26047
5325 3223 10773
3223 5325 10773
10773 3223 5325
10694 14865 15309
15309 10694 14865
14865 10694 15309
5813 10990 28852
28852 5813 10990
10990 5813 28852
8661 10667 20001
20001 8661 10667
10667 8661 20001
12475 1477 28134
1477 12475 28134
28134 1477 12475
7318 9662 23742
9662 7318 23742
23742 7318 9662
21379 5902 7051
7051 5902 21379
5902 7051 21379
25290 22255 23755
22255 23755 25290
23755 22255 25290
14604 10183 25388
10183 14604 25388
25388 10183 14604
18760 17869 20459
20459 17869 18760
17869 18760 20459
6537 8285 27629
8285 6537 27629
27629 6537 8285
8418 1509 10140
1509 8418 10140
10140 1509 8418
29954 13622 23659
23659 13622 29954
13622 23659 29954
21833 6490 25452
6490 21833 25452
25452 6490 21833
3874 9603 23237
23237 3874 9603
9603 3874 23237
19352 9953 20140
9953 19352 20140
20140 9953 19352
14804 3301 6334
3301 6334 14804
6334 3301 14804
20392 12061 21700
21700 12061 20392
12061 20392 21700
16705 9664 26806
26806 9664 16705
9664 16705 26806
2778 6625 9921
6625 2778 9921
9921 2778 6625
1358 17542 28154
17542 1358 28154
28154 1358 17542
393 8223 17918
8223 393 17918
17918 393 8223
15904 7063 9081
9081 7063 15904
7063 9081 15904
14146 14028 15703
15703 14028 14146
14028 14146 15703
27373 9432 11112
9432 11112 27373
11112 9432 27373
11018 6048 19821
6048 11018 19821
19821 6048 11018
7849 17837 17841
17841 7849 17837
17837 7849 17841
6881 8853 12358
12358 6881 8853
8853 6881 12358
22415 27307 27891
27891 22415 27307
27307 22415 27891
1872 6265 14711
14711 1872 6265
6265 1872 14711
16115 13332 25975
25975 13332 16115
13332 16115 25975
22177 1265 22180
22180 1265 22177
1265 22177 22180
24424 11635 28723
11635 24424 28723
28723 11635 24424
1070 13465 29762
29762 1070 13465
13465 1070 29762
28117 11655 12181
12181 11655 28117
11655 12181 28117
13291 4829 15387
15387 4829 13291
4829 13291 15387
17395 10955 11372
10955 11372 17395
11372 10955 17395
1510 11085 18550
11085 1510 18550
18550 1510 11085
21374 3878 11476
11476 3878 21374
3878 11476 21374
19746 9549 13745
9549 13745 19746
13745 9549 19746
10412 19069 19470
19470 10412 19069
19069 10412 19470
14417 3321 16539
16539 3321 14417
3321 14417 16539
26607 3434 5459
5459 3434 26607
3434 5459 26607
13808 5837 17736
5837 13808 17736
17736 5837 13808
28137 15875 20242
15875 20242 28137
20242 15875 28137
24393 1368 11754
1368 11754 24393
11754 1368 24393
3904 3853 21690
3853 3904 21690
21690 3853 3904
9734 5452 20714
20714 5452 9734
5452 9734 20714
18785 9932 18677
18677 9932 18785
9932 18677 18785
1585 8082 23414
23414 1585 8082
8082 1585 23414
27917 4136 6408
6408 4136 27917
4136 6408 27917
15269 3815 4394
3815 4394 15269
4394 3815 15269
28141 9945 25415
25415 9945 28141
9945 25415 28141
23964 5210 29030
29030 5210 23964
5210 23964 29030
6099 2734 27377
2734 6099 27377
27377 2734 6099
3993 24160 28600
24160 3993 28600
28600 3993 24160
7583 3350 23294
3350 7583 23294
23294 3350 7583
12219 962 26930
26930 962 12219
962 12219 26930
23738 4386 9937
4386 9937 23738
9937 4386 23738
5868 414 1250
414 1250 5868
1250 414 5868
13775 15823 16871
16871 13775 15823
15823 13775 16871
28739 2528 15735
2528 15735 28739
15735 2528 28739
20167 6852 12325
12325 6852 20167
6852 12325 20167
13846 7129 10253
10253 7129 13846
7129 10253 13846
5217 1462 7250
1462 5217 7250
7250 1462 5217
25884 1108 13915
13915 1108 25884
1108 13915 25884
21645 13944 23809
13944 21645 23809
23809 13944 21645
7831 6991 14522
6991 7831 14522
14522 6991 7831
20152 16191 22606
16191 20152 22606
22606 16191 20152
16784 7211 21892
21892 7211 16784
7211 16784 21892
10935 2558 12078
2558 10935 12078
12078 2558 10935
4757 9765 11729
11729 4757 9765
9765 4757 11729
21683 11420 19565
19565 11420 21683
11420 19565 21683
25728 5622 13533
5622 13533 25728
13533 5622 25728
17574 24343 25021
24343 17574 25021
25021 17574 24343
8834 477 22962
477 8834 22962
22962 477 8834
10454 2960 12616
12616 2960 10454
2960 10454 12616
1974 1144 4250
1144 1974 4250
4250 1144 1974
19333 1124 2026
2026 1124 19333
1124 2026 19333
13208 10101 15538
10101 13208 15538
15538 10101 13208
9547 13607 28643
28643 9547 13607
13607 9547 28643
1101 1176 26111
26111 1101 1176
1176 1101 26111
7298 12765 14987
12765 7298 14987
14987 7298 12765
20758 827 23397
827 20758 23397
23397 827 20758
5410 5133 8365
5133 5410 8365
8365 5133 5410
28910 15849 21428
15849 21428 28910
21428 15849 28910
26567 10833 19652
10833 19652 26567
19652 10833 26567
23756 21261 27828
21261 23756 27828
27828 21261 23756
26366 23547 25925
25925 23547 26366
23547 25925 26366
2595 3099 6870
3099 2595 6870
6870 2595 3099
23220 978 4593
4593 978 23220
978 4593 23220
24295 8003 11733
11733 8003 24295
8003 11733 24295
20261 1606 24675
1606 20261 24675
24675 1606 20261
1432 8684 20258
20258 1432 8684
8684 1432 20258
5918 2989 16220
2989 5918 16220
16220 2989 5918
26885 4356 4862
4356 4862 26885
4862 4356 26885
26211 3407 25854
25854 3407 26211
3407 25854 26211
21499 5942 18390
5942 18390 21499
18390 5942 21499
8378 8093 9930
9930 8093 8378
8093 8378 9930
9996 5599 28801
5599 9996 28801
28801 5599 9996
5654 21074 24987
21074 5654 24987
24987 5654 21074
15907 19039 23093
23093 15907 19039
19039 15907 23093
21653 1623 13266
1623 13266 21653
13266 1623 21653
16842 17662 20546
17662 16842 20546
20546 16842 17662
17472 8005 8302
8005 8302 17472
8302 8005 17472
10236 15153 23920
23920 10236 15153
15153 10236 23920
25541 17525 18859
17525 18859 25541
18859 17525 25541
15839 6427 24292
6427 15839 24292
24292 6427 15839
28677 893 16049
893 16049 28677
16049 893 28677
4075 24933 27700
24933 4075 27700
27700 4075 24933
28835 3849 8081
8081 3849 28835
3849 8081 28835
17948 19147 21838
21838 17948 19147
19147 17948 21838
10845 2511 13297
13297 2511 10845
2511 10845 13297
15618 11381 19756
11381 15618 19756
19756 11381 15618
7332 11277 15320
11277 7332 15320
15320 7332 11277
28611 10690 17565
17565 10690 28611
10690 17565 28611
11907 2690 17529
17529 2690 11907
2690 11907 17529
5463 4638 16316
16316 4638 5463
4638 5463 16316
17966 13591 17584
13591 17584 17966
17584 13591 17966
3213 11285 17492
17492 3213 11285
11285 3213 17492
12051 17180 17582
17582 12051 17180
17180 12051 17582
23873 14391 21311
21311 14391 23873
14391 21311 23873
16420 5777 9767
9767 5777 16420
5777 9767 16420
7548 3640 16892
3640 7548 16892
16892 3640 7548
1970 20074 26799
26799 1970 20074
20074 1970 26799
8022 9400 9990
9400 8022 9990
9990 8022 9400
2652 1264 7952
1264 2652 7952
7952 1264 2652
24387 7606 11221
11221 7606 24387
7606 11221 24387
21766 3441 6386
3441 6386 21766
6386 3441 21766
5155 2011 28972
2011 5155 28972
28972 2011 5155
1650 2426 26664
2426 1650 26664
26664 1650 2426
23064 494 20544
494 20544 23064
20544 494 23064
9844 22551 29288
22551 9844 29288
29288 9844 22551
22310 24723 27111
27111 22310 24723
24723 22310 27111
18629 7784 22244
7784 18629 22244
22244 7784 18629
19871 10740 21363
10740 19871 21363
21363 10740 19871
24019 16230 18376
16230 18376 24019
18376 16230 24019
10623 14651 17495
14651 10623 17495
17495 10623 14651
27550 5453 8080
8080 5453 27550
5453 8080 27550
2162 9791 10087
9791 2162 10087
10087 2162 9791
4888 11718 22548
11718 4888 22548
22548 4888 11718
29387 22381 26537
22381 26537 29387
26537 22381 29387
21303 8965 24753
8965 21303 24753
24753 8965 21303
16335 17005 22833
22833 16335 17005
17005 16335 22833
16905 6116 29953
29953 6116 16905
6116 16905 29953
10512 5692 28133
28133 5692 10512
5692 10512 28133
6523 2072 18726
18726 2072 6523
2072 6523 18726
18419 19299 22133
22133 18419 19299
19299 18419 22133
2904 26157 28031
26157 2904 28031
28031 2904 26157
1115 15801 27697
15801 1115 27697
27697 1115 15801
2740 2408 26553
26553 2408 2740
2408 2740 26553
27136 1410 4834
1410 4834 27136
4834 1410 27136
24214 13526 17669
17669 13526 24214
13526 17669 24214
5967 27633 28106
28106 5967 27633
27633 5967 28106
6904 2972 27609
2972 6904 27609
27609 2972 6904
26159 19422 20504
20504 19422 26159
19422 20504 26159
25125 10675 18424
18424 10675 25125
10675 18424 25125
22367 320 2294
320 2294 22367
2294 320 22367
23234 2457 22506
22506 2457 23234
2457 22506 23234
25756 520 7020
520 7020 25756
7020 520 25756
25498 23851 26683
26683 23851 25498
23851 25498 26683
17567 26353 26577
26577 17567 26353
26353 17567 26577
1766 24728 27681
27681 1766 24728
24728 1766 27681
17400 19270 29924
19270 17400 29924
29924 17400 19270
12359 1314 5273
1314 5273 12359
5273 1314 12359
26069 17077 20677
17077 20677 26069
20677 17077 26069
3130 11663 14067
11663 3130 14067
14067 3130 11663
18967 16687 24923
24923 16687 18967
16687 18967 24923
16786 8486 28325
8486 16786 28325
28325 8486 16786
1603 2712 14068
14068 1603 2712
2712 1603 14068
15671 10977 23898
10977 15671 23898
23898 10977 15671
22761 13830 24417
24417 13830 22761
13830 22761 24417
3574 18567 27264
27264 3574 18567
18567 3574 27264
382 6173 10222
6173 382 10222
10222 382 6173
13209 23786 25861
23786 13209 25861
25861 13209 23786
29407 2630 28026
2630 28026 29407
28026 2630 29407
24406 11660 19020
19020 11660 24406
11660 19020 24406
28832 7011 23984
7011 23984 28832
23984 7011 28832
14161 5551 10747
5551 10747 14161
10747 5551 14161
27112 6439 9982
6439 9982 27112
9982 6439 27112
13911 1943 2128
1943 2128 13911
2128 1943 13911
17765 2434 28804
2434 17765 28804
28804 2434 17765
10457 14044 16924
14044 10457 16924
16924 10457 14044
12479 561 11134
561 11134 12479
11134 561 12479
29869 7612 25848
25848 7612 29869
7612 25848 29869
13139 2614 20772
2614 13139 20772
20772 2614 13139
10655 17093 19873
19873 10655 17093
17093 10655 19873
28410 5750 25903
25903 5750 28410
5750 25903 28410
850 10622 22675
10622 850 22675
22675 850 10622
28862 13004 23095
23095 13004 28862
13004 23095 28862
1080 3824 14128
3824 1080 14128
14128 1080 3824
8638 4245 24519
24519 4245 8638
4245 8638 24519
4670 12923 17232
12923 4670 17232
17232 4670 12923
1248 216 25721
25721 216 1248
216 1248 25721
12971 3749 23629
3749 12971 23629
23629 3749 12971
2817 5203 19507
5203 2817 19507
19507 2817 5203
7015 21191 29092
21191 7015 29092
29092 7015 21191
19212 4155 24023
24023 4155 19212
4155 19212 24023
26356 2526 3189
2526 3189 26356
3189 2526 26356
4409 3158 28462
3158 4409 28462
28462 3158 4409
12836 11115 15872
15872 11115 12836
11115 12836 15872
17172 21571 27933
27933 17172 21571
21571 17172 27933
10599 11038 12393
12393 10599 11038
11038 10599 12393
7685 15464 28712
28712 7685 15464
15464 7685 28712
25307 18361 26324
18361 25307 26324
26324 18361 25307
14990 1491 12329
12329 1491 14990
1491 12329 14990
15744 12493 26359
12493 15744 26359
26359 12493 15744
1810 132 3887
3887 132 1810
132 1810 3887
14205 3811 6371
3811 6371 14205
6371 3811 14205
15331 3487 13137
13137 3487 15331
3487 13137 15331
9137 11803 14363
14363 9137 11803
11803 9137 14363
20614 25585 29310
25585 20614 29310
29310 20614 25585
691 6332 6742
6742 691 6332
6332 691 6742
27123 11813 18686
11813 18686 27123
18686 11813 27123
672 10005 11483
10005 672 11483
11483 672 10005
7241 9762 20657
20657 7241 9762
9762 7241 20657
1302 17087 20989
17087 1302 20989
20989 1302 17087
26973 10394 28887
28887 10394 26973
10394 26973 28887
14521 7081 22080
22080 7081 14521
7081 14521 22080
28891 4683 11293
4683 11293 28891
11293 4683 28891
25035 7753 16537
7753 16537 25035
16537 7753 25035
12148 8680 24224
8680 12148 24224
24224 8680 12148
23232 125 26266
125 23232 26266
26266 125 23232
25335 22218 27511
27511 22218 25335
22218 25335 27511
21517 25652 25922
25922 21517 25652
25652 21517 25922
18871 1416 29207
29207 1416 18871
1416 18871 29207
22922 3514 17832
3514 17832 22922
17832 3514 22922
5874 8190 15745
8190 5874 15745
15745 5874 8190
20115 959 18919
18919 959 20115
959 18919 20115
9720 19011 26329
26329 9720 19011
19011 9720 26329
1616 9723 25349
9723 1616 25349
25349 1616 9723
16443 687 3608
687 3608 16443
3608 687 16443
8000 4464 10403
4464 8000 10403
10403 4464 8000
1986 7299 23137
23137 1986 7299
7299 1986 23137
4743 25051 28412
25051 4743 28412
28412 4743 25051
14124 5401 15565
15565 5401 14124
5401 14124 15565
29224 16132 24951
24951 16132 29224
16132 24951 29224
11567 6760 18021
18021 6760 11567
6760 11567 18021
2687 12793 22393
22393 2687 12793
12793 2687 22393
29898 1458 13663
13663 1458 29898
1458 13663 29898
12520 1518 4863
4863 1518 12520
1518 4863 12520
22895 13679 16962
16962 13679 22895
13679 16962 22895
10626 16240 21959
16240 10626 21959
21959 10626 16240
10872 1471 22567
1471 10872 22567
22567 1471 10872
2463 9310 21941
21941 2463 9310
9310 2463 21941
29426 7390 27455
7390 27455 29426
27455 7390 29426
9691 12401 15678
12401 9691 15678
15678 9691 12401
11935 10028 21089
21089 10028 11935
10028 11935 21089
12982 12598 19648
19648 12598 12982
12598 12982 19648
15142 19125 21974
19125 15142 21974
21974 15142 19125
14936 2742 26502
2742 14936 26502
26502 2742 14936
18890 17481 21798
17481 18890 21798
21798 17481 18890
6792 1218 2583
1218 2583 6792
2583 1218 6792
17223 13215 24144
24144 13215 17223
13215 17223 24144
5271 6993 15124
15124 5271 6993
6993 5271 15124
17297 16634 17070
16634 17070 17297
17070 16634 17297
28806 4733 14314
4733 14314 28806
14314 4733 28806
28284 16105 18931
18931 16105 28284
16105 18931 28284
9337 9267 26688
26688 9267 9337
9267 9337 26688
7077 4561 7341
4561 7077 7341
7341 4561 7077
28793 15126 25333
25333 15126 28793
15126 25333 28793
2887 4088 12872
4088 2887 12872
12872 2887 4088
10023 6833 16054
6833 10023 16054
16054 6833 10023
29141 12515 18066
18066 12515 29141
12515 18066 29141
23770 10016 10156
10016 10156 23770
10156 10016 23770
19474 7969 23017
7969 19474 23017
23017 7969 19474
6351 23418 28504
28504 6351 23418
23418 6351 28504
1608 19692 23731
23731 1608 19692
19692 1608 23731
27025 201 1304
1304 201 27025
201 1304 27025
3897 10398 25566
25566 3897 10398
10398 3897 25566
17140 13629 14316
14316 13629 17140
13629 14316 17140
21590 7121 15084
15084 7121 21590
7121 15084 21590
12447 4764 25959
25959 4764 12447
4764 12447 25959
7438 380 14826
380 7438 14826
14826 380 7438
17776 10266 12899
10266 12899 17776
12899 10266 17776
2858 25580 29121
29121 2858 25580
25580 2858 29121
18813 6919 27653
6919 18813 27653
27653 6919 18813
15131 17351 27659
27659 15131 17351
17351 15131 27659
18488 1667 17448
17448 1667 18488
1667 17448 18488
15824 13858 16583
13858 15824 16583
16583 13858 15824
15943 2141 8450
2141 8450 15943
8450 2141 15943
16324 7903 19769
7903 16324 19769
19769 7903 16324
7305 7845 16955
16955 7305 7845
7845 7305 16955
17340 13933 18616
13933 17340 18616
18616 13933 17340
17501 25961 26285
25961 17501 26285
26285 17501 25961
9128 12617 16515
16515 9128 12617
12617 9128 16515
25616 17556 20491
20491 17556 25616
17556 20491 25616
22908 5308 26946
26946 5308 22908
5308 22908 26946
26411 15312 26301
15312 26301 26411
26301 15312 26411
16719 25304 28841
25304 16719 28841
28841 16719 25304
17222 6798 27458
6798 17222 27458
27458 6798 17222
6248 11001 26050
11001 6248 26050
26050 6248 11001
29675 3403 16065
16065 3403 29675
3403 16065 29675
815 9155 22168
22168 815 9155
9155 815 22168
28779 16952 26803
16952 26803 28779
26803 16952 28779
24660 12168 25694
25694 12168 24660
12168 24660 25694
1359 3928 6731
3928 1359 6731
6731 1359 3928
6516 10080 26250
10080 6516 26250
26250 6516 10080
1685 14679 17573
17573 1685 14679
14679 1685 17573
12011 11752 17706
11752 12011 17706
17706 11752 12011
6271 19485 20629
19485 6271 20629
20629 6271 19485
12106 17017 24207
24207 12106 17017
17017 12106 24207
5306 9895 18796
9895 5306 18796
18796 5306 9895
5423 9448 9513
9513 5423 9448
9448 5423 9513
28625 2715 18861
18861 2715 28625
2715 18861 28625
24102 24338 26533
26533 24102 24338
24338 24102 26533
13962 19664 29556
29556 13962 19664
19664 13962 29556
10248 17326 18176
18176 10248 17326
17326 10248 18176
17932 704 1133
1133 704 17932
704 1133 17932
314 5543 23557
23557 314 5543
5543 314 23557
14588 4612 25852
25852 4612 14588
4612 14588 25852
5050 4686 25980
4686 5050 25980
25980 4686 5050
10146 4574 27374
4574 10146 27374
27374 4574 10146
21625 8226 18857
18857 8226 21625
8226 18857 21625
24133 8212 10940
8212 10940 24133
10940 8212 24133
296 22142 24504
22142 296 24504
24504 296 22142
11286 22620 23479
23479 11286 22620
22620 11286 23479
26075 16645 22888
16645 22888 26075
22888 16645 26075
5404 5030 23734
5030 5404 23734
23734 5030 5404
18621 15928 20774
15928 18621 20774
20774 15928 18621
23252 17502 23379
23379 17502 23252
17502 23252 23379
5494 10834 21565
21565 5494 10834
10834 5494 21565
12470 9320 21890
21890 9320 12470
9320 12470 21890
2232 22115 25115
25115 2232 22115
22115 2232 25115
21759 3945 9474
3945 9474 21759
9474 3945 21759
21948 5827 27316
27316 5827 21948
5827 21948 27316
11151 19207 20878
20878 11151 19207
19207 11151 20878
24566 946 14201
946 14201 24566
14201 946 24566
8107 5116 15523
15523 5116 8107
5116 8107 15523
18452 8815 18676
18676 8815 18452
8815 18452 18676
1815 15867 29979
15867 1815 29979
29979 1815 15867
20953 4215 25265
25265 4215 20953
4215 20953 25265
1141 3989 13261
13261 1141 3989
3989 1141 13261
3792 13083 28490
28490 3792 13083
13083 3792 28490
18563 16323 29955
16323 18563 29955
29955 16323 18563
29633 1055 19421
19421 1055 29633
1055 19421 29633
949 859 22599
22599 859 949
859 949 22599
15405 19233 29199
29199 15405 19233
19233 15405 29199
10643 14144 29355
29355 10643 14144
14144 10643 29355
17437 16963 21061
16963 17437 21061
21061 16963 17437
17099 7262 13546
13546 7262 17099
7262 13546 17099
18239 302 15590
15590 302 18239
302 15590 18239
20980 9628 17915
17915 9628 20980
9628 17915 20980
18886 13717 14364
13717 14364 18886
14364 13717 18886
3890 27849 29544
27849 3890 29544
29544 3890 27849
19041 20577 27860
27860 19041 20577
20577 19041 27860
14112 10300 11168
10300 11168 14112
11168 10300 14112
27311 13509 21540
13509 21540 27311
21540 13509 27311
13092 18933 20950
20950 13092 18933
18933 13092 20950
24783 12353 28322
28322 12353 24783
12353 24783 28322
25776 1181 25375
25375 1181 25776
1181 25375 25776
29578 4805 29820
29820 4805 29578
4805 29578 29820
26618 6653 19056
19056 6653 26618
6653 19056 26618
21682 4747 28849
4747 21682 28849
28849 4747 21682
16953 20514 24037
20514 16953 24037
24037 16953 20514
22010 14232 15614
15614 14232 22010
14232 15614 22010
24631 1909 28042
28042 1909 24631
1909 24631 28042
10247 131 24525
131 10247 24525
24525 131 10247
9624 9322 24145
9322 9624 24145
24145 9322 9624
22583 3481 7491
7491 3481 22583
3481 7491 22583
15679 25701 29097
25701 15679 29097
29097 15679 25701
1263 13747 14827
14827 1263 13747
13747 1263 14827
27227 12328 14343
14343 12328 27227
12328 14343 27227
7636 10450 23701
23701 7636 10450
10450 7636 23701
13921 7389 19398
19398 7389 13921
7389 13921 19398
20307 15690 24335
24335 15690 20307
15690 20307 24335
884 19231 26092
19231 884 26092
26092 884 19231
10775 7003 27684
27684 7003 10775
7003 10775 27684
19882 10082 13298
13298 10082 19882
10082 13298 19882
8370 3771 11082
11082 3771 8370
3771 8370 11082
23907 6789 22396
6789 22396 23907
22396 6789 23907
27196 701 7662
701 7662 27196
7662 701 27196
3524 220 16959
16959 220 3524
220 3524 16959
8516 11540 14473
14473 8516 11540
11540 8516 14473
6774 3290 28567
28567 3290 6774
3290 6774 28567
13172 16176 23052
16176 13172 23052
23052 13172 16176
22175 18711 28770
18711 22175 28770
28770 18711 22175
27087 15136 28647
15136 27087 28647
28647 15136 27087
18266 4191 26422
4191 18266 26422
26422 4191 18266
6746 11994 20433
11994 6746 20433
20433 6746 11994
22034 4271 12095
12095 4271 22034
4271 12095 22034
9780 11459 24173
11459 9780 24173
24173 9780 11459
11446 2500 4750
2500 4750 11446
4750 2500 11446
10415 4174 10267
10267 4174 10415
4174 10267 10415
15392 12326 26258
26258 12326 15392
12326 15392 26258
24819 214 3358
3358 214 24819
214 3358 24819
6255 6684 13993
13993 6255 6684
6684 6255 13993
21182 6486 21998
6486 21182 21998
21998 6486 21182
5816 6587 13928
6587 5816 13928
13928 5816 6587
1834 15811 20545
15811 1834 20545
20545 1834 15811
27113 5865 13136
5865 13136 27113
13136 5865 27113
19181 292 26082
26082 292 19181
292 19181 26082
10841 5593 20618
20618 5593 10841
5593 10841 20618
17959 13691 24067
13691 17959 24067
24067 13691 17959
27369 3722 28302
3722 27369 28302
28302 3722 27369
6579 4478 7940
4478 6579 7940
7940 4478 6579
21169 3287 9947
9947 3287 21169
3287 9947 21169
29349 10891 12748
10891 12748 29349
12748 10891 29349
27140 5335 25527
5335 25527 27140
25527 5335 27140
1052 8060 15520
8060 1052 15520
15520 1052 8060
4040 509 12774
509 4040 12774
12774 509 4040
14624 11344 22739
22739 11344 14624
11344 14624 22739
306 4896 28016
28016 306 4896
4896 306 28016
16612 230 24780
24780 230 16612
230 16612 24780
15007 4330 16557
4330 15007 16557
16557 4330 15007
8996 2606 29005
2606 8996 29005
29005 2606 8996
27512 1213 18865
1213 18865 27512
18865 1213 27512
1994 15917 19408
19408 1994 15917
15917 1994 19408
2695 7236 27168
7236 2695 27168
27168 2695 7236
21992 8100 15004
8100 15004 21992
15004 8100 21992
17766 12025 12885
12025 12885 17766
12885 12025 17766
22066 17001 28361
28361 17001 22066
17001 22066 28361
12332 1874 12943
1874 12332 12943
12943 1874 12332
5416 5118 15692
15692 5118 5416
5118 5416 15692
15844 17147 25101
25101 15844 17147
17147 15844 25101
1140 3526 12002
3526 1140 12002
12002 1140 3526
27649 3342 12402
12402 3342 27649
3342 12402 27649
8863 6318 15112
15112 6318 8863
6318 8863 15112
18241 14960 20439
20439 14960 18241
14960 18241 20439
16124 11452 20303
11452 16124 20303
20303 11452 16124
13715 11326 11504
11504 11326 13715
11326 11504 13715
13418 19337 29827
19337 13418 29827
29827 13418 19337
28828 746 16903
746 16903 28828
16903 746 28828
7696 261 15329
15329 261 7696
261 7696 15329
1321 13741 24715
13741 1321 24715
24715 1321 13741
25044 17124 20239
17124 20239 25044
20239 17124 25044
27204 19665 24677
24677 19665 27204
19665 24677 27204
26003 5233 10526
10526 5233 26003
5233 10526 26003
6448 5227 27306
5227 6448 27306
27306 5227 6448
23339 5205 10553
10553 5205 23339
5205 10553 23339
16471 2116 2227
2116 2227 16471
2227 2116 16471
11497 8160 25324
8160 11497 25324
25324 8160 11497
23256 1560 2165
2165 1560 23256
1560 2165 23256
184 7763 25629
25629 184 7763
7763 184 25629
29182 178 6037
6037 178 29182
178 6037 29182
20011 1673 18464
1673 18464 20011
18464 1673 20011
24190 16571 20712
16571 20712 24190
20712 16571 24190
937 9004 14802
9004 937 14802
14802 937 9004
453 9475 12940
12940 453 9475
9475 453 12940
16048 2410 3068
3068 2410 16048
2410 3068 16048
29958 12351 14375
14375 12351 29958
12351 14375 29958
25456 17794 18303
17794 18303 25456
18303 17794 25456
18583 4011 9847
9847 4011 18583
4011 9847 18583
24674 1390 5429
5429 1390 24674
1390 5429 24674
17646 11271 28097
28097 11271 17646
11271 17646 28097
28539 13795 24567
13795 24567 28539
24567 13795 28539
23449 15181 18125
18125 15181 23449
15181 18125 23449
21704 20284 24495
24495 20284 21704
20284 21704 24495
16075 4798 13219
13219 4798 16075
4798 13219 16075
24730 11751 22048
22048 11751 24730
11751 22048 24730
10231 6499 22317
6499 10231 22317
22317 6499 10231
25117 9301 22293
22293 9301 25117
9301 22293 25117
28672 5674 19661
19661 5674 28672
5674 19661 28672
19930 6395 27346
6395 19930 27346
27346 6395 19930
23957 2787 19992
2787 19992 23957
19992 2787 23957
2395 13840 17309
13840 2395 17309
17309 2395 13840
14145 3653 10416
3653 10416 14145
10416 3653 14145
27118 755 3884
755 3884 27118
3884 755 27118
2848 1148 18927
18927 1148 2848
1148 2848 18927
20890 20760 27995
20760 20890 27995
27995 20760 20890
12180 6750 22912
6750 12180 22912
22912 6750 12180
7447 14155 22661
22661 7447 14155
14155 7447 22661
7569 10496 14627
14627 7569 10496
10496 7569 14627
19073 19659 29173
19659 19073 29173
29173 19073 19659
6676 4326 8255
8255 4326 6676
4326 6676 8255
28061 1785 22465
22465 1785 28061
1785 22465 28061
14643 10554 12262
12262 10554 14643
10554 12262 14643
26675 1583 25120
1583 25120 26675
25120 1583 26675
25178 11543 16398
11543 16398 25178
16398 11543 25178
22767 7478 28408
28408 7478 22767
7478 22767 28408
10876 9736 11749
11749 9736 10876
9736 10876 11749
29392 1542 23827
1542 23827 29392
23827 1542 29392
29222 3437 8180
3437 8180 29222
8180 3437 29222
22214 19409 25289
25289 19409 22214
19409 22214 25289
1733 2935 27805
2935 1733 27805
27805 1733 2935
19668 8517 25373
25373 8517 19668
8517 19668 25373
24412 10500 20553
10500 20553 24412
20553 10500 24412
17723 14021 15760
14021 15760 17723
15760 14021 17723
7195 17137 21563
21563 7195 17137
17137 7195 21563
9804 6492 8685
8685 6492 9804
6492 8685 9804
14761 1924 15665
1924 14761 15665
15665 1924 14761
17479 2772 15543
2772 15543 17479
15543 2772 17479
26809 6350 20419
6350 20419 26809
20419 6350 26809
19819 17356 23665
23665 17356 19819
17356 19819 23665
20922 11922 18905
11922 18905 20922
18905 11922 20922
10871 2705 21273
2705 10871 21273
21273 2705 10871
8618 9263 13395
9263 8618 13395
13395 8618 9263
16858 17588 18275
17588 16858 18275
18275 16858 17588
20157 14795 20267
20267 14795 20157
14795 20157 20267
25381 12710 16502
12710 16502 25381
16502 12710 25381
10264 3110 5772
3110 5772 10264
5772 3110 10264
2220 10661 23365
10661 2220 23365
23365 2220 10661
1117 12047 28709
12047 1117 28709
28709 1117 12047
1156 7120 7528
7528 1156 7120
7120 1156 7528
3163 20607 27605
27605 3163 20607
20607 3163 27605
14704 964 13894
964 13894 14704
13894 964 14704
16410 7490 25156
25156 7490 16410
7490 16410 25156
7658 22526 23901
22526 7658 23901
23901 7658 22526
19449 916 13940
13940 916 19449
916 13940 19449
4594 12089 14608
12089 4594 14608
14608 4594 12089
10130 8263 29837
29837 8263 10130
8263 10130 29837
7895 15371 16859
