251 140 182
182 140 251
140 182 251
210 107 270
107 210 270
270 107 210
148 44 157
157 44 148
44 148 157
38 7 232
232 7 38
7 38 232
54 79 165
79 54 165
165 54 79
188 124 125
124 125 188
125 124 188
28 115 217
217 28 115
115 28 217
296 10 18
18 10 296
10 18 296
62 90 291
90 62 291
291 62 90
276 49 223
49 223 276
223 49 276
246 21 192
21 192 246
192 21 246
273 162 208
208 162 273
162 208 273
8 198 224
198 8 224
224 8 198
84 4 22
4 22 84
22 4 84
17 37 166
37 17 166
166 17 37
85 248 269
269 85 248
248 85 269
19 174 218
218 19 174
174 19 218
104 12 151
12 104 151
151 12 104
159 11 136
136 11 159
11 136 159
149 150 279
150 149 279
279 149 150
117 202 250
202 117 250
250 117 202
207 114 245
245 114 207
114 207 245
201 65 122
65 122 201
122 65 201
254 167 199
167 199 254
199 167 254
75 134 194
194 75 134
134 75 194
47 97 171
97 47 171
171 47 97
185 152 215
152 185 215
215 152 185
121 155 247
247 121 155
155 121 247
163 94 299
299 94 163
94 163 299
27 193 213
193 27 213
213 27 193
34 203 214
214 34 203
203 34 214
263 42 43
42 43 263
43 42 263
187 271 281
281 187 271
271 187 281
88 87 235
235 87 88
87 88 235
283 53 128
128 53 283
53 128 283
91 80 120
120 80 91
80 91 120
66 130 206
206 66 130
130 66 206
238 23 220
23 220 238
220 23 238
132 131 209
209 131 132
131 132 209
226 237 284
237 226 284
284 226 237
102 196 236
236 102 196
196 102 236
81 71 118
71 81 118
118 71 81
109 227 252
227 109 252
252 109 227
113 229 240
229 113 240
240 113 229
154 99 249
249 99 154
99 154 249
239 292 294
292 239 294
294 239 292
204 127 190
127 190 204
190 127 204
186 9 142
9 142 186
142 9 186
293 25 39
39 25 293
25 39 293
96 92 259
92 96 259
259 92 96
195 221 278
278 195 221
221 195 278
112 15 183
15 112 183
183 15 112
95 20 280
280 20 95
20 95 280
101 108 272
272 101 108
108 101 272
45 86 285
285 45 86
86 45 285
70 77 100
100 70 77
77 70 100
57 158 225
158 57 225
225 57 158
29 141 288
141 29 288
288 29 141
1 161 275
275 1 161
161 1 275
153 59 265
265 59 153
59 153 265
116 105 137
105 116 137
137 105 116
290 83 222
222 83 290
83 222 290
260 13 119
119 13 260
13 119 260
93 139 262
139 93 262
262 93 139
160 26 36
26 36 160
36 26 160
168 144 300
300 144 168
144 168 300
98 216 242
216 98 242
242 98 216
72 41 143
41 72 143
143 41 72
156 189 244
244 156 189
189 156 244
241 145 287
287 145 241
145 241 287
147 14 78
78 14 147
14 78 147
255 31 264
31 255 264
264 31 255
138 200 205
200 138 205
205 138 200
30 177 179
179 30 177
177 30 179
234 64 110
64 110 234
110 64 234
5 50 211
50 5 211
211 5 50
180 126 282
282 126 180
126 180 282
253 69 297
297 69 253
69 253 297
32 51 63
63 32 51
51 32 63
76 2 35
2 35 76
35 2 76
268 267 289
289 267 268
267 268 289
169 67 228
67 169 228
228 67 169
258 175 257
257 175 258
175 257 258
111 231 286
286 111 231
231 111 286
58 123 146
146 58 123
123 58 146
212 56 261
261 56 212
56 212 261
178 172 298
172 178 298
298 172 178
68 16 256
256 16 68
16 68 256
184 274 277
274 184 277
277 184 274
73 129 135
135 73 129
129 73 135
48 133 181
181 48 133
133 48 181
191 74 89
74 89 191
89 74 191
266 60 197
60 197 266
197 60 266
103 52 61
52 61 103
61 52 103
164 33 233
233 33 164
33 164 233
55 106 295
295 55 106
106 55 295
170 24 230
230 24 170
24 170 230
46 82 243
82 46 243
243 46 82
219 40 176
176 40 219
40 176 219
173 3 6
6 3 173
3 6 173
