102 70 96
96 70 102
70 96 102
266 16 100
16 100 266
100 16 266
249 56 73
56 73 249
73 56 249
18 42 229
42 18 229
229 18 42
91 136 171
136 91 171
171 91 136
132 75 295
75 132 295
295 75 132
153 228 292
228 153 292
292 153 228
175 206 241
241 175 206
206 175 241
140 84 88
84 88 140
88 84 140
161 8 27
27 8 161
8 27 161
22 107 289
107 22 289
289 22 107
247 178 230
230 178 247
178 230 247
89 126 246
126 89 246
246 89 126
145 1 193
193 1 145
1 145 193
185 55 155
155 55 185
55 155 185
172 196 254
196 172 254
254 172 196
143 141 199
141 143 199
199 141 143
180 32 169
169 32 180
32 169 180
123 197 222
222 123 197
197 123 222
189 13 48
48 13 189
13 48 189
127 203 284
284 127 203
203 127 284
19 92 218
218 19 92
92 19 218
24 82 179
82 24 179
179 24 82
44 207 212
207 44 212
212 44 207
224 36 204
36 204 224
204 36 224
276 192 227
192 227 276
227 192 276
47 139 299
139 47 299
299 47 139
106 191 233
233 106 191
191 106 233
272 80 113
113 80 272
80 113 272
154 219 265
219 154 265
265 154 219
66 12 121
12 66 121
121 12 66
9 137 213
137 9 213
213 9 137
38 26 296
26 38 296
296 26 38
235 156 297
297 156 235
156 235 297
17 30 77
77 17 30
30 17 77
33 11 263
11 33 263
263 11 33
35 6 167
167 6 35
6 35 167
149 181 242
242 149 181
181 149 242
25 116 148
116 25 148
148 25 116
29 68 188
188 29 68
68 29 188
248 186 187
186 187 248
187 186 248
166 111 283
283 111 166
111 166 283
108 226 277
226 108 277
277 108 226
51 98 286
286 51 98
98 51 286
31 23 287
23 31 287
287 23 31
72 261 291
291 72 261
261 72 291
239 21 183
183 21 239
21 183 239
264 93 255
255 93 264
93 255 264
104 258 282
258 104 282
282 104 258
220 95 285
285 95 220
95 220 285
262 53 174
174 53 262
53 174 262
138 195 200
195 138 200
200 138 195
273 28 119
28 119 273
119 28 273
134 74 278
278 74 134
74 134 278
198 128 135
135 128 198
128 135 198
217 94 176
94 176 217
176 94 217
124 5 129
129 5 124
5 124 129
268 62 243
243 62 268
62 243 268
194 90 208
90 194 208
208 90 194
117 101 184
101 117 184
184 101 117
234 7 293
7 234 293
293 7 234
165 130 290
290 130 165
130 165 290
279 54 294
54 279 294
294 54 279
79 20 39
39 20 79
20 39 79
253 209 210
209 210 253
210 209 253
87 257 267
257 87 267
267 87 257
41 202 237
237 41 202
202 41 237
152 46 275
46 152 275
275 46 152
164 125 163
163 125 164
125 163 164
59 99 216
216 59 99
99 59 216
61 215 300
215 61 300
300 61 215
146 58 238
58 146 238
238 58 146
37 14 133
14 37 133
133 14 37
271 67 274
274 67 271
67 271 274
85 50 71
71 50 85
50 71 85
173 97 112
112 97 173
97 112 173
120 221 288
221 120 288
288 120 221
115 150 214
214 115 150
150 115 214
81 10 231
231 10 81
10 81 231
49 105 232
105 49 232
232 49 105
83 256 260
260 83 256
256 83 260
159 2 15
2 15 159
15 2 159
190 144 250
144 190 250
250 144 190
270 182 251
182 251 270
251 182 270
205 60 109
60 109 205
109 60 205
76 147 280
147 76 280
280 76 147
225 78 201
78 201 225
201 78 225
63 151 281
281 63 151
151 63 281
45 40 177
40 45 177
177 40 45
240 3 110
110 3 240
3 110 240
4 118 162
118 4 162
162 4 118
131 52 158
52 131 158
158 52 131
269 86 211
86 211 269
211 86 269
160 114 157
157 114 160
114 157 160
168 244 259
259 168 244
244 168 259
223 43 298
298 43 223
43 223 298
64 103 170
103 64 170
170 64 103
142 34 69
34 69 142
69 34 142
245 122 252
122 245 252
252 122 245
65 57 236
236 57 65
57 65 236
