180 42 258
42 180 258
258 42 180
36 87 251
251 36 87
87 36 251
137 33 54
54 33 137
33 54 137
173 61 177
61 173 177
177 61 173
55 107 158
107 55 158
158 55 107
23 110 248
248 23 110
110 23 248
2 7 246
7 2 246
246 2 7
131 46 48
48 46 131
46 48 131
221 24 66
24 66 221
66 24 221
175 67 139
67 139 175
139 67 175
245 58 213
213 58 245
58 213 245
201 94 181
94 181 201
181 94 201
44 226 273
273 44 226
226 44 273
18 10 261
261 10 18
10 18 261
166 14 199
199 14 166
14 166 199
12 76 105
76 12 105
105 12 76
25 90 193
193 25 90
90 25 193
92 68 259
68 92 259
259 68 92
78 115 140
115 78 140
140 78 115
215 38 277
38 215 277
277 38 215
116 73 220
73 116 220
220 73 116
88 3 294
3 88 294
294 3 88
4 9 231
231 4 9
9 4 231
168 124 170
124 168 170
170 124 168
1 97 205
97 1 205
205 1 97
239 100 253
100 239 253
253 100 239
241 132 184
132 184 241
184 132 241
250 129 229
129 229 250
229 129 250
19 39 244
39 19 244
244 19 39
96 196 210
210 96 196
196 96 210
17 204 293
293 17 204
204 17 293
34 136 217
136 34 217
217 34 136
151 45 265
265 45 151
45 151 265
141 56 255
255 56 141
56 141 255
49 167 276
167 49 276
276 49 167
95 31 102
31 95 102
102 31 95
283 192 240
240 192 283
192 240 283
122 79 185
79 122 185
185 79 122
216 191 289
191 216 289
289 191 216
225 285 292
285 225 292
292 225 285
298 111 155
111 155 298
155 111 298
5 71 268
268 5 71
71 5 268
207 29 290
29 207 290
290 29 207
22 153 178
178 22 153
153 22 178
125 128 149
128 125 149
149 125 128
74 130 159
130 74 159
159 74 130
80 50 70
70 50 80
50 70 80
222 266 291
266 222 291
291 222 266
145 40 271
40 145 271
271 40 145
123 147 247
247 123 147
147 123 247
89 6 252
252 6 89
6 89 252
106 28 77
77 28 106
28 77 106
133 272 299
272 133 299
299 133 272
63 163 238
163 63 238
238 63 163
235 164 257
164 235 257
257 164 235
154 134 295
134 154 295
295 134 154
187 8 209
8 187 209
209 8 187
194 186 227
186 194 227
227 186 194
11 118 189
118 11 189
189 11 118
214 93 270
93 214 270
270 93 214
21 188 286
286 21 188
188 21 286
148 52 297
297 52 148
52 148 297
202 37 212
37 202 212
212 37 202
91 62 114
114 62 91
62 91 114
72 108 183
108 72 183
183 72 108
281 171 260
260 171 281
171 260 281
43 26 104
26 43 104
104 26 43
152 99 208
99 152 208
208 99 152
279 109 144
144 109 279
109 144 279
64 112 117
112 64 117
117 64 112
83 172 190
190 83 172
172 83 190
32 219 237
237 32 219
219 32 237
242 75 161
75 161 242
161 75 242
234 157 264
157 234 264
264 157 234
224 57 275
275 57 224
57 224 275
82 41 223
223 41 82
41 82 223
288 20 65
65 20 288
20 65 288
127 254 282
254 127 282
282 127 254
263 85 278
85 263 278
278 85 263
126 135 262
262 126 135
135 126 262
206 86 182
86 182 206
182 86 206
218 35 142
142 35 218
35 142 218
98 101 274
101 98 274
274 98 101
236 84 296
84 236 296
296 84 236
30 119 121
121 30 119
119 30 121
138 165 249
249 138 165
165 138 249
300 156 228
156 228 300
228 156 300
269 53 197
53 197 269
197 53 269
47 200 232
232 47 200
200 47 232
60 150 169
169 60 150
150 60 169
103 51 59
59 51 103
51 59 103
174 113 160
113 160 174
160 113 174
69 146 195
195 69 146
146 69 195
162 203 287
203 162 287
287 162 203
179 198 233
233 179 198
198 179 233
81 27 143
143 27 81
27 81 143
211 280 284
280 211 284
284 211 280
13 16 243
16 13 243
243 13 16
256 176 267
176 256 267
267 176 256
120 15 230
15 120 230
230 15 120
