5473 15686 23730
15686 5473 23730
23730 5473 15686
7739 14451 16443
16443 7739 14451
14451 7739 16443
11436 6653 17929
6653 11436 17929
17929 6653 11436
13647 8869 12468
12468 8869 13647
8869 12468 13647
28352 1290 21159
1290 21159 28352
21159 1290 28352
23589 11598 23681
23681 11598 23589
11598 23589 23681
14624 1531 22046
22046 1531 14624
1531 14624 22046
13054 4342 20475
4342 13054 20475
20475 4342 13054
16116 4172 9491
9491 4172 16116
4172 9491 16116
8969 17148 23659
17148 8969 23659
23659 8969 17148
28372 11558 13923
11558 13923 28372
13923 11558 28372
10455 11254 26604
26604 10455 11254
11254 10455 26604
29498 10334 24656
24656 10334 29498
10334 24656 29498
11597 2492 7358
2492 7358 11597
7358 2492 11597
13784 7838 28763
7838 13784 28763
28763 7838 13784
20526 9631 21863
9631 20526 21863
21863 9631 20526
25913 1966 22998
1966 22998 25913
22998 1966 25913
12939 6515 11756
11756 6515 12939
6515 11756 12939
22744 6394 18423
6394 18423 22744
18423 6394 22744
8340 20585 22740
22740 8340 20585
20585 8340 22740
19471 2891 25597
25597 2891 19471
2891 19471 25597
1765 23431 28375
23431 1765 28375
28375 1765 23431
7765 5616 26920
26920 5616 7765
5616 7765 26920
18361 4970 16793
16793 4970 18361
4970 16793 18361
7663 23259 25915
25915 7663 23259
23259 7663 25915
24328 2732 24524
2732 24328 24524
24524 2732 24328
9750 23890 26629
23890 9750 26629
26629 9750 23890
9997 3645 22625
22625 3645 9997
3645 9997 22625
10028 16452 19663
19663 10028 16452
16452 10028 19663
24660 7025 8786
8786 7025 24660
7025 8786 24660
145 6434 11771
11771 145 6434
6434 145 11771
24682 1766 25949
1766 24682 25949
25949 1766 24682
488 8296 12476
12476 488 8296
8296 488 12476
6665 872 22585
872 6665 22585
22585 872 6665
14388 3092 13201
13201 3092 14388
3092 13201 14388
23370 3054 25624
3054 23370 25624
25624 3054 23370
11347 10042 21631
10042 11347 21631
21631 10042 11347
11827 16231 21337
21337 11827 16231
16231 11827 21337
12973 686 25528
686 12973 25528
25528 686 12973
26064 5087 24391
5087 24391 26064
24391 5087 26064
14840 3487 14445
14445 3487 14840
3487 14445 14840
15644 20501 20583
20501 15644 20583
20583 15644 20501
5978 13642 24496
24496 5978 13642
13642 5978 24496
20898 1150 13347
1150 13347 20898
13347 1150 20898
15447 13782 27932
13782 15447 27932
27932 13782 15447
23224 25179 25460
25179 23224 25460
25460 23224 25179
21768 6724 12273
12273 6724 21768
6724 12273 21768
18449 25033 29038
25033 18449 29038
29038 18449 25033
4616 5064 26995
5064 4616 26995
26995 4616 5064
18928 11051 26067
26067 11051 18928
11051 18928 26067
882 9846 26482
9846 882 26482
26482 882 9846
20732 14683 22875
14683 20732 22875
22875 14683 20732
5777 12002 25954
12002 5777 25954
25954 5777 12002
26166 2923 27592
27592 2923 26166
2923 26166 27592
12585 10737 19055
10737 12585 19055
19055 10737 12585
20142 16772 24815
16772 20142 24815
24815 16772 20142
7005 4367 8848
4367 7005 8848
8848 4367 7005
22730 4265 25807
25807 4265 22730
4265 22730 25807
19073 3523 19959
19959 3523 19073
3523 19073 19959
9701 9384 26770
26770 9384 9701
9384 9701 26770
4264 879 8381
879 4264 8381
8381 879 4264
3088 9239 13174
13174 3088 9239
9239 3088 13174
13765 9421 18534
9421 13765 18534
18534 9421 13765
9404 12248 20890
12248 9404 20890
20890 9404 12248
20602 1360 14730
1360 14730 20602
14730 1360 20602
397 4930 12776
12776 397 4930
4930 397 12776
7719 11087 21757
11087 7719 21757
21757 7719 11087
26443 14153 25312
14153 25312 26443
25312 14153 26443
15872 1161 22619
1161 15872 22619
22619 1161 15872
11510 717 16547
717 11510 16547
16547 717 11510
9200 11935 15048
15048 9200 11935
11935 9200 15048
20344 5476 18831
5476 18831 20344
18831 5476 20344
14817 10323 15332
10323 14817 15332
15332 10323 14817
8859 1431 29341
29341 1431 8859
1431 8859 29341
14563 5075 10469
5075 10469 14563
10469 5075 14563
28135 9698 19334
19334 9698 28135
9698 19334 28135
2833 13799 19019
13799 2833 19019
19019 2833 13799
8292 28858 29584
29584 8292 28858
28858 8292 29584
150 20643 23113
23113 150 20643
20643 150 23113
965 6647 23100
6647 965 23100
23100 965 6647
3321 25679 27413
25679 3321 27413
27413 3321 25679
26580 11409 22059
22059 11409 26580
11409 22059 26580
14024 7947 15742
7947 14024 15742
15742 7947 14024
7304 13881 26619
13881 7304 26619
26619 7304 13881
29754 17768 26943
17768 26943 29754
26943 17768 29754
25600 6042 18822
18822 6042 25600
6042 18822 25600
7415 20133 23097
23097 7415 20133
20133 7415 23097
10943 151 13190
13190 151 10943
151 10943 13190
17504 15792 29848
29848 15792 17504
15792 17504 29848
17639 5231 15584
15584 5231 17639
5231 15584 17639
24736 11425 28653
28653 11425 24736
11425 24736 28653
29959 14277 19490
14277 19490 29959
19490 14277 29959
20549 16794 18496
16794 18496 20549
18496 16794 20549
10766 14422 16157
14422 10766 16157
16157 10766 14422
26627 8443 23056
23056 8443 26627
8443 23056 26627
10925 21733 25150
21733 10925 25150
25150 10925 21733
2378 18165 20669
18165 2378 20669
20669 2378 18165
3108 3710 27665
3710 3108 27665
27665 3108 3710
9773 11240 16527
16527 9773 11240
11240 9773 16527
6944 7613 19623
19623 6944 7613
7613 6944 19623
16123 15978 27173
15978 16123 27173
27173 15978 16123
16898 13255 21838
21838 13255 16898
13255 16898 21838
28806 6145 18599
18599 6145 28806
6145 18599 28806
8894 14530 29832
29832 8894 14530
14530 8894 29832
2076 16893 25867
16893 2076 25867
25867 2076 16893
15837 6105 14986
6105 14986 15837
14986 6105 15837
6674 10785 12187
10785 6674 12187
12187 6674 10785
22300 12472 20238
20238 12472 22300
12472 20238 22300
19947 22721 27892
27892 19947 22721
22721 19947 27892
10462 1264 19816
1264 10462 19816
19816 1264 10462
29782 547 22547
547 22547 29782
22547 547 29782
18719 628 21948
628 18719 21948
21948 628 18719
28903 4051 19186
4051 19186 28903
19186 4051 28903
21900 16743 27073
16743 21900 27073
27073 16743 21900
23915 7924 13061
7924 13061 23915
13061 7924 23915
9728 17919 21727
17919 9728 21727
21727 9728 17919
4525 16100 29633
16100 4525 29633
29633 4525 16100
1833 11048 16526
11048 1833 16526
16526 1833 11048
18460 12321 28853
12321 18460 28853
28853 12321 18460
15306 14324 24006
24006 14324 15306
14324 15306 24006
9428 16010 23256
23256 9428 16010
16010 9428 23256
7360 5612 29309
5612 7360 29309
29309 5612 7360
9081 1525 17411
17411 1525 9081
1525 9081 17411
28054 9010 11788
11788 9010 28054
9010 11788 28054
15856 8184 10787
10787 8184 15856
8184 10787 15856
27512 1604 13444
1604 13444 27512
13444 1604 27512
2586 4870 22724
22724 2586 4870
4870 2586 22724
8611 11433 14871
11433 8611 14871
14871 8611 11433
8913 2847 11886
2847 8913 11886
11886 2847 8913
4601 3849 11658
3849 4601 11658
11658 3849 4601
1782 858 11358
858 1782 11358
11358 858 1782
7961 5971 26275
5971 7961 26275
26275 5971 7961
14527 8626 25812
8626 14527 25812
25812 8626 14527
20038 5744 22745
5744 20038 22745
22745 5744 20038
21997 18560 20641
18560 20641 21997
20641 18560 21997
28242 13395 27808
27808 13395 28242
13395 27808 28242
14763 2293 22089
22089 2293 14763
2293 14763 22089
3961 2324 12967
12967 2324 3961
2324 3961 12967
6473 17979 25833
17979 6473 25833
25833 6473 17979
1293 4758 18261
4758 1293 18261
18261 1293 4758
25716 2471 16501
2471 16501 25716
16501 2471 25716
8391 11606 27230
27230 8391 11606
11606 8391 27230
21615 4813 9077
4813 9077 21615
9077 4813 21615
1461 11587 27832
27832 1461 11587
11587 1461 27832
19496 19491 28189
28189 19491 19496
19491 19496 28189
590 1308 20198
20198 590 1308
1308 590 20198
4244 165 11363
165 4244 11363
11363 165 4244
6721 4552 23149
4552 6721 23149
23149 4552 6721
15979 29104 29485
29104 15979 29485
29485 15979 29104
5723 1582 14436
14436 1582 5723
1582 5723 14436
3747 3466 5926
5926 3466 3747
3466 3747 5926
19482 21203 27984
21203 19482 27984
27984 19482 21203
13111 505 11364
11364 505 13111
505 11364 13111
11402 17263 28784
28784 11402 17263
17263 11402 28784
7027 11490 16985
11490 7027 16985
16985 7027 11490
20803 6126 15493
6126 15493 20803
15493 6126 20803
26841 28338 28548
28338 26841 28548
28548 26841 28338
27193 9111 18293
18293 9111 27193
9111 18293 27193
25515 17249 26621
17249 25515 26621
26621 17249 25515
19122 11931 25436
11931 19122 25436
25436 11931 19122
18212 15011 17671
15011 17671 18212
17671 15011 18212
23939 321 12424
321 12424 23939
12424 321 23939
28992 14897 23073
23073 14897 28992
14897 23073 28992
9594 20085 24252
24252 9594 20085
20085 9594 24252
10203 658 21109
658 10203 21109
21109 658 10203
23813 11093 15987
11093 15987 23813
15987 11093 23813
17566 2576 26991
2576 17566 26991
26991 2576 17566
2634 5659 22556
5659 2634 22556
22556 2634 5659
21771 11482 22683
22683 11482 21771
11482 21771 22683
29274 20499 22114
20499 22114 29274
22114 20499 29274
6863 4941 29544
4941 6863 29544
29544 4941 6863
4056 17399 27381
27381 4056 17399
17399 4056 27381
12373 5280 19169
5280 12373 19169
19169 5280 12373
2216 6500 26315
26315 2216 6500
6500 2216 26315
2907 14610 20277
20277 2907 14610
14610 2907 20277
17708 16425 18221
18221 16425 17708
16425 17708 18221
3163 537 22174
537 3163 22174
22174 537 3163
354 5557 20052
5557 354 20052
20052 354 5557
22420 17022 29160
29160 17022 22420
17022 22420 29160
11499 17839 18291
17839 11499 18291
18291 11499 17839
28359 3740 17809
17809 3740 28359
3740 17809 28359
15541 265 11170
265 11170 15541
11170 265 15541
6250 9540 12499
9540 6250 12499
12499 6250 9540
17885 14940 24308
14940 17885 24308
24308 14940 17885
13600 4466 21297
4466 13600 21297
21297 4466 13600
17962 7877 26978
26978 7877 17962
7877 17962 26978
4738 12873 19951
12873 4738 19951
19951 4738 12873
19719 7444 20873
20873 7444 19719
7444 19719 20873
444 15861 17622
17622 444 15861
15861 444 17622
21529 18678 21957
18678 21529 21957
21957 18678 21529
19081 4471 27066
27066 4471 19081
4471 19081 27066
9110 8795 16790
8795 9110 16790
16790 8795 9110
23856 24279 27375
24279 23856 27375
27375 23856 24279
8130 14662 15589
14662 8130 15589
15589 8130 14662
10306 9399 20817
20817 9399 10306
9399 10306 20817
4429 5321 6323
5321 4429 6323
6323 4429 5321
29789 2819 12477
12477 2819 29789
2819 12477 29789
26017 3148 4503
4503 3148 26017
3148 4503 26017
24764 11983 27038
27038 11983 24764
11983 24764 27038
16242 22209 24970
22209 16242 24970
24970 16242 22209
27692 4046 25815
25815 4046 27692
4046 25815 27692
26579 7769 18223
18223 7769 26579
7769 18223 26579
29939 22651 28157
22651 28157 29939
28157 22651 29939
10457 6667 23976
6667 10457 23976
23976 6667 10457
29260 4610 15103
15103 4610 29260
4610 15103 29260
18425 7181 29958
29958 7181 18425
7181 18425 29958
17212 6509 19566
19566 6509 17212
6509 17212 19566
21387 6550 11652
11652 6550 21387
6550 11652 21387
27318 10497 27549
27549 10497 27318
10497 27318 27549
2756 1255 10597
10597 1255 2756
1255 2756 10597
10083 14488 22647
22647 10083 14488
14488 10083 22647
19023 809 9810
9810 809 19023
809 9810 19023
7412 6230 10247
10247 6230 7412
6230 7412 10247
25404 8491 17721
17721 8491 25404
8491 17721 25404
3150 5935 16386
16386 3150 5935
5935 3150 16386
23503 2900 8761
2900 8761 23503
8761 2900 23503
10642 2087 2145
2087 2145 10642
2145 2087 10642
6940 1567 17003
17003 1567 6940
1567 6940 17003
3362 7991 14438
7991 3362 14438
14438 3362 7991
29860 11547 20275
20275 11547 29860
11547 20275 29860
19634 9520 27902
9520 19634 27902
27902 9520 19634
12927 9410 14638
14638 9410 12927
9410 12927 14638
18924 5858 22586
5858 18924 22586
22586 5858 18924
17185 7097 12536
7097 12536 17185
12536 7097 17185
29670 26165 27204
27204 26165 29670
26165 27204 29670
18193 2423 26130
26130 2423 18193
2423 18193 26130
9741 3557 25250
3557 9741 25250
25250 3557 9741
16832 8249 22037
22037 8249 16832
8249 16832 22037
3007 8647 19842
19842 3007 8647
8647 3007 19842
3752 9593 15224
9593 3752 15224
15224 3752 9593
1657 3311 8460
3311 1657 8460
8460 1657 3311
22753 9274 13609
9274 13609 22753
13609 9274 22753
11829 3889 16784
16784 3889 11829
3889 11829 16784
6651 9971 27928
27928 6651 9971
9971 6651 27928
14104 8799 19648
19648 8799 14104
8799 14104 19648
8383 6262 14960
6262 8383 14960
14960 6262 8383
29331 2877 24666
2877 24666 29331
24666 2877 29331
12667 18083 26369
26369 12667 18083
18083 12667 26369
2765 12113 28977
28977 2765 12113
12113 2765 28977
11353 20823 23558
20823 11353 23558
23558 11353 20823
21474 8833 20856
8833 20856 21474
20856 8833 21474
7070 2407 25170
2407 7070 25170
25170 2407 7070
24340 8342 20297
8342 20297 24340
20297 8342 24340
21174 11321 19736
19736 11321 21174
11321 19736 21174
28325 17407 25394
17407 25394 28325
25394 17407 28325
22379 299 6013
299 6013 22379
6013 299 22379
1269 2010 6845
6845 1269 2010
2010 1269 6845
15998 4089 27395
4089 15998 27395
27395 4089 15998
22517 6999 19764
6999 19764 22517
19764 6999 22517
22166 22339 24846
24846 22166 22339
22339 22166 24846
14920 16801 22806
16801 14920 22806
22806 14920 16801
29409 8702 12737
8702 12737 29409
12737 8702 29409
5929 18865 22421
18865 5929 22421
22421 5929 18865
1775 304 11102
11102 304 1775
304 1775 11102
27687 17899 28211
17899 27687 28211
28211 17899 27687
6468 3390 29192
29192 3390 6468
3390 6468 29192
1069 10816 15291
10816 1069 15291
15291 1069 10816
1899 958 12138
958 1899 12138
12138 958 1899
16149 4042 23267
4042 16149 23267
23267 4042 16149
2074 19600 21178
19600 2074 21178
21178 2074 19600
11948 17823 27335
17823 11948 27335
27335 11948 17823
10660 10570 14678
10570 10660 14678
14678 10570 10660
654 23764 24938
24938 654 23764
23764 654 24938
2933 20405 22960
20405 2933 22960
22960 2933 20405
8101 17969 28034
17969 8101 28034
28034 8101 17969
15431 20522 27003
20522 15431 27003
27003 15431 20522
247 9146 21107
21107 247 9146
9146 247 21107
27105 6240 8364
6240 8364 27105
8364 6240 27105
4944 1696 18787
1696 4944 18787
18787 1696 4944
25007 11601 17360
11601 17360 25007
17360 11601 25007
248 16035 29086
29086 248 16035
16035 248 29086
20360 12190 21608
12190 20360 21608
21608 12190 20360
16517 11628 20717
20717 11628 16517
11628 16517 20717
24701 3164 27386
27386 3164 24701
3164 24701 27386
21355 5932 22986
22986 5932 21355
5932 21355 22986
16556 13571 23439
23439 13571 16556
13571 16556 23439
13204 8150 17680
17680 8150 13204
8150 13204 17680
6624 11793 16074
16074 6624 11793
11793 6624 16074
834 4387 12550
12550 834 4387
4387 834 12550
4290 733 28087
733 4290 28087
28087 733 4290
21523 146 28991
28991 146 21523
146 21523 28991
29853 3245 5586
5586 3245 29853
3245 5586 29853
12868 7637 17625
7637 12868 17625
17625 7637 12868
16658 5916 20949
5916 16658 20949
20949 5916 16658
18202 9638 17190
17190 9638 18202
9638 17190 18202
9767 20237 28404
20237 9767 28404
28404 9767 20237
24624 15343 20233
15343 20233 24624
20233 15343 24624
2737 1080 8917
1080 2737 8917
8917 1080 2737
25251 9612 19593
9612 19593 25251
19593 9612 25251
22518 1522 8415
8415 1522 22518
1522 8415 22518
6165 5012 28522
5012 6165 28522
28522 5012 6165
27542 11994 14781
14781 11994 27542
11994 14781 27542
869 3233 17635
17635 869 3233
3233 869 17635
14578 17996 20524
20524 14578 17996
17996 14578 20524
3996 773 10557
10557 773 3996
773 3996 10557
18081 11111 19153
19153 11111 18081
11111 18081 19153
4997 3843 6580
3843 4997 6580
6580 3843 4997
24864 14921 15330
15330 14921 24864
14921 15330 24864
29586 13987 29138
29138 13987 29586
13987 29138 29586
14308 11453 23646
23646 11453 14308
11453 14308 23646
10123 4883 17633
4883 10123 17633
17633 4883 10123
6851 12114 19398
12114 6851 19398
19398 6851 12114
22075 22877 26126
26126 22075 22877
22877 22075 26126
8830 4975 20300
4975 8830 20300
20300 4975 8830
10006 8526 19761
19761 8526 10006
8526 10006 19761
17384 720 10227
10227 720 17384
720 10227 17384
25831 16280 19726
16280 19726 25831
19726 16280 25831
15403 3553 16412
3553 15403 16412
16412 3553 15403
29548 15281 23940
23940 15281 29548
15281 23940 29548
2956 6767 12400
12400 2956 6767
6767 2956 12400
6228 24043 28659
24043 6228 28659
28659 6228 24043
24263 23219 23408
23219 23408 24263
23408 23219 24263
9902 18153 28602
18153 9902 28602
28602 9902 18153
8843 5865 25694
5865 8843 25694
25694 5865 8843
6923 18937 20479
18937 6923 20479
20479 6923 18937
26733 13896 21877
21877 13896 26733
13896 21877 26733
26038 9397 19258
19258 9397 26038
9397 19258 26038
269 6082 17612
17612 269 6082
6082 269 17612
5567 15721 26185
15721 5567 26185
26185 5567 15721
8516 7251 22747
7251 8516 22747
22747 7251 8516
586 22480 22727
22727 586 22480
22480 586 22727
4629 13546 20331
13546 4629 20331
20331 4629 13546
1342 12906 29059
12906 1342 29059
29059 1342 12906
24762 16887 27711
27711 16887 24762
16887 24762 27711
29179 9653 24439
9653 24439 29179
24439 9653 29179
29154 9888 27946
27946 9888 29154
9888 27946 29154
23089 6148 26528
26528 6148 23089
6148 23089 26528
15486 1979 18195
1979 15486 18195
18195 1979 15486
17650 28024 29753
28024 17650 29753
29753 17650 28024
564 5198 11109
11109 564 5198
5198 564 11109
22383 565 26533
565 22383 26533
26533 565 22383
27660 13611 16156
16156 13611 27660
13611 16156 27660
14608 516 12961
516 12961 14608
12961 516 14608
3801 14688 25129
25129 3801 14688
14688 3801 25129
16244 13 3463
3463 13 16244
13 3463 16244
10868 14483 28310
28310 10868 14483
14483 10868 28310
8343 13974 14032
13974 8343 14032
14032 8343 13974
25163 22990 26095
26095 22990 25163
22990 25163 26095
6256 14074 27145
27145 6256 14074
14074 6256 27145
2504 7612 29243
7612 2504 29243
29243 2504 7612
1673 8302 20733
8302 1673 20733
20733 1673 8302
5474 1413 19596
19596 1413 5474
1413 5474 19596
24148 14168 20933
20933 14168 24148
14168 20933 24148
7890 4190 23714
23714 4190 7890
4190 7890 23714
22272 19128 27879
27879 19128 22272
19128 22272 27879
26066 20645 20870
20870 20645 26066
20645 20870 26066
26759 409 24880
24880 409 26759
409 24880 26759
24786 1204 29699
29699 1204 24786
1204 24786 29699
26769 1140 12780
1140 12780 26769
12780 1140 26769
4734 5768 29425
5768 4734 29425
29425 4734 5768
15322 6637 17061
6637 15322 17061
17061 6637 15322
23795 6852 16151
16151 6852 23795
6852 16151 23795
14787 3370 16549
16549 3370 14787
3370 14787 16549
1807 4084 23062
4084 1807 23062
23062 1807 4084
21422 20964 27385
20964 21422 27385
27385 20964 21422
23961 11522 25426
11522 23961 25426
25426 11522 23961
10910 12516 22595
12516 10910 22595
22595 10910 12516
7938 3213 3265
3265 3213 7938
3213 3265 7938
3657 17306 18979
18979 3657 17306
17306 3657 18979
10589 12852 20920
20920 10589 12852
12852 10589 20920
23485 26382 29319
29319 23485 26382
26382 23485 29319
7361 4294 22471
22471 4294 7361
4294 7361 22471
4808 11921 20246
20246 4808 11921
11921 4808 20246
26308 19036 27513
27513 19036 26308
19036 26308 27513
19899 4285 16567
16567 4285 19899
4285 16567 19899
16377 18791 29022
18791 16377 29022
29022 16377 18791
10119 27664 28728
27664 10119 28728
28728 10119 27664
7555 13360 23182
23182 7555 13360
13360 7555 23182
22117 16129 23153
23153 16129 22117
16129 22117 23153
29013 21150 22131
21150 22131 29013
22131 21150 29013
17554 3596 9432
3596 9432 17554
9432 3596 17554
20007 7920 13053
7920 13053 20007
13053 7920 20007
6530 7405 10804
7405 6530 10804
10804 6530 7405
11803 10653 26124
26124 10653 11803
10653 11803 26124
23276 14789 16368
16368 14789 23276
14789 16368 23276
2414 11825 21313
21313 2414 11825
11825 2414 21313
11724 820 15150
15150 820 11724
820 11724 15150
4859 4030 23414
23414 4030 4859
4030 4859 23414
12819 14442 17966
17966 12819 14442
14442 12819 17966
22165 13583 16647
13583 16647 22165
16647 13583 22165
699 5778 24700
5778 699 24700
24700 699 5778
19239 5663 26940
5663 19239 26940
26940 5663 19239
14125 8300 29752
29752 8300 14125
8300 14125 29752
7473 21093 28905
28905 7473 21093
21093 7473 28905
5657 23283 28658
28658 5657 23283
23283 5657 28658
26412 22372 29089
22372 26412 29089
29089 22372 26412
20530 14804 18515
14804 18515 20530
18515 14804 20530
20566 21747 23528
23528 20566 21747
21747 20566 23528
25675 15920 16632
16632 15920 25675
15920 16632 25675
16109 1328 13699
13699 1328 16109
1328 13699 16109
2441 3814 5156
3814 2441 5156
5156 2441 3814
6604 6166 26285
26285 6166 6604
6166 6604 26285
1416 11155 24794
11155 1416 24794
24794 1416 11155
27899 6191 7196
7196 6191 27899
6191 7196 27899
7318 17729 26510
17729 7318 26510
26510 7318 17729
6854 14274 17167
17167 6854 14274
14274 6854 17167
11963 28281 28486
28486 11963 28281
28281 11963 28486
4965 53 20036
53 4965 20036
20036 53 4965
9718 6440 16831
6440 9718 16831
16831 6440 9718
13519 13148 19411
19411 13148 13519
13148 13519 19411
9414 19112 26728
26728 9414 19112
19112 9414 26728
15146 13256 24650
13256 15146 24650
24650 13256 15146
6543 41 11464
11464 41 6543
41 6543 11464
1677 14021 17507
14021 1677 17507
17507 1677 14021
14013 10558 21548
21548 10558 14013
10558 14013 21548
21795 828 29957
828 21795 29957
29957 828 21795
22418 7999 26529
7999 22418 26529
26529 7999 22418
6090 5690 16739
16739 5690 6090
5690 6090 16739
11678 5349 11679
5349 11678 11679
11679 5349 11678
16315 21673 28665
21673 16315 28665
28665 16315 21673
29502 2003 13621
13621 2003 29502
2003 13621 29502
4540 15612 21844
15612 4540 21844
21844 4540 15612
19347 190 3200
190 3200 19347
3200 190 19347
2679 4188 15668
4188 2679 15668
15668 2679 4188
4611 21780 26129
21780 4611 26129
26129 4611 21780
13763 3943 25548
3943 13763 25548
25548 3943 13763
27429 6988 20759
20759 6988 27429
6988 20759 27429
10717 2659 12065
12065 2659 10717
2659 10717 12065
12855 13192 13904
13192 12855 13904
13904 12855 13192
21650 19396 25704
19396 21650 25704
25704 19396 21650
7000 4095 26966
26966 4095 7000
4095 7000 26966
642 456 20302
20302 456 642
456 642 20302
21072 2371 6339
2371 6339 21072
6339 2371 21072
2251 503 24055
503 2251 24055
24055 503 2251
3683 1633 4239
1633 3683 4239
4239 1633 3683
2867 17441 25260
17441 2867 25260
25260 2867 17441
4985 238 23532
238 4985 23532
23532 238 4985
22555 1248 26031
26031 1248 22555
1248 22555 26031
20294 4910 25866
25866 4910 20294
4910 20294 25866
25016 7043 9232
7043 9232 25016
9232 7043 25016
3412 12709 27223
27223 3412 12709
12709 3412 27223
6236 7161 11718
7161 6236 11718
11718 6236 7161
10409 7127 21165
7127 10409 21165
21165 7127 10409
13483 15462 24643
24643 13483 15462
15462 13483 24643
19874 13565 22681
22681 13565 19874
13565 19874 22681
9212 5273 16629
5273 9212 16629
16629 5273 9212
6929 6210 23954
6210 6929 23954
23954 6210 6929
27346 905 27421
905 27346 27421
27421 905 27346
29809 5633 10330
5633 10330 29809
10330 5633 29809
2652 12647 23763
23763 2652 12647
12647 2652 23763
2028 6015 27087
27087 2028 6015
6015 2028 27087
25673 9422 12286
12286 9422 25673
9422 12286 25673
27778 14253 21764
14253 21764 27778
21764 14253 27778
8358 8297 10812
10812 8297 8358
8297 8358 10812
14078 19465 24625
19465 14078 24625
24625 14078 19465
6287 2160 23331
23331 2160 6287
2160 6287 23331
26534 10074 23740
23740 10074 26534
10074 23740 26534
16086 9109 17785
17785 9109 16086
9109 16086 17785
10803 20208 22031
20208 10803 22031
22031 10803 20208
6048 12722 13828
13828 6048 12722
12722 6048 13828
20234 14121 23363
14121 20234 23363
23363 14121 20234
121 2322 6526
6526 121 2322
2322 121 6526
17663 17863 29905
17863 17663 29905
29905 17663 17863
5381 3428 3990
3428 3990 5381
3990 3428 5381
7805 14687 25110
25110 7805 14687
14687 7805 25110
12695 14862 25328
25328 12695 14862
14862 12695 25328
25906 17948 25594
25594 17948 25906
17948 25594 25906
14713 4726 22739
4726 14713 22739
22739 4726 14713
14774 16628 17408
16628 14774 17408
17408 14774 16628
11450 7242 24674
7242 11450 24674
24674 7242 11450
11742 1636 8466
8466 1636 11742
1636 8466 11742
9885 16769 28815
28815 9885 16769
16769 9885 28815
15637 9320 28336
28336 9320 15637
9320 15637 28336
23644 23121 27578
27578 23121 23644
23121 23644 27578
15977 4998 7283
4998 7283 15977
7283 4998 15977
22938 16456 17487
17487 16456 22938
16456 17487 22938
27749 18139 22015
18139 22015 27749
22015 18139 27749
20798 3198 22823
22823 3198 20798
3198 20798 22823
17048 6275 24032
24032 6275 17048
6275 17048 24032
4990 276 26524
276 4990 26524
26524 276 4990
26190 2628 8589
2628 8589 26190
8589 2628 26190
28444 4385 8204
8204 4385 28444
4385 8204 28444
16260 6419 23313
23313 6419 16260
6419 16260 23313
1015 12767 21861
12767 1015 21861
21861 1015 12767
8979 12268 18642
12268 8979 18642
18642 8979 12268
12435 13412 25017
25017 12435 13412
13412 12435 25017
7994 7950 8877
7950 7994 8877
8877 7950 7994
23650 23220 28661
28661 23220 23650
23220 23650 28661
25900 2056 21272
2056 21272 25900
21272 2056 25900
5817 3984 6134
3984 5817 6134
6134 3984 5817
11667 4458 6874
4458 6874 11667
6874 4458 11667
3786 8473 26116
26116 3786 8473
8473 3786 26116
26473 13836 15854
15854 13836 26473
13836 15854 26473
17240 1296 14493
14493 1296 17240
1296 14493 17240
23186 8322 19704
8322 19704 23186
19704 8322 23186
2987 2597 24388
2597 2987 24388
24388 2597 2987
13327 8360 24074
8360 13327 24074
24074 8360 13327
24517 16427 18094
16427 18094 24517
18094 16427 24517
7518 2476 28213
2476 7518 28213
28213 2476 7518
14048 8876 26771
26771 8876 14048
8876 14048 26771
28292 18973 25330
18973 25330 28292
25330 18973 28292
16133 14069 15241
14069 15241 16133
15241 14069 16133
16448 1965 3015
1965 3015 16448
3015 1965 16448
28787 9852 27702
9852 27702 28787
27702 9852 28787
14052 2607 20080
2607 14052 20080
20080 2607 14052
2554 2149 19359
2149 2554 19359
19359 2149 2554
5998 736 21628
736 5998 21628
21628 736 5998
10566 1012 26906
26906 1012 10566
1012 10566 26906
23583 2329 10618
10618 2329 23583
2329 10618 23583
14538 813 17329
813 14538 17329
17329 813 14538
20051 19179 21064
19179 20051 21064
21064 19179 20051
14041 1222 19021
1222 14041 19021
19021 1222 14041
29965 21938 24841
24841 21938 29965
21938 24841 29965
22298 10867 13816
13816 10867 22298
10867 13816 22298
20607 16753 18753
16753 18753 20607
18753 16753 20607
27931 20365 24976
20365 24976 27931
24976 20365 27931
25479 13900 21495
21495 13900 25479
13900 21495 25479
10423 8350 21075
21075 8350 10423
8350 10423 21075
11997 17801 28465
17801 11997 28465
28465 11997 17801
3216 1060 8318
1060 3216 8318
8318 1060 3216
12521 4212 27262
27262 4212 12521
4212 12521 27262
2644 2852 11567
11567 2644 2852
2852 2644 11567
15348 3348 19537
19537 3348 15348
3348 15348 19537
7659 8208 10057
8208 7659 10057
10057 7659 8208
15009 8949 12811
12811 8949 15009
8949 12811 15009
17389 1541 19527
19527 1541 17389
1541 17389 19527
14822 24668 26368
24668 14822 26368
26368 14822 24668
10818 12652 25601
25601 10818 12652
12652 10818 25601
29060 9733 22181
22181 9733 29060
9733 22181 29060
20576 1764 5180
5180 1764 20576
1764 5180 20576
13232 19759 20421
20421 13232 19759
19759 13232 20421
10681 830 27423
27423 830 10681
830 10681 27423
28836 13158 26899
13158 26899 28836
26899 13158 28836
23072 7229 18958
7229 18958 23072
18958 7229 23072
24393 16842 19631
19631 16842 24393
16842 19631 24393
4650 22782 26475
26475 4650 22782
22782 4650 26475
497 9186 14899
9186 497 14899
14899 497 9186
13558 7824 25991
7824 13558 25991
25991 7824 13558
15061 10344 26746
26746 10344 15061
10344 15061 26746
23292 4755 10287
4755 10287 23292
10287 4755 23292
3279 8299 25681
25681 3279 8299
8299 3279 25681
21348 20318 24667
24667 20318 21348
20318 21348 24667
27849 4258 11959
4258 11959 27849
11959 4258 27849
14122 3405 12239
3405 12239 14122
12239 3405 14122
24933 7248 12679
7248 12679 24933
12679 7248 24933
22945 8525 9068
8525 9068 22945
9068 8525 22945
22726 10726 24010
24010 10726 22726
10726 22726 24010
26609 17305 20316
20316 17305 26609
17305 20316 26609
10571 22822 24610
24610 10571 22822
22822 10571 24610
20776 17293 19732
17293 19732 20776
19732 17293 20776
14320 722 18622
722 14320 18622
18622 722 14320
192 13580 29611
29611 192 13580
13580 192 29611
8259 13207 21665
21665 8259 13207
13207 8259 21665
2918 640 9840
9840 640 2918
640 2918 9840
29112 8723 9876
9876 8723 29112
8723 9876 29112
11838 1853 3946
3946 1853 11838
1853 3946 11838
28821 10143 14772
14772 10143 28821
10143 14772 28821
7464 14151 20242
20242 7464 14151
14151 7464 20242
25573 9416 9657
9416 9657 25573
9657 9416 25573
25856 1487 8508
1487 8508 25856
8508 1487 25856
6906 15620 24883
24883 6906 15620
15620 6906 24883
18736 7701 17585
17585 7701 18736
7701 17585 18736
20468 7201 15780
7201 15780 20468
15780 7201 20468
1647 3263 12131
3263 1647 12131
12131 1647 3263
6742 18578 27222
18578 6742 27222
27222 6742 18578
17246 22295 23502
23502 17246 22295
22295 17246 23502
29808 18930 29890
29890 18930 29808
18930 29808 29890
416 14478 19051
14478 416 19051
19051 416 14478
19615 24106 29219
24106 19615 29219
29219 19615 24106
10578 12156 15156
15156 10578 12156
12156 10578 15156
5160 8821 26596
8821 5160 26596
26596 5160 8821
17857 8989 17531
17531 8989 17857
8989 17531 17857
2978 5059 19456
5059 2978 19456
19456 2978 5059
24354 8396 11192
11192 8396 24354
8396 11192 24354
7246 2130 27424
2130 7246 27424
27424 2130 7246
7106 6985 7297
6985 7106 7297
7297 6985 7106
20245 12143 21754
21754 12143 20245
12143 20245 21754
2874 4452 17840
17840 2874 4452
4452 2874 17840
3733 3898 29000
29000 3733 3898
3898 3733 29000
21356 2079 3907
3907 2079 21356
2079 3907 21356
14943 11672 29330
29330 11672 14943
11672 14943 29330
17688 4591 25976
25976 4591 17688
4591 17688 25976
15160 4328 9625
4328 9625 15160
9625 4328 15160
29772 21420 26936
21420 26936 29772
26936 21420 29772
25325 6931 11630
6931 11630 25325
11630 6931 25325
2951 18913 24389
18913 2951 24389
24389 2951 18913
27815 15050 27646
15050 27646 27815
27646 15050 27815
8842 13594 16546
13594 8842 16546
16546 8842 13594
24298 5594 7010
5594 7010 24298
7010 5594 24298
23176 10279 19544
19544 10279 23176
10279 19544 23176
18486 2226 8280
8280 2226 18486
2226 8280 18486
23223 3313 14418
3313 14418 23223
14418 3313 23223
24410 2386 14216
14216 2386 24410
2386 14216 24410
12337 123 24323
24323 123 12337
123 12337 24323
15508 9554 22129
9554 15508 22129
22129 9554 15508
19191 13851 27605
13851 19191 27605
27605 13851 19191
8609 3400 11820
11820 3400 8609
3400 8609 11820
10768 15164 16293
15164 10768 16293
16293 10768 15164
29156 555 13508
13508 555 29156
555 13508 29156
24558 6019 7527
6019 7527 24558
7527 6019 24558
25957 9438 23702
23702 9438 25957
9438 23702 25957
12395 23361 23452
23452 12395 23361
23361 12395 23452
25942 12147 28619
28619 12147 25942
12147 25942 28619
25905 224 20508
20508 224 25905
224 20508 25905
7090 4777 17000
17000 4777 7090
4777 7090 17000
3860 6584 8807
6584 3860 8807
8807 3860 6584
2521 12294 26515
12294 2521 26515
26515 2521 12294
6158 920 21658
21658 920 6158
920 6158 21658
26521 14127 20865
14127 20865 26521
20865 14127 26521
10495 9255 24454
9255 10495 24454
24454 9255 10495
5460 17944 21762
21762 5460 17944
17944 5460 21762
18376 16614 29552
29552 16614 18376
16614 18376 29552
13757 3564 13850
3564 13757 13850
13850 3564 13757
24168 16428 20935
16428 20935 24168
20935 16428 24168
25809 23433 23465
23433 23465 25809
23465 23433 25809
27146 6633 11768
11768 6633 27146
6633 11768 27146
9578 4432 14949
4432 9578 14949
14949 4432 9578
12876 13443 16665
13443 12876 16665
16665 12876 13443
29629 5190 6687
6687 5190 29629
5190 6687 29629
28393 23 22919
22919 23 28393
23 22919 28393
4384 14761 21268
14761 4384 21268
21268 4384 14761
1523 11411 28673
11411 1523 28673
28673 1523 11411
25732 17997 18265
18265 17997 25732
17997 18265 25732
23745 2996 18677
18677 2996 23745
2996 18677 23745
7078 8549 19748
8549 7078 19748
19748 7078 8549
12159 18416 22765
18416 12159 22765
22765 12159 18416
28121 16085 29286
16085 28121 29286
29286 16085 28121
25086 9478 13173
9478 13173 25086
13173 9478 25086
26058 28340 29613
28340 26058 29613
29613 26058 28340
18380 15847 27866
27866 15847 18380
15847 18380 27866
11012 14134 24942
24942 11012 14134
14134 11012 24942
6427 3203 15859
15859 3203 6427
3203 6427 15859
15796 18803 22905
18803 15796 22905
22905 15796 18803
11368 7325 29928
7325 11368 29928
29928 7325 11368
13817 20381 24735
24735 13817 20381
20381 13817 24735
11096 3709 21906
3709 11096 21906
21906 3709 11096
29171 5781 11681
11681 5781 29171
5781 11681 29171
11180 2403 2556
2403 2556 11180
2556 2403 11180
27159 28294 28662
28294 27159 28662
28662 27159 28294
13574 2189 4817
4817 2189 13574
2189 4817 13574
25265 10219 25525
10219 25265 25525
25525 10219 25265
8009 5272 27294
5272 8009 27294
27294 5272 8009
8436 898 15256
15256 898 8436
898 8436 15256
6269 10924 28758
10924 6269 28758
28758 6269 10924
25256 1292 7252
7252 1292 25256
1292 7252 25256
21231 11070 22449
22449 11070 21231
11070 21231 22449
14732 1347 3569
3569 1347 14732
1347 3569 14732
9019 23397 27186
23397 9019 27186
27186 9019 23397
6807 9492 13206
13206 6807 9492
9492 6807 13206
22659 3517 25535
25535 3517 22659
3517 22659 25535
18661 11459 17722
11459 17722 18661
17722 11459 18661
9744 18096 27474
18096 9744 27474
27474 9744 18096
14502 2825 28084
2825 14502 28084
28084 2825 14502
13363 9503 13978
9503 13363 13978
13978 9503 13363
2739 7083 17833
7083 2739 17833
17833 2739 7083
4363 569 14676
569 4363 14676
14676 569 4363
11338 8712 17032
8712 11338 17032
17032 8712 11338
1495 8535 24506
8535 1495 24506
24506 1495 8535
29610 15393 23903
15393 23903 29610
23903 15393 29610
28301 18553 21859
21859 18553 28301
18553 21859 28301
4667 3190 26413
3190 4667 26413
26413 3190 4667
8798 2532 19118
2532 8798 19118
19118 2532 8798
26363 5333 27296
5333 26363 27296
27296 5333 26363
10719 2966 4464
2966 4464 10719
4464 2966 10719
4535 2205 27251
2205 4535 27251
27251 2205 4535
1579 16214 16657
16657 1579 16214
16214 1579 16657
3819 8640 17808
8640 3819 17808
17808 3819 8640
9802 19235 21423
19235 9802 21423
21423 9802 19235
11386 12170 14778
12170 11386 14778
14778 11386 12170
5308 3634 16075
16075 3634 5308
3634 5308 16075
21460 14866 26435
26435 14866 21460
14866 21460 26435
19943 18781 25729
18781 19943 25729
25729 18781 19943
19503 24214 29559
29559 19503 24214
24214 19503 29559
29365 17764 21347
17764 21347 29365
21347 17764 29365
3004 114 5900
114 3004 5900
5900 114 3004
25762 3132 8928
8928 3132 25762
3132 8928 25762
25093 1964 13264
13264 1964 25093
1964 13264 25093
3447 25715 26378
25715 3447 26378
26378 3447 25715
12274 17693 20273
17693 12274 20273
20273 12274 17693
13967 1638 18752
18752 1638 13967
1638 13967 18752
20311 20644 21126
20644 20311 21126
21126 20311 20644
11169 10072 17483
10072 11169 17483
17483 10072 11169
10671 15731 26136
26136 10671 15731
15731 10671 26136
27061 16140 17501
16140 17501 27061
17501 16140 27061
20020 819 2015
2015 819 20020
819 2015 20020
22276 21972 27862
21972 22276 27862
27862 21972 22276
29124 4246 19592
4246 19592 29124
19592 4246 29124
13596 12194 14026
12194 13596 14026
14026 12194 13596
29735 19231 19275
19275 19231 29735
19231 19275 29735
10339 1198 20037
20037 1198 10339
1198 10339 20037
18828 25145 26210
26210 18828 25145
25145 18828 26210
24918 10295 23380
10295 23380 24918
23380 10295 24918
12953 5583 18409
18409 5583 12953
5583 12953 18409
26795 1675 2562
1675 2562 26795
2562 1675 26795
25629 9448 26225
26225 9448 25629
9448 25629 26225
20438 6371 12799
6371 12799 20438
12799 6371 20438
17908 1791 8744
8744 1791 17908
1791 8744 17908
2876 4599 23340
4599 2876 23340
23340 2876 4599
31 8736 21269
21269 31 8736
8736 31 21269
2093 8512 23857
23857 2093 8512
8512 2093 23857
27968 22000 24012
24012 22000 27968
22000 24012 27968
16813 6867 12351
6867 12351 16813
12351 6867 16813
2156 16816 29036
29036 2156 16816
16816 2156 29036
1445 23997 25494
25494 1445 23997
23997 1445 25494
27252 15473 29747
29747 15473 27252
15473 27252 29747
8026 1932 10572
1932 8026 10572
10572 1932 8026
24547 2345 14519
14519 2345 24547
2345 14519 24547
15408 10865 27290
10865 15408 27290
27290 10865 15408
29803 18836 26076
18836 26076 29803
26076 18836 29803
9636 9156 9817
9817 9156 9636
9156 9636 9817
13966 24676 28726
28726 13966 24676
24676 13966 28726
22637 16699 23773
16699 22637 23773
23773 16699 22637
27603 11066 21403
21403 11066 27603
11066 21403 27603
2697 3292 20692
3292 2697 20692
20692 2697 3292
5704 5986 28596
5986 5704 28596
28596 5704 5986
15253 20367 27200
27200 15253 20367
20367 15253 27200
5665 5495 13019
5495 5665 13019
13019 5495 5665
17739 15602 27558
27558 15602 17739
15602 17739 27558
4400 6596 24080
6596 4400 24080
24080 4400 6596
15140 7599 9254
9254 7599 15140
7599 9254 15140
9293 20081 26492
26492 9293 20081
20081 9293 26492
28373 12802 24897
24897 12802 28373
12802 24897 28373
6304 11943 20830
11943 6304 20830
20830 6304 11943
27614 17205 17700
17700 17205 27614
17205 17700 27614
27449 12051 13970
12051 13970 27449
13970 12051 27449
13374 13251 21515
13251 13374 21515
21515 13251 13374
8410 2193 6737
6737 2193 8410
2193 6737 8410
27182 12960 27860
12960 27182 27860
27860 12960 27182
19919 6181 15745
6181 15745 19919
15745 6181 19919
5749 5943 8402
8402 5749 5943
5943 5749 8402
3146 5857 27571
27571 3146 5857
5857 3146 27571
15419 12808 22777
12808 15419 22777
22777 12808 15419
27022 5909 19477
19477 5909 27022
5909 19477 27022
6318 24208 26493
24208 6318 26493
26493 6318 24208
4373 6080 17160
6080 4373 17160
17160 4373 6080
22403 4815 14456
4815 14456 22403
14456 4815 22403
4887 13892 14166
14166 4887 13892
13892 4887 14166
9777 826 10976
826 9777 10976
10976 826 9777
17735 6806 8276
8276 6806 17735
6806 8276 17735
17519 932 6508
6508 932 17519
932 6508 17519
16249 7966 13012
13012 7966 16249
7966 13012 16249
27107 2363 6697
6697 2363 27107
2363 6697 27107
5326 4055 25408
4055 5326 25408
25408 4055 5326
28691 3790 7515
7515 3790 28691
3790 7515 28691
19222 8981 28617
8981 19222 28617
28617 8981 19222
2962 2546 12787
12787 2546 2962
2546 2962 12787
7173 6101 8328
6101 7173 8328
8328 6101 7173
16611 27283 27662
27662 16611 27283
27283 16611 27662
24530 5244 11428
11428 5244 24530
5244 11428 24530
7221 13298 14650
14650 7221 13298
13298 7221 14650
10026 1982 20820
20820 1982 10026
1982 10026 20820
21656 11193 25018
11193 21656 25018
25018 11193 21656
20356 24584 26123
24584 20356 26123
26123 20356 24584
11468 5873 19505
19505 5873 11468
5873 11468 19505
13193 7101 25559
7101 13193 25559
25559 7101 13193
24317 3858 20736
20736 3858 24317
3858 20736 24317
12221 6366 16033
6366 12221 16033
16033 6366 12221
16271 6577 20332
20332 6577 16271
6577 16271 20332
2313 19660 27833
27833 2313 19660
19660 2313 27833
1329 8333 15691
15691 1329 8333
8333 1329 15691
11707 18498 26398
26398 11707 18498
18498 11707 26398
12262 12575 26876
12575 12262 26876
26876 12262 12575
25171 7470 29370
29370 7470 25171
7470 25171 29370
7741 432 1438
432 1438 7741
1438 432 7741
24046 10563 12613
12613 10563 24046
10563 12613 24046
6761 20888 28379
20888 6761 28379
28379 6761 20888
16291 2720 15215
2720 15215 16291
15215 2720 16291
27913 4889 29484
29484 4889 27913
4889 27913 29484
29880 11127 29961
11127 29880 29961
29961 11127 29880
1063 504 6279
6279 504 1063
504 1063 6279
26831 16246 26348
26348 16246 26831
16246 26348 26831
16288 17355 27797
27797 16288 17355
17355 16288 27797
20377 14369 26917
14369 20377 26917
26917 14369 20377
23708 27032 29438
27032 23708 29438
29438 23708 27032
11052 8543 12592
8543 11052 12592
12592 8543 11052
23680 1981 26714
26714 1981 23680
1981 23680 26714
21221 672 5291
5291 672 21221
672 5291 21221
11112 1000 14327
14327 1000 11112
1000 11112 14327
23621 11237 20625
11237 20625 23621
20625 11237 23621
1717 4025 8699
4025 1717 8699
8699 1717 4025
17168 18430 28026
18430 17168 28026
28026 17168 18430
23183 22362 26671
22362 23183 26671
26671 22362 23183
11230 24590 26079
26079 11230 24590
24590 11230 26079
20243 12583 19312
12583 19312 20243
19312 12583 20243
19912 6622 17201
6622 17201 19912
17201 6622 19912
24326 10981 21256
10981 21256 24326
21256 10981 24326
2472 10152 29299
29299 2472 10152
10152 2472 29299
11962 4164 29919
4164 11962 29919
29919 4164 11962
13221 10054 25311
10054 13221 25311
25311 10054 13221
12125 15897 19182
19182 12125 15897
15897 12125 19182
15575 7521 28531
28531 7521 15575
7521 15575 28531
1238 3852 9807
9807 1238 3852
3852 1238 9807
17083 15736 29588
15736 17083 29588
29588 15736 17083
25893 5867 10053
10053 5867 25893
5867 10053 25893
26158 5828 22930
22930 5828 26158
5828 22930 26158
24949 20097 27891
20097 24949 27891
27891 20097 24949
472 15895 22003
22003 472 15895
15895 472 22003
11142 10969 17740
17740 10969 11142
10969 11142 17740
14606 19708 29817
19708 14606 29817
29817 14606 19708
