1967 864 1644
864 1644 1967
1644 864 1967
446 1189 2143
1189 446 2143
2143 446 1189
596 2400 2485
2400 596 2485
2485 596 2400
1205 919 1994
1994 919 1205
919 1205 1994
356 954 2207
2207 356 954
954 356 2207
34 1939 2028
2028 34 1939
1939 34 2028
1717 1491 1631
1631 1491 1717
1491 1631 1717
1245 395 2035
2035 395 1245
395 1245 2035
35 425 2053
2053 35 425
425 35 2053
1811 1551 2764
1551 1811 2764
2764 1551 1811
1756 1489 2426
2426 1489 1756
1489 1756 2426
2402 860 1252
1252 860 2402
860 1252 2402
144 1068 2649
2649 144 1068
1068 144 2649
2712 753 1203
753 1203 2712
1203 753 2712
2639 1845 2614
1845 2614 2639
2614 1845 2639
1484 2147 2450
2147 1484 2450
2450 1484 2147
2294 1311 1383
1383 1311 2294
1311 1383 2294
1064 1229 1385
1385 1064 1229
1229 1064 1385
319 904 1421
1421 319 904
904 319 1421
538 641 2673
2673 538 641
641 538 2673
2752 1073 1810
1073 1810 2752
1810 1073 2752
1160 1022 2367
1022 1160 2367
2367 1022 1160
1829 334 2533
334 1829 2533
2533 334 1829
697 2072 2132
2072 697 2132
2132 697 2072
106 1156 1822
1822 106 1156
1156 106 1822
985 1566 2198
2198 985 1566
1566 985 2198
935 573 1826
573 935 1826
1826 573 935
2883 1139 1689
1139 1689 2883
1689 1139 2883
2917 726 1272
726 1272 2917
1272 726 2917
1025 1457 2312
2312 1025 1457
1457 1025 2312
2976 982 1710
1710 982 2976
982 1710 2976
1855 1962 2683
1962 1855 2683
2683 1855 1962
2810 62 187
62 187 2810
187 62 2810
1219 206 1449
206 1219 1449
1449 206 1219
617 1023 1827
1023 617 1827
1827 617 1023
262 76 1890
76 262 1890
1890 76 262
2243 1834 2677
2677 1834 2243
1834 2243 2677
349 815 1902
1902 349 815
815 349 1902
1338 724 785
724 785 1338
785 724 1338
1958 2199 2823
2823 1958 2199
2199 1958 2823
475 364 2751
2751 364 475
364 475 2751
415 2735 2796
2796 415 2735
2735 415 2796
2832 210 2611
2611 210 2832
210 2611 2832
646 981 2229
981 646 2229
2229 646 981
2691 1262 1633
1262 1633 2691
1633 1262 2691
2725 1830 2016
1830 2016 2725
2016 1830 2725
2580 368 615
368 615 2580
615 368 2580
984 915 1928
1928 915 984
915 984 1928
89 506 1144
1144 89 506
506 89 1144
1344 948 1791
948 1344 1791
1791 948 1344
2223 1996 2872
2872 1996 2223
1996 2223 2872
2563 305 2241
305 2241 2563
2241 305 2563
490 1016 1267
1267 490 1016
1016 490 1267
2786 451 1620
451 1620 2786
1620 451 2786
1402 826 2068
826 1402 2068
2068 826 1402
163 181 2795
2795 163 181
181 163 2795
881 328 2698
328 881 2698
2698 328 881
1496 1120 2653
1120 1496 2653
2653 1120 1496
2340 684 1990
684 1990 2340
1990 684 2340
1414 243 2242
243 1414 2242
2242 243 1414
2493 789 2636
2636 789 2493
789 2493 2636
1611 341 2293
341 1611 2293
2293 341 1611
1416 2042 2133
2042 1416 2133
2133 1416 2042
1250 265 1531
1531 265 1250
265 1250 1531
2804 372 1540
1540 372 2804
372 1540 2804
2768 1177 1666
1177 1666 2768
1666 1177 2768
1975 1375 2970
1375 1975 2970
2970 1375 1975
2398 2030 2643
2643 2030 2398
2030 2398 2643
235 658 1846
658 235 1846
1846 235 658
797 241 1785
241 797 1785
1785 241 797
2235 571 1884
1884 571 2235
571 1884 2235
444 566 1871
566 444 1871
1871 444 566
1404 1632 2755
2755 1404 1632
1632 1404 2755
108 844 1933
1933 108 844
844 108 1933
910 1223 1406
1223 910 1406
1406 910 1223
2144 100 1462
1462 100 2144
100 1462 2144
2967 690 1598
690 1598 2967
1598 690 2967
1217 766 1729
766 1217 1729
1729 766 1217
2394 2010 2448
2448 2010 2394
2010 2394 2448
728 1379 2134
2134 728 1379
1379 728 2134
2527 584 969
584 969 2527
969 584 2527
2974 983 2230
2230 983 2974
983 2230 2974
287 1122 1359
1359 287 1122
1122 287 1359
1580 770 936
936 770 1580
770 936 1580
2352 380 477
477 380 2352
380 477 2352
1391 371 2594
2594 371 1391
371 1391 2594
2893 1467 2850
2850 1467 2893
1467 2850 2893
1117 464 620
464 620 1117
620 464 1117
1508 2271 2881
2271 1508 2881
2881 1508 2271
2806 86 2348
86 2348 2806
2348 86 2806
1527 365 2280
365 1527 2280
2280 365 1527
702 841 2496
2496 702 841
841 702 2496
2652 1670 2799
1670 2652 2799
2799 1670 2652
1074 1478 2754
1478 1074 2754
2754 1074 1478
2153 939 2259
939 2153 2259
2259 939 2153
2558 1327 2579
1327 2558 2579
2579 1327 2558
1218 1070 1603
1603 1070 1218
1070 1218 1603
650 851 1419
851 650 1419
1419 650 851
111 197 601
601 111 197
197 111 601
116 452 2507
2507 116 452
452 116 2507
1439 166 2257
2257 166 1439
166 1439 2257
2841 1981 2564
2564 1981 2841
1981 2564 2841
1795 1407 2959
1407 1795 2959
2959 1407 1795
1029 1927 2303
2303 1029 1927
1927 1029 2303
2704 740 1882
1882 740 2704
740 1882 2704
1336 138 2004
2004 138 1336
138 1336 2004
55 302 2032
302 55 2032
2032 55 302
2315 246 2971
246 2315 2971
2971 246 2315
2756 250 381
381 250 2756
250 381 2756
2885 1235 2613
2613 1235 2885
1235 2613 2885
2404 2692 2729
2729 2404 2692
2692 2404 2729
1066 660 2502
660 1066 2502
2502 660 1066
2018 1249 1685
1249 1685 2018
1685 1249 2018
429 2067 2926
2926 429 2067
2067 429 2926
942 90 2761
90 942 2761
2761 90 942
2335 326 2492
326 2335 2492
2492 326 2335
2907 823 2700
823 2700 2907
2700 823 2907
1089 16 1098
16 1089 1098
1098 16 1089
485 178 955
178 485 955
955 178 485
2413 1127 2128
2128 1127 2413
1127 2128 2413
1488 333 686
333 686 1488
686 333 1488
1440 1287 2187
1287 1440 2187
2187 1287 1440
266 1470 2307
2307 266 1470
1470 266 2307
1397 1179 2842
2842 1179 1397
1179 1397 2842
2117 2748 2816
2748 2117 2816
2816 2117 2748
2969 449 1820
449 1820 2969
1820 449 2969
2374 301 1354
1354 301 2374
301 1354 2374
1434 1196 2431
2431 1196 1434
1196 1434 2431
1482 134 563
134 563 1482
563 134 1482
2441 840 2332
2332 840 2441
840 2332 2441
2972 682 1980
1980 682 2972
682 1980 2972
2323 1563 2788
1563 2323 2788
2788 1563 2323
48 2212 2452
2212 48 2452
2452 48 2212
1745 1518 1837
1518 1745 1837
1837 1518 1745
809 2179 2706
2706 809 2179
2179 809 2706
1214 1145 2658
1145 1214 2658
2658 1145 1214
1280 1405 2811
1405 1280 2811
2811 1280 1405
406 988 2103
2103 406 988
988 406 2103
2942 2416 2601
2416 2601 2942
2601 2416 2942
749 629 1452
629 749 1452
1452 629 749
1038 267 1159
267 1038 1159
1159 267 1038
973 1286 2318
2318 973 1286
1286 973 2318
391 514 2973
2973 391 514
514 391 2973
862 1364 1554
1554 862 1364
1364 862 1554
1862 1331 2726
2726 1331 1862
1331 1862 2726
322 694 1403
1403 322 694
694 322 1403
2478 409 854
854 409 2478
409 854 2478
1011 1593 2888
1593 1011 2888
2888 1011 1593
1071 25 2573
2573 25 1071
25 1071 2573
1192 1176 2387
2387 1176 1192
1176 1192 2387
1839 1821 1931
1931 1821 1839
1821 1839 1931
600 1671 2868
1671 600 2868
2868 600 1671
2783 84 1284
1284 84 2783
84 1284 2783
212 1474 2570
1474 212 2570
2570 212 1474
578 556 718
718 556 578
556 578 718
590 825 1237
825 590 1237
1237 590 825
1623 1425 2466
2466 1425 1623
1425 1623 2466
2319 1680 2419
1680 2319 2419
2419 1680 2319
1511 2168 2637
2637 1511 2168
2168 1511 2637
2447 192 1762
1762 192 2447
192 1762 2447
2938 595 2189
2189 595 2938
595 2189 2938
358 417 527
417 358 527
527 358 417
737 1042 1917
1917 737 1042
1042 737 1917
1078 742 2555
742 1078 2555
2555 742 1078
387 1240 2701
1240 387 2701
2701 387 1240
878 1618 2867
2867 878 1618
1618 878 2867
885 1108 2040
2040 885 1108
1108 885 2040
1664 147 774
147 774 1664
774 147 1664
1921 2175 2803
2175 1921 2803
2803 1921 2175
91 1130 2981
2981 91 1130
1130 91 2981
804 1247 1831
1831 804 1247
1247 804 1831
782 577 2856
2856 577 782
577 782 2856
1888 1126 2443
1126 1888 2443
2443 1126 1888
1325 792 1307
792 1307 1325
1307 792 1325
2707 422 1076
422 1076 2707
1076 422 2707
861 2800 2934
2934 861 2800
2800 861 2934
41 570 2157
570 41 2157
2157 41 570
2634 886 1401
1401 886 2634
886 1401 2634
248 1429 2509
2509 248 1429
1429 248 2509
231 1102 2299
1102 231 2299
2299 231 1102
2554 64 2034
2034 64 2554
64 2034 2554
516 1635 2213
2213 516 1635
1635 516 2213
642 1715 2084
1715 642 2084
2084 642 1715
751 1100 1328
1328 751 1100
1100 751 1328
1735 1978 2968
2968 1735 1978
1978 1735 2968
1649 419 2928
419 1649 2928
2928 419 1649
1696 2665 2721
2665 1696 2721
2721 1696 2665
2410 579 975
579 975 2410
975 579 2410
701 1581 2815
2815 701 1581
1581 701 2815
2305 284 1323
1323 284 2305
284 1323 2305
2337 54 2886
2886 54 2337
54 2337 2886
457 1361 1960
1960 457 1361
1361 457 1960
778 2695 2765
2765 778 2695
2695 778 2765
317 796 808
796 317 808
808 317 796
865 707 729
729 707 865
707 729 865
1504 787 1477
787 1477 1504
1477 787 1504
1092 1654 1775
1775 1092 1654
1654 1092 1775
561 327 2964
2964 327 561
327 561 2964
2728 2107 2548
2548 2107 2728
2107 2548 2728
2104 461 1222
461 1222 2104
1222 461 2104
1683 2185 2381
2381 1683 2185
2185 1683 2381
2219 191 1776
191 1776 2219
1776 191 2219
2327 491 2919
2919 491 2327
491 2327 2919
2326 1075 1204
1204 1075 2326
1075 1204 2326
731 1530 1596
1596 731 1530
1530 731 1596
2992 143 1924
143 1924 2992
1924 143 2992
1711 229 2571
2571 229 1711
229 1711 2571
330 738 2266
2266 330 738
738 330 2266
2876 931 1437
931 1437 2876
1437 931 2876
2204 160 223
223 160 2204
160 223 2204
1907 420 2734
2734 420 1907
420 1907 2734
97 201 1759
201 97 1759
1759 97 201
2540 1840 2276
2276 1840 2540
1840 2276 2540
2122 1547 1754
1547 1754 2122
1754 1547 2122
927 343 549
343 549 927
549 343 927
519 866 2789
866 519 2789
2789 519 866
1859 2006 2462
2462 1859 2006
2006 1859 2462
2882 2013 2654
2654 2013 2882
2013 2654 2882
1292 1926 2459
2459 1292 1926
1926 1292 2459
1521 672 872
872 672 1521
672 872 1521
518 15 1060
15 518 1060
1060 15 518
1951 709 1914
1914 709 1951
709 1914 1951
2152 171 616
171 616 2152
616 171 2152
1447 102 309
102 309 1447
309 102 1447
113 1557 1879
1879 113 1557
1557 113 1879
1499 1905 2545
1905 1499 2545
2545 1499 1905
2521 268 769
268 769 2521
769 268 2521
989 109 1766
109 989 1766
1766 109 989
2732 165 1056
1056 165 2732
165 1056 2732
880 424 605
605 424 880
424 605 880
597 159 1472
159 597 1472
1472 159 597
1637 1505 1537
1537 1505 1637
1505 1537 1637
1007 723 1209
723 1007 1209
1209 723 1007
2445 43 1184
43 1184 2445
1184 43 2445
2180 82 221
221 82 2180
82 221 2180
1260 1213 2609
1213 1260 2609
2609 1213 1260
2834 258 1389
258 1389 2834
1389 258 2834
242 399 1197
1197 242 399
399 242 1197
1965 1044 2124
1044 1965 2124
2124 1044 1965
1843 719 2382
719 1843 2382
2382 719 1843
1210 362 1873
1873 362 1210
362 1210 1873
2488 2316 2354
2316 2354 2488
2354 2316 2488
1923 18 58
18 58 1923
58 18 1923
1943 1289 2074
1289 1943 2074
2074 1289 1943
271 1880 2480
2480 271 1880
1880 271 2480
1955 299 883
883 299 1955
299 883 1955
1755 190 1737
190 1737 1755
1737 190 1755
1185 244 2346
244 1185 2346
2346 244 1185
247 675 1589
675 247 1589
1589 247 675
2979 559 1153
1153 559 2979
559 1153 2979
1548 1017 2766
1017 1548 2766
2766 1017 1548
2333 80 2531
2531 80 2333
80 2333 2531
1828 2023 2977
2023 1828 2977
2977 1828 2023
610 760 2528
760 610 2528
2528 610 760
1959 474 1602
474 1602 1959
1602 474 1959
2818 1188 2561
1188 2561 2818
2561 1188 2818
1244 640 2813
2813 640 1244
640 1244 2813
653 562 2025
562 653 2025
2025 562 653
1856 1020 1886
1020 1856 1886
1886 1020 1856
214 2014 2690
2014 214 2690
2690 214 2014
500 1201 2427
2427 500 1201
1201 500 2427
1575 1600 2530
2530 1575 1600
1600 1575 2530
2291 730 2111
2111 730 2291
730 2111 2291
2600 32 473
32 473 2600
473 32 2600
1849 2162 2999
2999 1849 2162
2162 1849 2999
257 1012 1819
1012 257 1819
1819 257 1012
263 161 1337
1337 161 263
161 263 1337
959 509 2428
509 959 2428
2428 509 959
2442 990 2371
990 2371 2442
2371 990 2442
817 240 1971
240 817 1971
1971 240 817
897 396 1264
396 897 1264
1264 396 897
65 291 1663
1663 65 291
291 65 1663
83 2490 2849
2849 83 2490
2490 83 2849
2252 324 1665
1665 324 2252
324 1665 2252
1234 521 1367
1367 521 1234
521 1234 1367
2923 1084 2377
1084 2377 2923
2377 1084 2923
259 2290 2577
2290 259 2577
2577 259 2290
2933 2334 2797
2797 2334 2933
2334 2797 2933
2309 389 859
389 859 2309
859 389 2309
26 149 576
149 26 576
576 26 149
1165 585 2451
585 1165 2451
2451 585 1165
1552 2183 2514
2514 1552 2183
2183 1552 2514
1899 261 901
261 901 1899
901 261 1899
1516 275 1148
275 1148 1516
1148 275 1516
2378 1730 1842
1842 1730 2378
1730 1842 2378
2525 2021 2829
2021 2525 2829
2829 2021 2525
971 1523 2718
1523 971 2718
2718 971 1523
1679 233 1568
1568 233 1679
233 1568 1679
602 315 1112
315 602 1112
1112 315 602
1132 1065 2487
2487 1065 1132
1065 1132 2487
1408 1180 1274
1180 1274 1408
1274 1180 1408
1298 311 1852
1852 311 1298
311 1298 1852
893 470 1411
470 893 1411
1411 470 893
1459 892 2501
892 1459 2501
2501 892 1459
2170 479 1396
479 1396 2170
1396 479 2170
502 126 1790
126 502 1790
1790 126 502
2418 57 2922
57 2418 2922
2922 57 2418
1800 1193 1490
1193 1490 1800
1490 1193 1800
1136 1578 1991
1991 1136 1578
1578 1136 1991
1167 51 2825
51 1167 2825
2825 51 1167
6 1574 2863
1574 6 2863
2863 6 1574
1487 2130 2807
2807 1487 2130
2130 1487 2807
2082 167 689
689 167 2082
167 689 2082
1037 1738 2546
2546 1037 1738
1738 1037 2546
2978 512 2216
2216 512 2978
512 2216 2978
489 1227 2567
1227 489 2567
2567 489 1227
957 435 2927
435 957 2927
2927 435 957
2644 2304 2574
2304 2574 2644
2574 2304 2644
172 228 1874
228 172 1874
1874 172 228
1736 1524 1591
1591 1524 1736
1524 1591 1736
1140 627 2699
2699 627 1140
627 1140 2699
2826 481 1113
1113 481 2826
481 1113 2826
460 1164 1455
1164 460 1455
1455 460 1164
2046 623 2344
2344 623 2046
623 2046 2344
1639 1883 2753
1883 1639 2753
2753 1639 1883
2038 1174 1945
1945 1174 2038
1174 1945 2038
1198 1163 2076
2076 1163 1198
1163 1198 2076
793 583 1947
583 793 1947
1947 583 793
2057 3 649
3 649 2057
649 3 2057
2182 820 1386
1386 820 2182
820 1386 2182
2921 494 1475
494 1475 2921
1475 494 2921
1701 1494 1815
1815 1494 1701
1494 1701 1815
2077 2791 2962
2962 2077 2791
2791 2077 2962
304 1544 2963
2963 304 1544
1544 304 2963
2249 12 2781
12 2249 2781
2781 12 2249
1308 2109 2870
2109 1308 2870
2870 1308 2109
993 621 1793
621 993 1793
1793 621 993
2123 900 1582
1582 900 2123
900 1582 2123
2794 63 296
296 63 2794
63 296 2794
40 1448 1742
1742 40 1448
1448 40 1742
236 968 2519
2519 236 968
968 236 2519
1242 1546 2003
2003 1242 1546
1546 1242 2003
2215 1458 2436
1458 2215 2436
2436 1458 2215
698 850 2595
2595 698 850
850 698 2595
194 28 410
28 194 410
410 28 194
42 1349 2476
1349 42 2476
2476 42 1349
1567 869 2240
869 1567 2240
2240 869 1567
1 136 2347
136 1 2347
2347 1 136
725 279 1698
279 725 1698
1698 279 725
29 2135 2953
2953 29 2135
2135 29 2953
2350 1646 1650
1650 1646 2350
1646 1650 2350
1200 174 2403
2403 174 1200
174 1200 2403
1357 560 1560
1560 560 1357
560 1357 1560
1322 531 2094
531 1322 2094
2094 531 1322
1263 256 1818
1818 256 1263
256 1263 1818
2742 369 1833
1833 369 2742
369 1833 2742
1700 635 950
950 635 1700
635 950 1700
1485 513 618
618 513 1485
513 618 1485
606 923 1695
1695 606 923
923 606 1695
1103 1053 1321
1321 1053 1103
1053 1103 1321
1853 1545 2808
1545 1853 2808
2808 1545 1853
867 2393 2616
2616 867 2393
2393 867 2616
1049 182 1539
182 1049 1539
1539 182 1049
2131 670 879
879 670 2131
670 879 2131
2065 668 2865
2865 668 2065
668 2065 2865
557 141 445
445 141 557
141 445 557
1892 288 495
495 288 1892
288 495 1892
56 139 1173
139 56 1173
1173 56 139
338 1353 2421
2421 338 1353
1353 338 2421
2248 708 2889
708 2248 2889
2889 708 2248
1601 1968 2662
2662 1601 1968
1968 1601 2662
1799 1761 2859
2859 1761 1799
1761 1799 2859
1216 958 1409
1409 958 1216
958 1216 1409
550 992 1041
992 550 1041
1041 550 992
2251 1109 1686
1109 1686 2251
1686 1109 2251
462 447 1861
1861 447 462
447 462 1861
625 896 2439
2439 625 896
896 625 2439
2020 1493 2941
1493 2020 2941
2941 1493 2020
2244 1181 1282
1282 1181 2244
1181 1282 2244
1155 1199 2661
2661 1155 1199
1199 1155 2661
2560 1609 2089
1609 2089 2560
2089 1609 2560
1194 336 2292
2292 336 1194
336 1194 2292
819 736 1622
736 819 1622
1622 736 819
2100 2511 2790
2511 2100 2790
2790 2100 2511
2205 1718 2320
1718 2205 2320
2320 1718 2205
2557 1770 2169
1770 2169 2557
2169 1770 2557
2565 114 812
114 812 2565
812 114 2565
523 953 2855
2855 523 953
953 523 2855
21 1969 2936
2936 21 1969
1969 21 2936
1542 688 1613
1613 688 1542
688 1542 1613
2776 87 2650
2650 87 2776
87 2650 2776
1953 1031 2260
1031 1953 2260
2260 1031 1953
2306 2036 2484
2484 2036 2306
2036 2306 2484
105 1643 2703
1643 105 2703
2703 105 1643
2228 331 2366
2366 331 2228
331 2228 2366
156 771 1702
771 156 1702
1702 156 771
537 323 843
843 323 537
323 537 843
79 1677 2064
2064 79 1677
1677 79 2064
2063 765 1345
1345 765 2063
765 1345 2063
2061 888 1191
888 1191 2061
1191 888 2061
2821 70 1860
1860 70 2821
70 1860 2821
1371 544 2960
2960 544 1371
544 1371 2960
2730 98 2805
2805 98 2730
98 2730 2805
2194 759 930
930 759 2194
759 930 2194
1731 276 2975
276 1731 2975
2975 276 1731
1444 1813 2947
1813 1444 2947
2947 1444 1813
720 1925 2126
2126 720 1925
1925 720 2126
1063 1301 1667
1667 1063 1301
1301 1063 1667
2628 1131 2188
1131 2188 2628
2188 1131 2628
421 9 884
9 421 884
884 9 421
2090 325 466
325 466 2090
466 325 2090
800 1399 2468
2468 800 1399
1399 800 2468
2380 402 2264
402 2264 2380
2264 402 2380
539 363 783
783 363 539
363 539 783
278 781 2282
781 278 2282
2282 278 781
480 208 2874
2874 208 480
208 480 2874
1147 1355 1512
1512 1147 1355
1355 1147 1512
664 14 260
260 14 664
14 260 664
2247 1123 2449
1123 2247 2449
2449 1123 2247
2773 1435 2245
2245 1435 2773
1435 2245 2773
838 2239 2513
2239 838 2513
2513 838 2239
755 902 1954
1954 755 902
902 755 1954
2945 940 2778
2778 940 2945
940 2778 2945
836 1497 2411
2411 836 1497
1497 836 2411
2101 1797 2311
1797 2101 2311
2311 1797 2101
123 337 1988
337 123 1988
1988 123 337
1225 1526 2722
1526 1225 2722
2722 1225 1526
619 1460 2214
2214 619 1460
1460 619 2214
2357 1944 2444
1944 2357 2444
2444 1944 2357
847 2359 2621
2621 847 2359
2359 847 2621
876 321 2682
321 876 2682
2682 321 876
234 1381 2297
1381 234 2297
2297 234 1381
2771 2233 2943
2943 2233 2771
2233 2771 2943
1302 1233 1935
1233 1302 1935
1935 1233 1302
2674 281 2406
2406 281 2674
281 2406 2674
687 2405 2568
2568 687 2405
2405 687 2568
2171 567 2660
567 2171 2660
2660 567 2171
482 1753 2939
2939 482 1753
1753 482 2939
1248 1266 2562
2562 1248 1266
1266 1248 2562
352 213 2802
213 352 2802
2802 213 352
2696 1606 2059
2059 1606 2696
1606 2059 2696
1682 678 744
678 744 1682
744 678 1682
2954 1626 1803
1626 1803 2954
1803 1626 2954
2494 1501 1847
1501 1847 2494
1847 1501 2494
373 1428 1772
1428 373 1772
1772 373 1428
2838 72 998
72 998 2838
998 72 2838
2875 643 1564
643 1564 2875
1564 643 2875
1661 794 1936
1936 794 1661
794 1661 1936
511 74 2685
74 511 2685
2685 74 511
598 1138 1555
1138 598 1555
1555 598 1138
2009 852 1727
852 1727 2009
1727 852 2009
1373 426 1376
1376 426 1373
426 1373 1376
633 1326 2019
1326 633 2019
2019 633 1326
487 1556 1932
1556 487 1932
1932 487 1556
2983 912 2948
2948 912 2983
912 2948 2983
1610 636 2670
2670 636 1610
636 1610 2670
2356 2102 2336
2336 2102 2356
2102 2336 2356
1648 863 2890
2890 863 1648
863 1648 2890
811 714 1675
714 811 1675
1675 714 811
27 803 2296
2296 27 803
803 27 2296
515 1281 1993
1993 515 1281
1281 515 1993
2949 237 2505
237 2505 2949
2505 237 2949
1972 184 1035
184 1035 1972
1035 184 1972
2851 1963 2556
2556 1963 2851
1963 2556 2851
1722 1039 1293
1039 1293 1722
1293 1039 1722
2283 118 1781
1781 118 2283
118 1781 2283
2262 33 1114
33 1114 2262
1114 33 2262
1565 1243 2782
1243 1565 2782
2782 1243 1565
2029 1979 2005
1979 2005 2029
2005 1979 2029
488 469 1026
1026 469 488
469 488 1026
412 651 1984
1984 412 651
651 412 1984
2739 185 2197
2197 185 2739
185 2197 2739
2689 270 873
873 270 2689
270 873 2689
1918 504 1291
1291 504 1918
504 1291 1918
1750 173 2787
173 1750 2787
2787 173 1750
211 11 2384
2384 11 211
11 211 2384
2375 411 1798
411 1798 2375
1798 411 2375
747 298 2986
2986 298 747
298 747 2986
310 436 2913
436 310 2913
2913 310 436
2202 671 1454
1454 671 2202
671 1454 2202
548 393 2365
2365 393 548
393 548 2365
2026 1431 1920
1920 1431 2026
1431 1920 2026
2866 1320 2982
2982 1320 2866
1320 2866 2982
1898 1048 2687
1048 1898 2687
2687 1048 1898
637 624 1054
1054 624 637
624 637 1054
476 101 269
269 101 476
101 269 476
1166 252 846
252 846 1166
846 252 1166
2647 1777 1784
1777 1784 2647
1784 1777 2647
1814 657 2256
2256 657 1814
657 1814 2256
632 1940 2081
2081 632 1940
1940 632 2081
2155 433 743
433 743 2155
743 433 2155
628 555 2775
555 628 2775
2775 555 628
1739 7 1579
1579 7 1739
7 1579 1739
1015 2024 2192
2024 1015 2192
2192 1015 2024
532 830 2386
2386 532 830
830 532 2386
397 520 2037
2037 397 520
520 397 2037
499 777 2415
777 499 2415
2415 499 777
665 673 1420
673 665 1420
1420 665 673
2552 980 1178
1178 980 2552
980 1178 2552
61 542 2458
542 61 2458
2458 61 542
1872 1273 2412
2412 1273 1872
1273 1872 2412
1318 607 1366
607 1318 1366
1366 607 1318
501 1525 1942
1525 501 1942
1942 501 1525
2622 2270 2904
2904 2270 2622
2270 2622 2904
1706 2048 2697
2048 1706 2697
2697 1706 2048
203 450 2464
450 203 2464
2464 203 450
1413 439 2054
439 1413 2054
2054 439 1413
437 120 2222
120 437 2222
2222 120 437
1332 1097 2364
2364 1097 1332
1097 1332 2364
2479 188 2578
188 2479 2578
2578 188 2479
2015 1763 2575
2575 1763 2015
1763 2015 2575
2268 1687 1937
1687 1937 2268
1937 1687 2268
408 2075 2470
2075 408 2470
2470 408 2075
1231 1175 2684
2684 1175 1231
1175 1231 2684
1858 535 1141
535 1141 1858
1141 535 1858
1887 748 2184
748 1887 2184
2184 748 1887
647 1590 2529
2529 647 1590
1590 647 2529
2582 346 868
868 346 2582
346 868 2582
492 416 1912
1912 416 492
416 492 1912
47 348 2774
2774 47 348
348 47 2774
1105 2489 2738
2738 1105 2489
2489 1105 2738
977 1909 2002
1909 977 2002
2002 977 1909
2363 283 1916
1916 283 2363
283 1916 2363
2551 342 374
374 342 2551
342 374 2551
2211 937 1824
1824 937 2211
937 1824 2211
176 357 2541
357 176 2541
2541 176 357
1087 282 1929
282 1087 1929
1929 282 1087
1182 73 2392
73 1182 2392
2392 73 1182
979 1952 2854
1952 979 2854
2854 979 1952
1809 312 2656
2656 312 1809
312 1809 2656
1050 2664 2860
2860 1050 2664
2664 1050 2860
891 925 2750
925 891 2750
2750 891 925
2713 375 1410
1410 375 2713
375 1410 2713
1256 568 1709
568 1256 1709
1709 568 1256
967 1110 1152
1152 967 1110
1110 967 1152
2848 945 1473
945 1473 2848
1473 945 2848
1870 845 2686
2686 845 1870
845 1870 2686
522 1154 2993
2993 522 1154
1154 522 2993
398 124 146
124 146 398
146 124 398
2836 350 1634
1634 350 2836
350 1634 2836
2087 1018 2630
2630 1018 2087
1018 2087 2630
2997 1024 1313
1313 1024 2997
1024 1313 2997
2657 1055 1728
1055 1728 2657
1728 1055 2657
543 318 1378
318 543 1378
1378 318 543
2719 1363 2828
1363 2719 2828
2828 1363 2719
2736 674 1752
1752 674 2736
674 1752 2736
2083 586 683
683 586 2083
586 683 2083
463 1875 1941
1941 463 1875
1875 463 1941
454 2119 2417
2417 454 2119
2119 454 2417
1857 189 2174
2174 189 1857
189 1857 2174
574 59 1681
59 574 1681
1681 59 574
2961 377 2027
2027 377 2961
377 2027 2961
403 1251 1674
1674 403 1251
1251 403 1674
1910 2265 2784
2265 1910 2784
2784 1910 2265
2536 205 2232
205 2232 2536
2232 205 2536
1597 483 835
483 835 1597
835 483 1597
130 1224 2518
2518 130 1224
1224 130 2518
2391 952 2267
2267 952 2391
952 2267 2391
2723 1161 1480
1161 1480 2723
1480 1161 2723
2218 95 2901
95 2218 2901
2901 95 2218
2678 390 776
776 390 2678
390 776 2678
1441 1669 2368
1669 1441 2368
2368 1441 1669
1335 1577 2862
1577 1335 2862
2862 1335 1577
534 2115 2203
2115 534 2203
2203 534 2115
2209 1586 2597
1586 2209 2597
2597 1586 2209
1804 827 1045
827 1045 1804
1045 827 1804
1599 1228 2231
2231 1228 1599
1228 1599 2231
1171 4 1572
4 1171 1572
1572 4 1171
442 906 1032
1032 442 906
906 442 1032
1950 716 2956
2956 716 1950
716 1950 2956
677 1369 2612
2612 677 1369
1369 677 2612
1906 1027 1533
1533 1027 1906
1027 1533 1906
162 1036 1101
1101 162 1036
1036 162 1101
741 196 2619
2619 196 741
196 741 2619
599 137 2456
2456 137 599
137 599 2456
824 510 663
510 663 824
663 510 824
761 132 1938
1938 132 761
132 761 1938
1608 2031 2298
2031 1608 2298
2298 1608 2031
1998 630 2857
630 1998 2857
2857 630 1998
2349 2227 2801
2227 2349 2801
2801 2227 2349
2542 810 917
917 810 2542
810 917 2542
2503 780 1285
1285 780 2503
780 1285 2503
750 592 1079
592 750 1079
1079 592 750
459 10 965
965 10 459
10 459 965
2717 52 2190
52 2190 2717
2190 52 2717
2099 384 1220
1220 384 2099
384 1220 2099
1517 413 1502
1502 413 1517
413 1502 1517
30 272 1275
1275 30 272
272 30 1275
920 1690 2314
2314 920 1690
1690 920 2314
300 2749 2910
2749 300 2910
2910 300 2749
2 727 2058
727 2 2058
2058 2 727
1028 553 946
946 553 1028
553 946 1028
2526 1640 2388
1640 2388 2526
2388 1640 2526
2935 1483 2165
2165 1483 2935
1483 2165 2935
2853 2932 2957
2957 2853 2932
2932 2853 2957
2809 1986 2362
2362 1986 2809
1986 2362 2809
1415 1541 2843
2843 1415 1541
1541 1415 2843
822 2515 2710
2710 822 2515
2515 822 2710
1149 133 2680
133 1149 2680
2680 133 1149
2358 39 392
392 39 2358
39 392 2358
1398 882 1528
882 1398 1528
1528 882 1398
1699 2113 2583
2113 1699 2583
2583 1699 2113
972 899 2659
2659 899 972
899 972 2659
1283 186 1047
186 1047 1283
1047 186 1283
1303 37 2383
2383 37 1303
37 1303 2383
1894 1255 2759
2759 1255 1894
1255 1894 2759
1094 24 2553
2553 24 1094
24 1094 2553
2869 849 1082
849 1082 2869
1082 849 2869
1341 1561 2414
2414 1341 1561
1561 1341 2414
1388 498 2740
2740 498 1388
498 1388 2740
2073 1802 2047
1802 2047 2073
2047 1802 2073
1347 1436 1627
1436 1347 1627
1627 1347 1436
545 1749 2785
2785 545 1749
1749 545 2785
1771 1430 1850
1430 1771 1850
1850 1430 1771
974 1617 1705
1705 974 1617
1617 974 1705
202 932 1911
932 202 1911
1911 202 932
2278 1093 2114
2114 1093 2278
1093 2114 2278
1536 1773 1889
1773 1536 1889
1889 1536 1773
1999 1726 2737
1726 1999 2737
2737 1726 1999
2325 626 1513
1513 626 2325
626 1513 2325
1930 427 1276
427 1276 1930
1276 427 1930
1778 603 1300
1300 603 1778
603 1300 1778
44 991 2432
2432 44 991
991 44 2432
92 249 717
717 92 249
249 92 717
1270 734 1974
1974 734 1270
734 1270 1974
834 589 2044
2044 589 834
589 834 2044
2345 438 546
546 438 2345
438 546 2345
1019 695 1645
1645 695 1019
695 1019 1645
1002 467 938
938 467 1002
467 938 1002
2884 926 1146
1146 926 2884
926 1146 2884
75 497 1901
1901 75 497
497 75 1901
2052 1445 1893
1893 1445 2052
1445 1893 2052
1257 1288 1520
1288 1257 1520
1520 1257 1288
99 1333 1719
1333 99 1719
1719 99 1333
1841 1865 2196
1865 1841 2196
2196 1841 1865
2892 414 2833
2833 414 2892
414 2833 2892
913 795 2295
2295 795 913
795 913 2295
2475 536 2317
2317 536 2475
536 2317 2475
1614 558 2210
558 1614 2210
2210 558 1614
222 1195 2625
1195 222 2625
2625 222 1195
103 1211 1707
1707 103 1211
1211 103 1707
1712 1748 2017
1748 1712 2017
2017 1712 1748
430 2193 2747
2193 430 2747
2747 430 2193
1789 478 1915
478 1789 1915
1915 478 1789
218 468 1703
468 218 1703
1703 218 468
962 1987 2914
1987 962 2914
2914 962 1987
722 1000 2626
1000 722 2626
2626 722 1000
2671 216 1111
216 1111 2671
1111 216 2671
1010 2263 2510
2263 1010 2510
2510 1010 2263
517 2497 2720
2720 517 2497
2497 517 2720
2539 1694 2877
2877 1694 2539
1694 2539 2877
871 359 1653
1653 359 871
359 871 1653
1844 1374 2762
1374 1844 2762
2762 1374 1844
2629 791 2136
791 2136 2629
2136 791 2629
238 1746 2814
2814 238 1746
1746 238 2814
1573 1295 1881
1295 1573 1881
1881 1295 1573
2990 1187 1550
1187 1550 2990
1550 1187 2990
2095 1877 2676
2676 1877 2095
1877 2095 2676
2066 1825 2840
1825 2066 2840
2840 1825 2066
2651 127 762
762 127 2651
127 762 2651
1393 2141 2772
2141 1393 2772
2772 1393 2141
1672 934 2767
2767 934 1672
934 1672 2767
2195 128 947
947 128 2195
128 947 2195
2491 5 705
5 705 2491
705 5 2491
877 1652 2176
2176 877 1652
1652 877 2176
308 383 1503
383 308 1503
1503 308 383
1559 894 960
960 894 1559
894 960 1559
2370 71 735
71 735 2370
735 71 2370
1356 604 2537
2537 604 1356
604 1356 2537
2434 773 829
773 829 2434
829 773 2434
1995 1290 2592
2592 1290 1995
1290 1995 2592
1961 2071 2091
2091 1961 2071
2071 1961 2091
1009 764 995
764 995 1009
995 764 1009
1116 36 2770
2770 36 1116
36 1116 2770
2835 2409 2632
2409 2632 2835
2632 2409 2835
572 140 540
140 540 572
540 140 572
1629 1720 1808
1808 1629 1720
1720 1629 1808
2408 1956 2606
1956 2408 2606
2606 1956 2408
2474 767 1058
1058 767 2474
767 1058 2474
1498 976 1691
1691 976 1498
976 1498 1691
1246 294 856
294 856 1246
856 294 1246
110 921 2667
2667 110 921
921 110 2667
158 1463 2472
1463 158 2472
2472 158 1463
970 2172 2274
2274 970 2172
2172 970 2274
1605 1067 1202
1202 1067 1605
1067 1202 1605
204 1716 2158
1716 204 2158
2158 204 1716
1365 1329 2465
1329 1365 2465
2465 1329 1365
2640 1221 2906
2906 1221 2640
1221 2640 2906
997 405 2423
405 997 2423
2423 405 997
1836 1468 1655
1468 1655 1836
1655 1468 1836
1426 1316 2146
1316 1426 2146
2146 1316 1426
418 1522 1848
1522 418 1848
1848 418 1522
547 699 1360
699 547 1360
1360 547 699
145 273 2237
273 145 2237
2237 145 273
2469 320 2908
2908 320 2469
320 2469 2908
2989 1973 2379
2379 1973 2989
1973 2379 2989
255 961 2463
2463 255 961
961 255 2463
580 2589 2940
2589 580 2940
2940 580 2589
2482 2360 2584
2584 2360 2482
2360 2482 2584
922 1312 1688
1688 922 1312
1312 922 1688
612 889 1021
1021 612 889
889 612 1021
2435 1922 2517
2517 1922 2435
1922 2435 2517
125 1395 2675
2675 125 1395
1395 125 2675
2569 8 2590
8 2569 2590
2590 8 2569
1424 1310 2164
2164 1310 1424
1310 1424 2164
2220 987 1714
987 1714 2220
1714 987 2220
277 152 431
431 152 277
152 277 431
2731 239 1382
1382 239 2731
239 1382 2731
1057 2096 2343
2096 1057 2343
2343 1057 2096
541 254 1358
1358 254 541
254 541 1358
1091 1659 2668
1659 1091 2668
2668 1091 1659
1594 693 1119
693 1119 1594
1119 693 1594
1464 253 2361
2361 253 1464
253 1464 2361
2852 1125 2221
2221 1125 2852
1125 2221 2852
964 609 2757
609 964 2757
2757 609 964
1867 280 1170
1170 280 1867
280 1170 1867
1713 1162 2543
2543 1162 1713
1162 1713 2543
1676 49 2429
2429 49 1676
49 1676 2429
1088 1891 2744
2744 1088 1891
1891 1088 2744
394 870 2709
2709 394 870
870 394 2709
1630 842 2285
2285 842 1630
842 1630 2285
831 1453 1621
1621 831 1453
1453 831 1621
691 66 1069
1069 66 691
66 691 1069
2930 1052 1946
1052 1946 2930
1946 1052 2930
332 1732 1832
1832 332 1732
1732 332 1832
1740 2328 2812
2812 1740 2328
2328 1740 2812
465 1697 2991
1697 465 2991
2991 465 1697
1080 69 2330
2330 69 1080
69 1080 2330
2049 978 2566
2566 978 2049
978 2049 2566
963 180 757
757 180 963
180 757 963
1764 659 2088
659 1764 2088
2088 659 1764
1977 355 2163
2163 355 1977
355 1977 2163
1585 496 2831
496 1585 2831
2831 496 1585
944 763 2302
2302 763 944
763 944 2302
2092 129 2887
2887 129 2092
129 2092 2887
676 1904 2984
1904 676 2984
2984 676 1904
2534 1124 2792
2792 1124 2534
1124 2534 2792
2258 226 2007
226 2007 2258
2007 226 2258
407 1992 2385
2385 407 1992
1992 407 2385
2161 907 2873
907 2161 2873
2873 907 2161
692 472 2504
2504 472 692
472 692 2504
1206 1269 1733
1269 1206 1733
1733 1206 1269
1656 667 1768
667 1656 1768
1768 667 1656
2535 806 2837
806 2535 2837
2837 806 2535
1115 1104 2879
2879 1104 1115
1104 1115 2879
2858 45 2645
45 2645 2858
2645 45 2858
685 1277 2688
2688 685 1277
1277 685 2688
2951 648 1864
1864 648 2951
648 1864 2951
2191 441 2397
2397 441 2191
441 2191 2397
2550 303 1258
303 1258 2550
1258 303 2550
1096 46 2281
2281 46 1096
46 1096 2281
1604 2390 2711
2711 1604 2390
2390 1604 2711
193 1432 1934
1934 193 1432
1432 193 1934
1083 245 360
360 245 1083
245 360 1083
1006 1721 2275
2275 1006 1721
1721 1006 2275
2593 77 2159
77 2159 2593
2159 77 2593
1758 68 2996
2996 68 1758
68 1758 2996
168 423 768
768 168 423
423 168 768
107 752 1964
752 107 1964
1964 107 752
2369 96 1005
1005 96 2369
96 1005 2369
1725 1616 2581
2581 1616 1725
1616 1725 2581
786 833 903
903 786 833
833 786 903
554 215 1851
1851 215 554
215 554 1851
2679 1658 2635
1658 2635 2679
2635 1658 2679
2897 1314 2300
1314 2300 2897
2300 1314 2897
2118 526 1362
1362 526 2118
526 1362 2118
2246 2186 2286
2286 2186 2246
2186 2246 2286
2455 2624 2937
2624 2455 2937
2937 2455 2624
1208 2844 2965
2965 1208 2844
2844 1208 2965
656 639 1982
639 656 1982
1982 639 656
1529 732 1519
732 1519 1529
1519 732 1529
1422 2062 2078
2062 1422 2078
2078 1422 2062
1897 225 2500
225 1897 2500
2500 225 1897
805 1390 2033
2033 805 1390
1390 805 2033
1908 1869 2167
1869 1908 2167
2167 1869 1908
715 1479 2234
1479 715 2234
2234 715 1479
2011 135 1624
135 1624 2011
1624 135 2011
2085 486 2627
486 2085 2627
2627 486 2085
2610 1253 2093
1253 2093 2610
2093 1253 2610
1305 1059 1151
1151 1059 1305
1059 1151 1305
2931 874 1077
1077 874 2931
874 1077 2931
2277 2255 2585
2585 2255 2277
2255 2277 2585
2598 484 1989
484 1989 2598
1989 484 2598
703 388 434
434 388 703
388 434 703
122 644 1786
1786 122 644
644 122 1786
1625 1636 2279
2279 1625 1636
1636 1625 2279
1443 60 582
60 582 1443
582 60 1443
1033 335 1340
1340 335 1033
335 1033 1340
2284 2206 2322
2206 2284 2322
2322 2206 2284
227 1030 2861
1030 227 2861
2861 227 1030
2137 1158 1734
1734 1158 2137
1158 1734 2137
1612 148 2236
2236 148 1612
148 1612 2236
1619 832 1412
1412 832 1619
832 1412 1619
2238 704 1779
1779 704 2238
704 1779 2238
2623 1509 1743
1509 1743 2623
1743 1509 2623
2145 2608 2646
2608 2145 2646
2646 2145 2608
2460 153 2763
2763 153 2460
153 2460 2763
631 400 2261
2261 400 631
400 631 2261
1949 313 1121
313 1121 1949
1121 313 1949
696 1997 2151
2151 696 1997
1997 696 2151
2599 169 1168
1168 169 2599
169 1168 2599
2896 858 2714
858 2714 2896
2714 858 2896
1558 88 1668
1668 88 1558
88 1558 1668
745 200 1350
1350 200 745
200 745 1350
2724 1492 1919
1919 1492 2724
1492 1919 2724
2596 1384 2746
1384 2596 2746
2746 1384 2596
23 155 361
155 23 361
361 23 155
2760 50 2576
50 2576 2760
2576 50 2760
1279 20 1787
20 1279 1787
1787 20 1279
290 1570 2572
1570 290 2572
2572 290 1570
179 1747 2915
2915 179 1747
1747 179 2915
713 219 1553
219 713 1553
1553 219 713
2060 681 1823
681 1823 2060
1823 681 2060
2351 112 2995
112 2351 2995
2995 112 2351
1315 801 2769
801 1315 2769
2769 801 1315
1760 376 890
376 890 1760
890 376 1760
81 154 1268
154 81 1268
1268 81 154
2878 1377 1673
1673 1377 2878
1377 1673 2878
1794 2288 2641
2288 1794 2641
2641 1794 2288
2702 710 1090
710 1090 2702
1090 710 2702
2898 1948 2069
1948 2069 2898
2069 1948 2898
790 2097 2121
2121 790 2097
2097 790 2121
662 816 986
816 662 986
986 662 816
175 1013 1370
1013 175 1370
1370 175 1013
898 440 1183
1183 440 898
440 898 1183
1783 1014 1774
1014 1774 1783
1774 1014 1783
2001 1966 1985
1966 1985 2001
1985 1966 2001
1514 351 1571
351 1514 1571
1571 351 1514
1086 814 966
966 814 1086
814 966 1086
1319 2080 2918
2080 1319 2918
2918 1319 2080
654 645 2043
645 654 2043
2043 645 654
1587 1129 2154
1129 1587 2154
2154 1129 1587
2399 2045 2106
2106 2045 2399
2045 2106 2399
344 170 622
622 170 344
170 344 622
142 1106 1476
1106 142 1476
1476 142 1106
1456 314 2822
314 1456 2822
2822 314 1456
661 370 798
798 370 661
370 661 798
1584 286 2820
286 1584 2820
2820 286 1584
2396 784 2591
2591 784 2396
784 2396 2591
1693 2041 2055
2041 1693 2055
2055 1693 2041
1835 848 2138
2138 848 1835
848 1835 2138
593 530 565
565 530 593
530 565 593
1769 1004 2638
1004 1769 2638
2638 1004 1769
2201 1913 2693
2693 1913 2201
1913 2201 2693
1878 458 1765
458 1765 1878
1765 458 1878
471 1150 2955
2955 471 1150
1150 471 2955
455 94 2615
2615 94 455
94 455 2615
1392 1008 2895
2895 1008 1392
1008 1392 2895
2086 2200 2588
2588 2086 2200
2200 2086 2588
1342 1003 2150
2150 1003 1342
1003 1342 2150
638 652 2039
652 638 2039
2039 638 652
2847 2139 2549
2549 2139 2847
2139 2549 2847
1294 453 1236
1236 453 1294
453 1236 1294
711 1169 2827
2827 711 1169
1169 711 2827
552 655 1309
1309 552 655
655 552 1309
1751 1348 2226
1348 1751 2226
2226 1348 1751
2920 2127 2269
2269 2127 2920
2127 2269 2920
739 1500 1957
1957 739 1500
1500 739 1957
53 1299 1372
1372 53 1299
1299 53 1372
588 756 2516
2516 588 756
756 588 2516
2149 1481 2425
2425 1481 2149
1481 2149 2425
339 1549 2022
1549 339 2022
2022 339 1549
2287 634 2056
2056 634 2287
634 2056 2287
1239 2532 2916
2916 1239 2532
2532 1239 2916
295 1854 2958
2958 295 1854
1854 295 2958
1061 1339 1343
1339 1061 1343
1343 1061 1339
1134 569 591
591 569 1134
569 591 1134
2389 1465 2912
2912 1465 2389
1465 2389 2912
289 2289 2672
2672 289 2289
2289 289 2672
2950 613 1261
1261 613 2950
613 1261 2950
839 928 2924
2924 839 928
928 839 2924
911 347 1684
1684 347 911
347 911 1684
1172 956 2313
2313 956 1172
956 1172 2313
575 382 813
813 382 575
382 575 813
2819 404 1638
1638 404 2819
404 1638 2819
207 17 895
895 17 207
17 207 895
1807 587 2708
587 1807 2708
2708 587 1807
2140 1534 2911
2911 1534 2140
1534 2140 2911
378 799 1133
799 378 1133
1133 378 799
432 115 1642
115 432 1642
1642 115 432
1046 818 2125
2125 818 1046
818 1046 2125
2523 918 2467
2467 918 2523
918 2467 2523
2301 2116 2499
2499 2116 2301
2116 2301 2499
1446 230 2407
2407 230 1446
230 1446 2407
1657 1510 2341
1510 1657 2341
2341 1510 1657
2178 996 2779
996 2178 2779
2779 996 2178
1692 220 2272
2272 220 1692
220 1692 2272
679 340 1817
1817 340 679
340 679 1817
2902 1215 1970
1970 1215 2902
1215 1970 2902
2430 316 386
316 386 2430
386 316 2430
1095 875 2512
875 1095 2512
2512 875 1095
1863 428 2395
2395 428 1863
428 1863 2395
1678 67 1438
1438 67 1678
67 1438 1678
2894 2498 2845
2498 2845 2894
2845 2498 2894
929 551 1724
551 929 1724
1724 551 929
924 1324 2473
1324 924 2473
2473 924 1324
2998 2483 2524
2483 2524 2998
2524 2483 2998
2508 1051 2520
2520 1051 2508
1051 2508 2520
2909 1259 1469
1469 1259 2909
1259 1469 2909
306 680 2559
2559 306 680
680 306 2559
2631 1816 1885
1885 1816 2631
1816 1885 2631
2148 2253 2694
2694 2148 2253
2253 2148 2694
2871 1099 2225
2225 1099 2871
1099 2225 2871
1040 217 2929
217 1040 2929
2929 217 1040
503 1507 1895
1507 503 1895
1895 503 1507
195 2329 2538
2538 195 2329
2329 195 2538
1595 1796 2994
2994 1595 1796
1796 1595 2994
1271 2355 2727
2355 1271 2727
2727 1271 2355
700 855 1400
855 700 1400
1400 700 855
2946 2453 2899
2453 2899 2946
2899 2453 2946
1903 2181 2620
2181 1903 2620
2620 1903 2181
2173 367 669
669 367 2173
367 669 2173
2618 2669 2741
2669 2618 2741
2741 2618 2669
2424 1983 2705
2705 1983 2424
1983 2424 2705
914 2339 2716
2716 914 2339
2339 914 2716
183 2454 2944
2454 183 2944
2944 183 2454
1662 909 1085
909 1085 1662
1085 909 1662
2208 951 2051
2051 951 2208
951 2051 2208
1723 508 2372
2372 508 1723
508 1723 2372
1128 1238 2544
1238 1128 2544
2544 1128 1238
2607 1232 1741
1741 1232 2607
1232 1741 2607
857 285 2050
2050 285 857
285 857 2050
807 802 1394
1394 802 807
802 807 1394
2900 19 117
19 117 2900
117 19 2900
292 2110 2461
2461 292 2110
2110 292 2461
443 13 2437
2437 13 443
13 443 2437
131 151 2605
2605 131 151
151 131 2605
2988 721 733
733 721 2988
721 733 2988
1387 264 1186
264 1186 1387
1186 264 1387
198 1296 2401
2401 198 1296
1296 198 2401
2471 507 1471
507 1471 2471
1471 507 2471
2506 853 2839
2839 853 2506
853 2506 2839
1304 1628 1812
1628 1304 1812
1812 1304 1628
2331 1767 2321
1767 2321 2331
2321 1767 2331
2745 1506 2547
1506 2547 2745
2547 1506 2745
1451 379 2758
379 1451 2758
2758 379 1451
2142 119 1868
1868 119 2142
119 1868 2142
594 1241 2681
2681 594 1241
1241 594 2681
2966 401 999
999 401 2966
401 999 2966
2642 1334 1532
1334 1532 2642
1532 1334 2642
93 529 2420
529 93 2420
2420 93 529
2108 121 1368
121 1368 2108
1368 121 2108
251 493 1788
1788 251 493
493 251 1788
1380 1792 2980
2980 1380 1792
1792 1380 2980
1433 224 1801
224 1433 1801
1801 224 1433
2120 1254 2780
1254 2120 2780
2780 1254 2120
1466 385 941
385 941 1466
941 385 1466
199 366 2985
2985 199 366
366 199 2985
2891 2273 2486
2486 2273 2891
2273 2486 2891
1562 1418 2903
2903 1418 1562
1418 1562 2903
524 533 2617
2617 524 533
533 524 2617
2648 1081 2987
1081 2648 2987
2987 1081 2648
1647 293 505
505 293 1647
293 505 1647
2824 1417 2324
1417 2324 2824
2324 1417 2824
1265 1805 1838
1838 1265 1805
1805 1265 1838
1212 354 2217
2217 354 1212
354 1212 2217
353 1615 1782
1782 353 1615
1615 353 1782
1137 614 821
821 614 1137
614 821 1137
772 1207 1450
1450 772 1207
1207 772 1450
754 1230 2522
2522 754 1230
1230 754 2522
2353 345 994
994 345 2353
345 994 2353
2376 1806 2433
1806 2376 2433
2433 1806 2376
1708 611 1072
1072 611 1708
611 1072 1708
1226 1297 1592
1297 1226 1592
1592 1226 1297
448 2250 2777
2777 448 2250
2250 448 2777
1043 1866 2440
1866 1043 2440
2440 1043 1866
2952 2012 2446
2012 2446 2952
2446 2012 2952
1660 1569 1744
1569 1660 1744
1744 1569 1660
1976 2129 2457
2129 1976 2457
2457 1976 2129
1588 1352 2733
1352 1588 2733
