226 197 283
197 226 283
283 197 226
272 151 262
151 262 272
262 151 272
261 153 285
153 261 285
285 153 261
115 88 270
270 88 115
88 115 270
196 94 140
94 140 196
140 94 196
203 34 169
169 34 203
34 169 203
150 108 280
108 150 280
280 108 150
158 32 191
191 32 158
32 158 191
59 250 287
250 59 287
287 59 250
61 78 154
78 61 154
154 61 78
42 110 238
238 42 110
110 42 238
38 65 246
65 38 246
246 38 65
6 51 92
51 6 92
92 6 51
102 39 122
39 102 122
122 39 102
106 14 26
14 26 106
26 14 106
265 126 256
256 126 265
126 256 265
132 3 117
3 117 132
117 3 132
5 118 260
260 5 118
118 5 260
98 13 211
211 13 98
13 98 211
56 220 294
294 56 220
220 56 294
114 64 103
64 103 114
103 64 114
299 200 251
251 200 299
200 251 299
18 50 52
52 18 50
50 18 52
124 60 66
60 66 124
66 60 124
164 45 46
46 45 164
45 46 164
157 129 171
171 129 157
129 157 171
58 215 227
215 58 227
227 58 215
230 137 163
163 137 230
137 163 230
63 72 111
111 63 72
72 63 111
47 206 241
206 47 241
241 47 206
186 144 149
149 144 186
144 149 186
217 2 225
225 2 217
2 217 225
21 68 125
125 21 68
68 21 125
19 82 119
119 19 82
82 19 119
173 40 90
40 90 173
90 40 173
249 73 147
73 147 249
147 73 249
180 7 255
7 180 255
255 7 180
96 166 291
291 96 166
166 96 291
284 141 159
159 141 284
141 159 284
297 55 91
55 91 297
91 55 297
281 54 229
229 54 281
54 229 281
75 8 155
155 8 75
8 75 155
248 31 216
31 216 248
216 31 248
174 120 199
120 174 199
199 120 174
282 84 268
268 84 282
84 268 282
113 148 218
218 113 148
148 113 218
232 152 235
235 152 232
152 232 235
105 16 278
278 16 105
16 105 278
10 69 165
165 10 69
69 10 165
15 123 214
214 15 123
123 15 214
11 212 222
222 11 212
212 11 222
244 70 139
139 70 244
70 139 244
37 48 243
243 37 48
48 37 243
130 175 273
273 130 175
175 130 273
208 128 271
128 208 271
271 128 208
293 93 276
93 276 293
276 93 293
81 57 253
253 57 81
57 81 253
176 179 233
179 176 233
233 176 179
289 35 292
35 289 292
292 35 289
146 95 136
136 95 146
95 136 146
240 184 239
184 239 240
239 184 240
277 182 267
182 267 277
267 182 277
237 4 170
4 170 237
170 4 237
99 87 286
286 87 99
87 99 286
53 167 221
167 53 221
221 53 167
201 76 266
76 201 266
266 76 201
183 22 27
22 27 183
27 22 183
80 198 279
198 80 279
279 80 198
295 185 254
254 185 295
185 254 295
43 100 257
100 43 257
257 43 100
71 116 234
234 71 116
116 71 234
30 138 219
219 30 138
138 30 219
17 29 156
156 17 29
29 17 156
269 213 274
274 213 269
213 269 274
143 160 252
252 143 160
160 143 252
300 193 264
264 193 300
193 264 300
127 104 134
104 127 134
134 104 127
205 121 259
259 121 205
121 205 259
258 33 161
33 161 258
161 33 258
24 109 142
109 24 142
142 24 109
86 89 133
133 86 89
89 86 133
207 25 288
25 207 288
288 25 207
189 12 85
12 85 189
85 12 189
209 49 181
49 181 209
181 49 209
162 23 236
236 23 162
23 162 236
228 41 263
263 41 228
41 228 263
9 210 275
210 9 275
275 9 210
298 74 107
74 107 298
107 74 298
112 231 245
245 112 231
231 112 245
290 131 187
187 131 290
131 187 290
195 20 190
20 190 195
190 20 195
224 44 178
178 44 224
44 178 224
62 79 172
172 62 79
79 62 172
296 28 83
83 28 296
28 83 296
192 97 101
101 97 192
97 101 192
1 168 202
168 1 202
202 1 168
135 77 188
77 135 188
188 77 135
145 36 204
204 36 145
36 145 204
242 177 194
177 194 242
194 177 242
223 67 247
67 223 247
247 67 223
