8295 1554 26082
26082 1554 8295
1554 8295 26082
5113 1793 29954
29954 1793 5113
1793 5113 29954
28953 7604 15569
7604 15569 28953
15569 7604 28953
12976 8572 13812
13812 8572 12976
8572 12976 13812
3015 20531 24222
20531 3015 24222
24222 3015 20531
12003 2803 13704
13704 2803 12003
2803 12003 13704
22332 13236 16268
13236 16268 22332
16268 13236 22332
10435 8552 27137
27137 8552 10435
8552 10435 27137
17666 20448 26917
20448 17666 26917
26917 17666 20448
14677 11724 17064
17064 11724 14677
11724 14677 17064
8145 7009 13690
13690 7009 8145
7009 8145 13690
18286 5436 13754
13754 5436 18286
5436 13754 18286
22516 10143 16702
16702 10143 22516
10143 16702 22516
24444 14665 21738
14665 21738 24444
21738 14665 24444
3086 7246 25810
25810 3086 7246
7246 3086 25810
9202 4187 13539
4187 9202 13539
13539 4187 9202
20226 86 3639
3639 86 20226
86 3639 20226
27164 6326 20999
20999 6326 27164
6326 20999 27164
18547 13190 13703
13703 13190 18547
13190 13703 18547
2925 3706 11023
3706 2925 11023
11023 2925 3706
14993 320 4733
320 4733 14993
4733 320 14993
24697 5055 5685
5685 5055 24697
5055 5685 24697
24662 16108 24564
24564 16108 24662
16108 24564 24662
6759 21037 24410
24410 6759 21037
21037 6759 24410
19791 17699 18919
17699 18919 19791
18919 17699 19791
23124 18123 27649
27649 18123 23124
18123 23124 27649
23621 923 12654
923 12654 23621
12654 923 23621
1651 26670 27587
27587 1651 26670
26670 1651 27587
29214 18479 19483
18479 19483 29214
19483 18479 29214
16531 47 9389
9389 47 16531
47 9389 16531
17583 2974 9551
9551 2974 17583
2974 9551 17583
24100 10887 22892
10887 22892 24100
22892 10887 24100
22231 3161 18805
3161 18805 22231
18805 3161 22231
3142 527 6697
527 3142 6697
6697 527 3142
26038 6654 14944
6654 14944 26038
14944 6654 26038
23467 12231 23757
23757 12231 23467
12231 23467 23757
2411 2314 14438
14438 2314 2411
2314 2411 14438
23758 6719 20634
20634 6719 23758
6719 20634 23758
11137 1397 18603
18603 1397 11137
1397 11137 18603
16717 18704 22055
22055 16717 18704
18704 16717 22055
17426 6024 20316
20316 6024 17426
6024 17426 20316
3885 14364 21435
21435 3885 14364
14364 3885 21435
9754 18287 22344
18287 9754 22344
22344 9754 18287
26044 9032 25489
9032 25489 26044
25489 9032 26044
15311 23789 24916
24916 15311 23789
23789 15311 24916
4040 1073 4033
4033 1073 4040
1073 4033 4040
20501 17549 20296
17549 20296 20501
20296 17549 20501
23155 8073 14750
14750 8073 23155
8073 14750 23155
3125 3135 20552
20552 3125 3135
3135 3125 20552
7616 16957 29227
16957 7616 29227
29227 7616 16957
16768 5183 17706
17706 5183 16768
5183 16768 17706
13258 13166 19382
19382 13166 13258
13166 13258 19382
5964 19480 29819
29819 5964 19480
19480 5964 29819
16827 843 15768
15768 843 16827
843 15768 16827
29197 10657 15711
15711 10657 29197
10657 15711 29197
6761 1746 18559
1746 6761 18559
18559 1746 6761
27244 1211 25128
25128 1211 27244
1211 25128 27244
16246 20773 20885
20773 16246 20885
20885 16246 20773
29925 14194 24536
24536 14194 29925
14194 24536 29925
27800 7507 27132
7507 27132 27800
27132 7507 27800
20048 10527 22566
10527 20048 22566
22566 10527 20048
22958 21768 28041
21768 22958 28041
28041 21768 22958
10652 5028 18961
18961 5028 10652
5028 10652 18961
9024 4762 10175
4762 9024 10175
10175 4762 9024
16226 5972 18706
5972 16226 18706
18706 5972 16226
20859 5846 11843
5846 11843 20859
11843 5846 20859
5110 7974 26285
26285 5110 7974
7974 5110 26285
19844 10489 13475
13475 10489 19844
10489 13475 19844
14029 11358 17181
11358 14029 17181
17181 11358 14029
26663 2926 11088
11088 2926 26663
2926 11088 26663
24937 9882 20313
20313 9882 24937
9882 20313 24937
5725 10238 13874
13874 5725 10238
10238 5725 13874
19502 3698 21137
21137 3698 19502
3698 19502 21137
6101 22845 29968
29968 6101 22845
22845 6101 29968
20926 10351 18997
10351 18997 20926
18997 10351 20926
24484 13232 27169
13232 24484 27169
27169 13232 24484
17578 9815 14347
9815 14347 17578
14347 9815 17578
8913 3066 18236
18236 3066 8913
3066 8913 18236
13270 15124 21762
21762 13270 15124
15124 13270 21762
24990 10268 27425
10268 24990 27425
27425 10268 24990
6745 737 28638
28638 737 6745
737 6745 28638
23474 15872 17928
15872 17928 23474
17928 15872 23474
28082 4388 14580
14580 4388 28082
4388 14580 28082
10893 10104 26030
10104 10893 26030
26030 10104 10893
381 10729 13320
10729 381 13320
13320 381 10729
3542 636 16012
16012 636 3542
636 3542 16012
5488 12356 29300
12356 5488 29300
29300 5488 12356
12546 18010 24806
24806 12546 18010
18010 12546 24806
5827 19202 21124
21124 5827 19202
19202 5827 21124
13309 5666 5875
5875 5666 13309
5666 5875 13309
19994 4231 6369
4231 6369 19994
6369 4231 19994
1352 18329 19841
18329 1352 19841
19841 1352 18329
10395 13272 28853
28853 10395 13272
13272 10395 28853
21426 18382 24115
24115 18382 21426
18382 21426 24115
24557 10241 18099
18099 10241 24557
10241 18099 24557
15269 19782 27401
19782 15269 27401
27401 15269 19782
16340 1280 5556
5556 1280 16340
1280 5556 16340
13216 21700 28311
21700 13216 28311
28311 13216 21700
13876 19038 20901
19038 13876 20901
20901 13876 19038
10447 4661 23884
23884 4661 10447
4661 10447 23884
19909 16565 18292
18292 16565 19909
16565 18292 19909
13953 3175 14418
3175 13953 14418
14418 3175 13953
20852 17566 20602
17566 20602 20852
20602 17566 20852
2077 5329 29231
5329 2077 29231
29231 2077 5329
27094 1313 19373
19373 1313 27094
1313 19373 27094
13175 20151 20692
20151 13175 20692
20692 13175 20151
24497 17285 25410
25410 17285 24497
17285 24497 25410
20785 8271 17318
17318 8271 20785
8271 17318 20785
15224 26075 29351
26075 15224 29351
29351 15224 26075
5731 6784 22709
22709 5731 6784
6784 5731 22709
1361 8403 20557
20557 1361 8403
8403 1361 20557
9603 5291 28671
5291 9603 28671
28671 5291 9603
23107 17455 19778
19778 17455 23107
17455 19778 23107
28813 14409 23242
23242 14409 28813
14409 23242 28813
28754 8453 9078
9078 8453 28754
8453 9078 28754
11815 18160 22000
18160 11815 22000
22000 11815 18160
18079 13641 26206
13641 18079 26206
26206 13641 18079
12863 13350 23882
13350 12863 23882
23882 12863 13350
22116 13219 16611
16611 13219 22116
13219 16611 22116
2257 10764 26872
10764 2257 26872
26872 2257 10764
18572 15217 19669
15217 18572 19669
19669 15217 18572
11486 26207 27793
26207 11486 27793
27793 11486 26207
1480 835 2219
835 1480 2219
2219 835 1480
641 7133 14272
14272 641 7133
7133 641 14272
12828 11166 11269
11166 11269 12828
11269 11166 12828
27304 13055 21786
13055 21786 27304
21786 13055 27304
15613 7168 11683
7168 11683 15613
11683 7168 15613
416 23782 24582
23782 416 24582
24582 416 23782
13568 2753 6261
2753 6261 13568
6261 2753 13568
5855 4511 18212
4511 5855 18212
18212 4511 5855
23406 15324 21715
15324 21715 23406
21715 15324 23406
29978 4977 16341
16341 4977 29978
4977 16341 29978
14128 19342 19619
19342 14128 19619
19619 14128 19342
22209 15141 18492
18492 15141 22209
15141 18492 22209
15272 4725 16054
4725 15272 16054
16054 4725 15272
14729 12241 20737
12241 14729 20737
20737 12241 14729
7965 13222 26309
13222 7965 26309
26309 7965 13222
26166 1300 3102
3102 1300 26166
1300 3102 26166
1445 17480 26435
17480 1445 26435
26435 1445 17480
9157 2296 3162
3162 2296 9157
2296 3162 9157
23987 2087 15392
15392 2087 23987
2087 15392 23987
850 5876 28776
5876 850 28776
28776 850 5876
5437 5684 7221
5684 5437 7221
7221 5437 5684
18082 7912 26404
26404 7912 18082
7912 18082 26404
10551 2232 10782
2232 10551 10782
10782 2232 10551
28819 11072 24931
11072 24931 28819
24931 11072 28819
27371 592 14497
592 14497 27371
14497 592 27371
2929 14342 29530
14342 2929 29530
29530 2929 14342
29021 9708 10224
10224 9708 29021
9708 10224 29021
6725 4964 20891
20891 4964 6725
4964 6725 20891
29919 5535 28207
5535 28207 29919
28207 5535 29919
27112 607 12679
12679 607 27112
607 12679 27112
713 8220 17618
8220 713 17618
17618 713 8220
6384 5033 14044
14044 5033 6384
5033 6384 14044
14257 7729 21996
7729 14257 21996
21996 7729 14257
406 13133 29776
13133 406 29776
29776 406 13133
2061 12466 15425
12466 2061 15425
15425 2061 12466
27258 19276 28058
19276 27258 28058
28058 19276 27258
10014 6175 19835
19835 6175 10014
6175 10014 19835
22898 13984 26932
26932 13984 22898
13984 22898 26932
27564 10549 13677
10549 13677 27564
13677 10549 27564
8375 12262 26691
26691 8375 12262
12262 8375 26691
21425 7759 16109
7759 16109 21425
16109 7759 21425
9873 12378 24096
12378 9873 24096
24096 9873 12378
29887 11056 22087
11056 22087 29887
22087 11056 29887
18003 14108 22204
22204 14108 18003
14108 18003 22204
5212 2708 27614
27614 2708 5212
2708 5212 27614
25215 2171 15290
15290 2171 25215
2171 15290 25215
19388 1613 19122
19122 1613 19388
1613 19122 19388
4738 18602 25114
25114 4738 18602
18602 4738 25114
17463 4832 17461
17461 4832 17463
4832 17461 17463
29238 2432 8396
8396 2432 29238
2432 8396 29238
13454 6528 19614
6528 13454 19614
19614 6528 13454
20679 11797 22902
11797 20679 22902
22902 11797 20679
7868 3803 14590
3803 7868 14590
14590 3803 7868
24867 6889 20128
20128 6889 24867
6889 20128 24867
2495 11848 14025
11848 2495 14025
14025 2495 11848
15846 7933 16200
16200 7933 15846
7933 15846 16200
18662 17594 17813
17594 17813 18662
17813 17594 18662
13012 20870 26899
20870 13012 26899
26899 13012 20870
21553 12183 26738
26738 12183 21553
12183 21553 26738
18135 14084 21052
21052 14084 18135
14084 18135 21052
15605 2272 5667
2272 5667 15605
5667 2272 15605
23719 6961 29702
29702 6961 23719
6961 23719 29702
6244 3177 14546
3177 6244 14546
14546 3177 6244
16676 11523 16664
16664 11523 16676
11523 16664 16676
1826 12972 13868
13868 1826 12972
12972 1826 13868
14018 12982 26468
12982 14018 26468
26468 12982 14018
15708 5476 9591
5476 9591 15708
9591 5476 15708
11347 5817 14879
14879 5817 11347
5817 11347 14879
15919 22553 29640
22553 15919 29640
29640 15919 22553
14012 17175 22602
17175 14012 22602
22602 14012 17175
28679 13900 15205
13900 15205 28679
15205 13900 28679
25018 27832 28904
27832 25018 28904
28904 25018 27832
813 6675 17412
17412 813 6675
6675 813 17412
15090 16882 16907
16907 15090 16882
16882 15090 16907
8994 9169 29771
9169 8994 29771
29771 8994 9169
29484 6540 9381
6540 9381 29484
9381 6540 29484
27776 16448 29871
16448 27776 29871
29871 16448 27776
21783 846 7665
7665 846 21783
846 7665 21783
21021 20855 22196
22196 20855 21021
20855 21021 22196
28582 4837 10368
10368 4837 28582
4837 10368 28582
3319 2891 26880
2891 3319 26880
26880 2891 3319
19939 11380 14578
14578 11380 19939
11380 14578 19939
9910 10584 25543
10584 9910 25543
25543 9910 10584
21755 27680 29936
27680 21755 29936
29936 21755 27680
19803 1775 25435
1775 19803 25435
25435 1775 19803
1659 6086 10824
10824 1659 6086
6086 1659 10824
25553 7824 26054
7824 25553 26054
26054 7824 25553
20874 4932 29834
4932 20874 29834
29834 4932 20874
28239 18543 18546
18546 18543 28239
18543 18546 28239
15870 19013 28906
28906 15870 19013
19013 15870 28906
10505 14998 21056
14998 10505 21056
21056 10505 14998
8055 11261 22573
11261 8055 22573
22573 8055 11261
15680 9747 18441
18441 9747 15680
9747 15680 18441
13428 1081 4802
4802 1081 13428
1081 4802 13428
205 9679 11022
9679 205 11022
11022 205 9679
28219 3861 5438
5438 3861 28219
3861 5438 28219
19257 1367 7268
7268 1367 19257
1367 7268 19257
13681 11491 27490
27490 11491 13681
11491 13681 27490
24914 4459 21816
4459 21816 24914
21816 4459 24914
12898 5639 22884
22884 5639 12898
5639 12898 22884
6241 16690 18986
18986 6241 16690
16690 6241 18986
11118 6454 24211
6454 11118 24211
24211 6454 11118
7059 5954 10169
10169 5954 7059
5954 7059 10169
19525 13669 14391
14391 13669 19525
13669 14391 19525
9229 11082 13780
13780 9229 11082
11082 9229 13780
19047 16027 19840
19840 16027 19047
16027 19047 19840
18022 13828 28224
28224 13828 18022
13828 18022 28224
25682 2746 13010
2746 13010 25682
13010 2746 25682
4693 3194 25046
25046 3194 4693
3194 4693 25046
20711 1079 28978
1079 20711 28978
28978 1079 20711
2376 6400 12543
12543 2376 6400
6400 2376 12543
23651 9342 24982
24982 9342 23651
9342 23651 24982
12038 13538 14264
13538 12038 14264
14264 12038 13538
1145 1315 14568
14568 1145 1315
1315 1145 14568
1116 11890 17042
17042 1116 11890
11890 1116 17042
5126 23665 26286
26286 5126 23665
23665 5126 26286
29535 26648 29003
29003 26648 29535
26648 29003 29535
13249 129 11908
129 11908 13249
11908 129 13249
11185 17953 24672
17953 11185 24672
24672 11185 17953
12595 5240 9677
5240 9677 12595
9677 5240 12595
23000 3059 26478
26478 3059 23000
3059 23000 26478
22837 22666 24140
22666 22837 24140
24140 22666 22837
21706 12028 28867
12028 21706 28867
28867 12028 21706
13368 3643 14943
14943 3643 13368
3643 13368 14943
13160 6485 18882
18882 6485 13160
6485 13160 18882
28091 10791 20406
10791 20406 28091
20406 10791 28091
2254 6827 28439
28439 2254 6827
6827 2254 28439
7605 7935 29386
7935 7605 29386
29386 7605 7935
15585 10909 17926
17926 10909 15585
10909 15585 17926
10196 23740 26072
26072 10196 23740
23740 10196 26072
104 13405 14979
14979 104 13405
13405 104 14979
11510 4364 19631
19631 4364 11510
4364 11510 19631
25728 8949 14466
14466 8949 25728
8949 14466 25728
20803 1345 13758
13758 1345 20803
1345 13758 20803
18370 19780 24602
24602 18370 19780
19780 18370 24602
18587 1312 5225
1312 5225 18587
5225 1312 18587
11356 9099 15616
9099 11356 15616
15616 9099 11356
10275 5808 23502
5808 10275 23502
23502 5808 10275
11554 15500 17816
15500 11554 17816
17816 11554 15500
8806 503 22998
503 8806 22998
22998 503 8806
3466 4012 11871
4012 3466 11871
11871 3466 4012
17312 2838 3742
2838 3742 17312
3742 2838 17312
7879 14672 29387
14672 7879 29387
29387 7879 14672
15400 3851 18209
3851 15400 18209
18209 3851 15400
11570 1549 4848
4848 1549 11570
1549 4848 11570
13882 5799 12117
5799 12117 13882
12117 5799 13882
21660 3531 23547
23547 3531 21660
3531 21660 23547
9189 17313 29912
29912 9189 17313
17313 9189 29912
15803 10784 29356
29356 10784 15803
10784 15803 29356
14107 3152 19369
19369 3152 14107
3152 14107 19369
27395 20937 23029
23029 20937 27395
20937 23029 27395
5454 2067 19204
19204 2067 5454
2067 5454 19204
12839 8613 17944
8613 12839 17944
17944 8613 12839
29735 8364 9642
9642 8364 29735
8364 9642 29735
4842 7649 11361
7649 4842 11361
11361 4842 7649
8932 5464 6690
5464 6690 8932
6690 5464 8932
26407 11116 19174
11116 19174 26407
19174 11116 26407
16609 14356 14432
14356 14432 16609
14432 14356 16609
1405 12989 13959
13959 1405 12989
12989 1405 13959
9209 5985 19409
5985 9209 19409
19409 5985 9209
21365 11569 23802
23802 11569 21365
11569 21365 23802
21751 3881 18225
18225 3881 21751
3881 18225 21751
27757 23209 29427
23209 27757 29427
29427 23209 27757
18762 4399 18568
4399 18568 18762
18568 4399 18762
26656 3114 15608
15608 3114 26656
3114 15608 26656
26857 507 23267
23267 507 26857
507 23267 26857
11993 2396 24238
2396 11993 24238
24238 2396 11993
6581 9918 20298
20298 6581 9918
9918 6581 20298
29216 6831 23280
6831 23280 29216
23280 6831 29216
14785 127 29712
29712 127 14785
127 14785 29712
27707 4695 8077
8077 4695 27707
4695 8077 27707
26693 4096 4391
4096 4391 26693
4391 4096 26693
15332 3743 7044
7044 3743 15332
3743 7044 15332
7978 5861 24020
24020 5861 7978
5861 7978 24020
24337 7579 27858
7579 24337 27858
27858 7579 24337
2094 7898 14527
14527 2094 7898
7898 2094 14527
11709 3449 11201
3449 11201 11709
11201 3449 11709
15455 3277 19984
3277 15455 19984
19984 3277 15455
292 443 12298
12298 292 443
443 292 12298
5182 10752 26450
26450 5182 10752
10752 5182 26450
6333 7684 18314
7684 6333 18314
18314 6333 7684
11058 5634 26625
5634 11058 26625
26625 5634 11058
5178 5998 9127
9127 5178 5998
5998 5178 9127
17194 4456 26186
4456 17194 26186
26186 4456 17194
13536 11581 16977
16977 11581 13536
11581 13536 16977
9886 7477 24809
7477 9886 24809
24809 7477 9886
4713 21345 28426
21345 4713 28426
28426 4713 21345
26097 10110 13644
13644 10110 26097
10110 13644 26097
10664 2388 17253
17253 2388 10664
2388 10664 17253
511 1662 17896
1662 511 17896
17896 511 1662
13200 20177 24108
24108 13200 20177
20177 13200 24108
24550 2868 24613
2868 24550 24613
24613 2868 24550
12380 475 15073
475 12380 15073
15073 475 12380
1030 22473 26377
26377 1030 22473
22473 1030 26377
26307 17330 20084
20084 17330 26307
17330 20084 26307
24426 9468 11229
11229 9468 24426
9468 11229 24426
20433 3231 12502
12502 3231 20433
3231 12502 20433
13281 224 10856
10856 224 13281
224 10856 13281
10870 25416 29655
29655 10870 25416
25416 10870 29655
27546 21189 28297
28297 21189 27546
21189 27546 28297
27013 13508 22050
22050 13508 27013
13508 22050 27013
6283 17024 20521
20521 6283 17024
17024 6283 20521
7003 5189 18349
18349 5189 7003
5189 7003 18349
9104 23832 29001
23832 9104 29001
29001 9104 23832
17493 10137 13833
10137 13833 17493
13833 10137 17493
12221 11281 23108
23108 11281 12221
11281 12221 23108
11973 10956 23048
23048 10956 11973
10956 11973 23048
18558 2882 26343
2882 18558 26343
26343 2882 18558
10356 2473 18681
18681 2473 10356
2473 10356 18681
12092 15888 25126
15888 12092 25126
25126 12092 15888
27513 25050 27743
25050 27513 27743
27743 25050 27513
8744 14671 25724
25724 8744 14671
14671 8744 25724
20533 8619 21872
21872 8619 20533
8619 20533 21872
24634 2075 8524
2075 8524 24634
8524 2075 24634
11887 8796 15376
15376 8796 11887
8796 11887 15376
12153 23963 29024
29024 12153 23963
23963 12153 29024
24863 578 8448
8448 578 24863
578 8448 24863
5319 4396 10777
4396 5319 10777
10777 4396 5319
12145 15628 25913
15628 12145 25913
25913 12145 15628
22762 7011 14426
7011 14426 22762
14426 7011 22762
1765 23011 27038
27038 1765 23011
23011 1765 27038
14856 9332 25406
25406 9332 14856
9332 14856 25406
16234 4666 24389
24389 4666 16234
4666 16234 24389
23164 3692 28347
28347 3692 23164
3692 23164 28347
14937 5211 24341
5211 14937 24341
24341 5211 14937
19499 3655 28531
28531 3655 19499
3655 19499 28531
23389 7895 29411
29411 7895 23389
7895 23389 29411
9934 9730 12986
12986 9730 9934
9730 9934 12986
11902 16879 17407
16879 11902 17407
17407 11902 16879
15563 15934 16735
15934 15563 16735
16735 15563 15934
7429 5708 28514
28514 5708 7429
5708 7429 28514
19606 26716 29346
26716 19606 29346
29346 19606 26716
4384 4563 25525
4563 4384 25525
25525 4384 4563
13577 8451 15713
8451 13577 15713
15713 8451 13577
6818 20512 23907
20512 6818 23907
23907 6818 20512
28139 4533 10812
4533 10812 28139
10812 4533 28139
8638 7018 16023
7018 8638 16023
16023 7018 8638
23899 8474 11651
11651 8474 23899
8474 11651 23899
17692 2047 14102
2047 14102 17692
14102 2047 17692
7771 19622 21379
19622 7771 21379
21379 7771 19622
8290 273 24242
273 8290 24242
24242 273 8290
19905 17398 28330
28330 17398 19905
17398 19905 28330
7906 12019 19749
12019 7906 19749
19749 7906 12019
13218 5925 25888
5925 13218 25888
25888 5925 13218
11404 18117 29232
18117 11404 29232
29232 11404 18117
314 13457 24832
24832 314 13457
13457 314 24832
5927 21535 21962
21535 5927 21962
21962 5927 21535
9038 23417 25382
25382 9038 23417
23417 9038 25382
9403 9451 14068
9451 9403 14068
14068 9403 9451
28820 15024 29662
29662 15024 28820
15024 28820 29662
8825 1103 29752
29752 1103 8825
1103 8825 29752
9110 18134 28675
28675 9110 18134
18134 9110 28675
447 7427 26774
7427 447 26774
26774 447 7427
8756 8992 29502
29502 8756 8992
8992 8756 29502
15674 13388 18638
18638 13388 15674
13388 15674 18638
1452 921 17152
17152 921 1452
921 1452 17152
8680 5238 25395
5238 8680 25395
25395 5238 8680
18467 6661 27642
6661 18467 27642
27642 6661 18467
380 3826 17913
3826 380 17913
17913 380 3826
24567 5742 24132
24132 5742 24567
5742 24132 24567
17315 18282 27611
27611 17315 18282
18282 17315 27611
13529 2039 19121
2039 13529 19121
19121 2039 13529
17793 1762 12996
12996 1762 17793
1762 12996 17793
22714 6488 26011
6488 22714 26011
26011 6488 22714
9524 5823 11757
5823 9524 11757
11757 5823 9524
28932 10492 27050
10492 27050 28932
27050 10492 28932
28026 281 11970
11970 281 28026
281 11970 28026
18455 791 18199
791 18199 18455
18199 791 18455
7830 2610 3187
3187 2610 7830
2610 3187 7830
19036 23534 26913
23534 19036 26913
26913 19036 23534
5475 20028 29829
29829 5475 20028
20028 5475 29829
17408 3389 5301
3389 5301 17408
5301 3389 17408
29864 2275 23790
2275 23790 29864
23790 2275 29864
23823 5752 18834
18834 5752 23823
5752 18834 23823
21421 1069 25631
1069 21421 25631
25631 1069 21421
15782 13090 22684
13090 15782 22684
22684 13090 15782
27952 15547 22470
22470 15547 27952
15547 22470 27952
18707 24973 25283
25283 18707 24973
24973 18707 25283
3753 7042 19771
19771 3753 7042
7042 3753 19771
10535 3306 3615
3306 3615 10535
3615 3306 10535
9420 15442 25576
25576 9420 15442
15442 9420 25576
23147 22801 29946
22801 23147 29946
29946 22801 23147
8580 387 5991
5991 387 8580
387 5991 8580
7927 18170 18291
18170 7927 18291
18291 7927 18170
19259 14377 14675
14675 14377 19259
14377 14675 19259
19482 634 18817
634 18817 19482
18817 634 19482
20625 7558 17125
17125 7558 20625
7558 17125 20625
595 16483 27737
27737 595 16483
16483 595 27737
11626 2800 14181
2800 11626 14181
14181 2800 11626
11995 879 14604
14604 879 11995
879 11995 14604
5629 17873 28611
17873 5629 28611
28611 5629 17873
2931 6815 27893
6815 2931 27893
27893 2931 6815
27315 17538 28404
28404 17538 27315
17538 27315 28404
22226 10024 13413
10024 13413 22226
13413 10024 22226
27544 11518 22487
11518 22487 27544
22487 11518 27544
13123 10501 24171
10501 13123 24171
24171 10501 13123
22281 21537 25548
21537 22281 25548
25548 21537 22281
18581 3868 28195
3868 18581 28195
28195 3868 18581
29620 14148 17874
17874 14148 29620
14148 17874 29620
9484 3309 8161
8161 3309 9484
3309 8161 9484
27754 11378 17524
17524 11378 27754
11378 17524 27754
16998 15812 22507
22507 15812 16998
15812 16998 22507
14353 4421 12240
12240 4421 14353
4421 12240 14353
8775 4182 26865
26865 4182 8775
4182 8775 26865
19402 24741 28150
24741 19402 28150
28150 19402 24741
16262 19135 29684
29684 16262 19135
19135 16262 29684
13736 23807 24538
24538 13736 23807
23807 13736 24538
10040 2981 17882
17882 2981 10040
2981 10040 17882
28552 1669 18692
18692 1669 28552
1669 18692 28552
2237 2696 18130
18130 2237 2696
2696 2237 18130
20136 16943 19688
16943 19688 20136
19688 16943 20136
9322 1755 7079
1755 7079 9322
7079 1755 9322
26199 276 12707
276 12707 26199
12707 276 26199
14554 5628 15308
15308 5628 14554
5628 14554 15308
2504 20293 24862
24862 2504 20293
20293 2504 24862
21723 11041 24532
11041 21723 24532
24532 11041 21723
16169 12238 21763
12238 16169 21763
21763 12238 16169
18021 15829 21780
21780 15829 18021
15829 18021 21780
26558 10911 12194
10911 12194 26558
12194 10911 26558
22277 1418 11257
1418 11257 22277
11257 1418 22277
6106 22198 24339
22198 6106 24339
24339 6106 22198
20217 6327 18138
6327 18138 20217
18138 6327 20217
6052 2213 7623
7623 2213 6052
2213 6052 7623
13377 3005 8886
3005 8886 13377
8886 3005 13377
15026 5632 10894
5632 10894 15026
10894 5632 15026
15087 10663 24371
10663 15087 24371
24371 10663 15087
4405 9989 20731
20731 4405 9989
9989 4405 20731
10556 7900 14164
7900 10556 14164
14164 7900 10556
25875 1232 17712
1232 17712 25875
17712 1232 25875
21276 18339 29917
29917 18339 21276
18339 21276 29917
16645 21489 24917
21489 16645 24917
24917 16645 21489
1295 8436 19998
19998 1295 8436
8436 1295 19998
20016 9991 12303
9991 12303 20016
12303 9991 20016
26471 14468 20463
20463 14468 26471
14468 20463 26471
18040 1441 9134
9134 1441 18040
1441 9134 18040
28063 19990 20185
19990 20185 28063
20185 19990 28063
11953 16528 27812
27812 11953 16528
16528 11953 27812
3876 11640 20595
11640 3876 20595
20595 3876 11640
17405 8402 18782
18782 8402 17405
8402 17405 18782
23137 10080 12570
10080 12570 23137
12570 10080 23137
25387 2544 28613
2544 25387 28613
28613 2544 25387
2164 14515 22440
22440 2164 14515
14515 2164 22440
21606 29571 29718
29718 21606 29571
29571 21606 29718
28015 21208 26559
21208 26559 28015
26559 21208 28015
3422 1054 27248
1054 3422 27248
27248 1054 3422
19166 4913 18377
18377 4913 19166
4913 18377 19166
3336 10018 18075
18075 3336 10018
10018 3336 18075
29734 3387 18416
3387 18416 29734
18416 3387 29734
6278 774 8078
8078 774 6278
774 6278 8078
7833 16099 25594
25594 7833 16099
16099 7833 25594
12111 7905 9054
7905 9054 12111
9054 7905 12111
20102 1262 3796
3796 1262 20102
1262 3796 20102
1502 3396 15452
15452 1502 3396
3396 1502 15452
17303 2705 16678
2705 16678 17303
16678 2705 17303
2582 16902 20730
16902 2582 20730
20730 2582 16902
21832 6570 23086
6570 21832 23086
23086 6570 21832
19724 354 13474
354 13474 19724
13474 354 19724
8471 3447 5538
5538 3447 8471
3447 5538 8471
13994 2429 13070
13070 2429 13994
2429 13070 13994
28703 1832 5094
5094 1832 28703
1832 5094 28703
19306 8988 28052
28052 8988 19306
8988 19306 28052
497 1513 22657
1513 497 22657
22657 497 1513
19979 2326 27511
27511 2326 19979
2326 19979 27511
18388 14714 17495
14714 17495 18388
17495 14714 18388
14491 12313 23701
12313 14491 23701
23701 12313 14491
21604 1889 5223
1889 5223 21604
5223 1889 21604
16608 22647 27540
27540 16608 22647
22647 16608 27540
24714 2847 18264
18264 2847 24714
2847 18264 24714
23761 1625 28565
1625 23761 28565
28565 1625 23761
4698 13850 14176
13850 4698 14176
14176 4698 13850
16868 15200 23328
15200 16868 23328
23328 15200 16868
19203 7621 20220
7621 19203 20220
20220 7621 19203
16245 2038 15103
15103 2038 16245
2038 15103 16245
12787 18694 22452
22452 12787 18694
18694 12787 22452
19942 247 7095
7095 247 19942
247 7095 19942
23115 5671 26682
26682 5671 23115
5671 23115 26682
3075 20042 28699
20042 3075 28699
28699 3075 20042
20869 2268 9502
2268 9502 20869
9502 2268 20869
28109 509 8521
509 8521 28109
8521 509 28109
19253 13504 28538
13504 19253 28538
28538 13504 19253
5447 10029 17203
17203 5447 10029
10029 5447 17203
109 7913 11481
11481 109 7913
7913 109 11481
12390 17261 18569
17261 12390 18569
18569 12390 17261
833 25327 25739
25327 833 25739
25739 833 25327
7247 6819 10308
6819 7247 10308
10308 6819 7247
15989 18059 23201
23201 15989 18059
18059 15989 23201
4917 7265 21330
7265 4917 21330
21330 4917 7265
26355 8308 22675
22675 8308 26355
8308 22675 26355
1221 13007 25002
13007 1221 25002
25002 1221 13007
1732 173 14112
14112 173 1732
173 1732 14112
29113 11532 24866
24866 11532 29113
11532 24866 29113
5733 7920 9919
7920 5733 9919
9919 5733 7920
513 9105 11832
11832 513 9105
9105 513 11832
23454 4392 24147
4392 23454 24147
24147 4392 23454
26323 9913 29270
29270 9913 26323
9913 26323 29270
17855 9227 14198
9227 14198 17855
14198 9227 17855
9670 19883 26876
19883 9670 26876
26876 9670 19883
9698 26847 28887
28887 9698 26847
26847 9698 28887
16021 7325 26016
26016 7325 16021
7325 16021 26016
4430 80 18277
18277 80 4430
80 4430 18277
10188 3858 15559
15559 3858 10188
3858 10188 15559
29673 168 20657
20657 168 29673
168 20657 29673
15776 10611 21002
21002 10611 15776
10611 15776 21002
8320 21571 27616
21571 8320 27616
27616 8320 21571
4594 25779 27327
27327 4594 25779
25779 4594 27327
3448 18475 27589
27589 3448 18475
18475 3448 27589
17956 18085 25613
18085 17956 25613
25613 17956 18085
3049 2096 19136
19136 2096 3049
2096 3049 19136
24771 5252 18046
18046 5252 24771
5252 18046 24771
13738 14619 18791
18791 13738 14619
14619 13738 18791
23184 2762 3540
3540 2762 23184
2762 3540 23184
26909 5353 5656
5656 5353 26909
5353 5656 26909
6282 7778 24543
7778 6282 24543
24543 6282 7778
3721 20660 22517
20660 3721 22517
22517 3721 20660
10552 10716 14225
10716 10552 14225
14225 10552 10716
22717 9401 22037
9401 22037 22717
22037 9401 22717
28221 4238 20015
4238 20015 28221
20015 4238 28221
1095 3063 22370
3063 1095 22370
22370 1095 3063
16122 17845 27019
17845 16122 27019
27019 16122 17845
8694 8852 11081
8852 8694 11081
11081 8694 8852
14245 11456 21634
11456 14245 21634
21634 11456 14245
20752 26549 28878
26549 20752 28878
28878 20752 26549
3811 2337 14048
2337 3811 14048
14048 2337 3811
3884 16709 18303
18303 3884 16709
16709 3884 18303
15459 3427 22631
3427 15459 22631
22631 3427 15459
29002 976 11057
976 11057 29002
11057 976 29002
2248 13349 19974
19974 2248 13349
13349 2248 19974
3954 10507 10903
10507 3954 10903
10903 3954 10507
26367 8156 13978
8156 13978 26367
13978 8156 26367
5354 18143 27647
18143 5354 27647
27647 5354 18143
11502 5544 27702
5544 11502 27702
27702 5544 11502
29637 322 5458
322 5458 29637
5458 322 29637
7069 603 2930
2930 603 7069
603 2930 7069
28709 8584 10386
10386 8584 28709
8584 10386 28709
895 102 24860
102 895 24860
24860 102 895
9331 18947 20584
18947 9331 20584
20584 9331 18947
96 9635 20198
20198 96 9635
9635 96 20198
21942 4168 6861
6861 4168 21942
4168 6861 21942
12942 10972 14709
14709 10972 12942
10972 12942 14709
17570 6483 10170
6483 10170 17570
10170 6483 17570
15550 23338 24224
24224 15550 23338
23338 15550 24224
1626 256 15241
256 1626 15241
15241 256 1626
7546 698 27730
27730 698 7546
698 7546 27730
12786 10441 17918
17918 10441 12786
10441 12786 17918
4466 20882 26851
26851 4466 20882
20882 4466 26851
29501 22691 26544
22691 26544 29501
26544 22691 29501
25397 5481 29651
29651 5481 25397
5481 25397 29651
12580 14488 14516
14488 12580 14516
14516 12580 14488
7997 1827 12188
12188 1827 7997
1827 7997 12188
15202 1240 16300
1240 15202 16300
16300 1240 15202
17588 6033 8752
6033 8752 17588
8752 6033 17588
2743 10456 26885
10456 2743 26885
26885 2743 10456
3033 12204 19818
19818 3033 12204
12204 3033 19818
27193 23025 24332
23025 24332 27193
24332 23025 27193
26626 3795 27241
3795 26626 27241
27241 3795 26626
5973 6056 6180
6180 5973 6056
6056 5973 6180
11199 19091 20334
19091 11199 20334
20334 11199 19091
7585 4669 25101
4669 7585 25101
25101 4669 7585
21288 1527 18828
1527 18828 21288
18828 1527 21288
27891 2607 11781
2607 11781 27891
11781 2607 27891
19819 25249 29911
25249 19819 29911
29911 19819 25249
8573 18179 24875
24875 8573 18179
18179 8573 24875
24247 1594 25511
25511 1594 24247
1594 24247 25511
29220 6209 15757
15757 6209 29220
6209 15757 29220
24747 23043 23065
23065 23043 24747
23043 23065 24747
15774 23330 24791
23330 15774 24791
24791 15774 23330
8678 21206 24331
24331 8678 21206
21206 8678 24331
1668 1026 27026
1026 1668 27026
27026 1026 1668
9064 22031 24469
22031 9064 24469
24469 9064 22031
25505 9201 26462
9201 25505 26462
26462 9201 25505
19003 7726 19476
7726 19003 19476
19476 7726 19003
21549 13187 27256
13187 21549 27256
27256 13187 21549
15305 6674 8543
8543 6674 15305
6674 8543 15305
283 2940 8716
2940 283 8716
8716 283 2940
1389 10215 21999
21999 1389 10215
10215 1389 21999
13611 10394 23136
23136 10394 13611
10394 13611 23136
21659 24897 28450
24897 21659 28450
28450 21659 24897
17003 24617 28070
24617 17003 28070
28070 17003 24617
21495 2097 28255
28255 2097 21495
2097 21495 28255
13372 24629 27302
27302 13372 24629
24629 13372 27302
21528 21048 23156
21048 21528 23156
23156 21048 21528
29138 1190 9915
9915 1190 29138
1190 9915 29138
11482 8012 27896
27896 8012 11482
8012 11482 27896
22085 441 15355
441 15355 22085
15355 441 22085
4387 3891 25390
25390 3891 4387
3891 4387 25390
20569 10714 15992
15992 10714 20569
10714 15992 20569
9180 32 27407
27407 32 9180
32 9180 27407
25757 23176 28236
28236 23176 25757
23176 25757 28236
13051 33 24669
24669 33 13051
33 13051 24669
12170 14875 17098
17098 12170 14875
14875 12170 17098
9334 21264 24137
24137 9334 21264
21264 9334 24137
5953 1245 22279
22279 1245 5953
1245 5953 22279
4621 18104 28247
18104 4621 28247
28247 4621 18104
5273 8341 15509
15509 5273 8341
8341 5273 15509
467 13067 14890
13067 467 14890
14890 467 13067
13342 14920 19594
19594 13342 14920
14920 13342 19594
28205 24569 29055
29055 24569 28205
24569 28205 29055
20013 16620 29412
16620 20013 29412
29412 16620 20013
14581 6437 13285
6437 13285 14581
13285 6437 14581
18106 18511 29908
29908 18106 18511
18511 18106 29908
16634 9777 20558
9777 16634 20558
20558 9777 16634
3451 20522 23817
23817 3451 20522
20522 3451 23817
14952 66 5776
66 5776 14952
5776 66 14952
16107 4280 9213
9213 4280 16107
4280 9213 16107
22106 13319 24253
13319 22106 24253
24253 13319 22106
12329 4875 26194
4875 12329 26194
26194 4875 12329
22774 473 26081
473 22774 26081
26081 473 22774
16895 4839 20769
20769 4839 16895
4839 16895 20769
15566 12123 19102
19102 12123 15566
12123 15566 19102
23110 7773 28032
28032 7773 23110
7773 23110 28032
8234 15675 16297
16297 8234 15675
15675 8234 16297
17967 2059 12078
2059 12078 17967
12078 2059 17967
12623 15063 21803
15063 12623 21803
21803 12623 15063
18035 9387 15660
9387 15660 18035
15660 9387 18035
28828 12677 14934
14934 12677 28828
12677 14934 28828
10581 5575 21540
21540 5575 10581
5575 10581 21540
15965 22588 26185
22588 15965 26185
26185 15965 22588
11595 2867 25994
2867 11595 25994
25994 2867 11595
9595 18953 19946
19946 9595 18953
18953 9595 19946
21416 16518 18819
18819 16518 21416
16518 18819 21416
2348 1151 28289
28289 1151 2348
1151 2348 28289
21256 23638 26994
26994 21256 23638
23638 21256 26994
28077 6779 12397
12397 6779 28077
6779 12397 28077
11437 12729 27099
12729 11437 27099
27099 11437 12729
21624 7945 29157
29157 7945 21624
7945 21624 29157
15962 11515 29999
11515 15962 29999
29999 11515 15962
18097 18946 23214
23214 18097 18946
18946 18097 23214
20121 15673 19123
15673 19123 20121
19123 15673 20121
13050 15907 29932
29932 13050 15907
15907 13050 29932
25037 13714 18944
13714 18944 25037
18944 13714 25037
9413 5401 18733
18733 5401 9413
5401 9413 18733
16322 8858 20274
8858 16322 20274
20274 8858 16322
549 22061 28852
28852 549 22061
22061 549 28852
4483 5494 8296
8296 4483 5494
5494 4483 8296
3384 22309 22412
22309 3384 22412
22412 3384 22309
14735 3533 28292
28292 3533 14735
3533 14735 28292
16733 6739 17416
17416 6739 16733
6739 16733 17416
22509 8967 25219
25219 8967 22509
8967 22509 25219
19552 25006 28830
28830 19552 25006
25006 19552 28830
1292 17606 19848
17606 1292 19848
19848 1292 17606
16039 9694 18619
18619 9694 16039
9694 16039 18619
17635 4137 19537
4137 17635 19537
19537 4137 17635
24375 3076 14549
14549 3076 24375
3076 14549 24375
15030 2814 4835
2814 4835 15030
4835 2814 15030
6992 21628 27923
27923 6992 21628
21628 6992 27923
7374 20877 23236
20877 7374 23236
23236 7374 20877
16447 7120 18024
18024 7120 16447
7120 16447 18024
20456 13409 15404
15404 13409 20456
13409 15404 20456
1943 17791 23130
23130 1943 17791
17791 1943 23130
14372 13652 17327
13652 14372 17327
17327 13652 14372
16823 6682 26864
26864 6682 16823
6682 16823 26864
28925 17355 27418
27418 17355 28925
17355 27418 28925
8681 17143 21765
21765 8681 17143
17143 8681 21765
7380 18929 27453
18929 7380 27453
27453 7380 18929
13702 3041 3185
3041 3185 13702
3185 3041 13702
10284 25411 27495
25411 10284 27495
27495 10284 25411
28190 6407 18807
6407 18807 28190
18807 6407 28190
11741 325 3773
3773 325 11741
325 3773 11741
22104 3156 17812
17812 3156 22104
3156 17812 22104
21509 6623 25907
25907 6623 21509
6623 21509 25907
28635 3922 20847
3922 20847 28635
20847 3922 28635
27350 22103 27734
22103 27350 27734
27734 22103 27350
875 15852 16212
15852 875 16212
16212 875 15852
10595 3148 11856
11856 3148 10595
3148 10595 11856
9646 23752 28080
23752 9646 28080
28080 9646 23752
14252 27704 29306
29306 14252 27704
27704 14252 29306
21501 13340 14325
14325 13340 21501
13340 14325 21501
3519 27226 29743
27226 3519 29743
29743 3519 27226
15296 7712 29739
29739 7712 15296
7712 15296 29739
10865 9268 14435
9268 10865 14435
14435 9268 10865
14311 6137 17980
6137 14311 17980
17980 6137 14311
14431 267 26812
26812 267 14431
267 14431 26812
8747 302 14486
302 8747 14486
14486 302 8747
5594 18978 22280
22280 5594 18978
18978 5594 22280
9960 14121 25912
25912 9960 14121
14121 9960 25912
23017 10613 20820
20820 10613 23017
10613 20820 23017
759 3919 22271
22271 759 3919
3919 759 22271
20757 23614 25625
25625 20757 23614
23614 20757 25625
633 9132 23698
9132 633 23698
23698 633 9132
29720 56 25855
25855 56 29720
56 25855 29720
20623 8707 24535
24535 8707 20623
8707 20623 24535
26350 6094 29569
6094 26350 29569
29569 6094 26350
13843 17934 26068
17934 13843 26068
26068 13843 17934
3304 7617 17832
17832 3304 7617
7617 3304 17832
14163 20570 27345
27345 14163 20570
20570 14163 27345
966 4699 11083
11083 966 4699
4699 966 11083
17145 15873 23315
15873 17145 23315
23315 15873 17145
9599 5039 9979
5039 9599 9979
9979 5039 9599
22053 4654 11968
11968 4654 22053
4654 11968 22053
13120 17984 27537
17984 13120 27537
27537 13120 17984
25554 18409 20344
18409 20344 25554
20344 18409 25554
3724 11028 25896
11028 3724 25896
25896 3724 11028
22045 490 12285
490 12285 22045
12285 490 22045
6555 5305 21397
21397 5305 6555
5305 6555 21397
29627 17300 20535
20535 17300 29627
17300 20535 29627
23944 5793 6688
6688 5793 23944
5793 6688 23944
16999 15643 20985
15643 16999 20985
20985 15643 16999
21443 7896 14894
14894 7896 21443
7896 14894 21443
20789 4541 7411
4541 7411 20789
7411 4541 20789
5624 11065 28753
28753 5624 11065
11065 5624 28753
2612 14134 16806
16806 2612 14134
14134 2612 16806
16163 4817 20603
20603 4817 16163
4817 16163 20603
17082 21913 28315
28315 17082 21913
21913 17082 28315
27637 21533 28198
21533 27637 28198
28198 21533 27637
13784 5097 17476
5097 13784 17476
17476 5097 13784
19785 2386 28377
2386 19785 28377
28377 2386 19785
29228 3728 10673
10673 3728 29228
3728 10673 29228
15858 18878 26070
18878 15858 26070
26070 15858 18878
13426 6288 24061
6288 13426 24061
24061 6288 13426
11758 15743 18524
18524 11758 15743
15743 11758 18524
27130 22462 23168
23168 22462 27130
22462 23168 27130
15316 10802 20085
10802 15316 20085
20085 10802 15316
19319 21223 26181
21223 19319 26181
26181 19319 21223
28832 10390 16281
10390 16281 28832
16281 10390 28832
28990 1824 25663
1824 25663 28990
25663 1824 28990
29061 7261 18067
18067 7261 29061
7261 18067 29061
29225 20550 29812
20550 29225 29812
29812 20550 29225
26722 5396 18596
5396 18596 26722
18596 5396 26722
26374 2331 13480
2331 13480 26374
13480 2331 26374
13691 1663 12167
12167 1663 13691
1663 12167 13691
24038 19978 21388
21388 19978 24038
19978 21388 24038
25995 12309 15051
12309 15051 25995
15051 12309 25995
25806 313 4476
313 4476 25806
4476 313 25806
23803 2688 12155
12155 2688 23803
2688 12155 23803
6471 237 13550
13550 237 6471
237 6471 13550
23005 22827 27529
22827 23005 27529
27529 22827 23005
10861 1879 28108
1879 10861 28108
28108 1879 10861
28172 10946 15097
10946 15097 28172
15097 10946 28172
26750 3992 13333
3992 13333 26750
13333 3992 26750
25706 462 17316
462 17316 25706
17316 462 25706
19744 17234 28694
28694 17234 19744
17234 19744 28694
6181 2368 2987
2368 2987 6181
2987 2368 6181
17573 12007 12259
12259 12007 17573
12007 12259 17573
12930 16704 20145
16704 12930 20145
20145 12930 16704
23149 10427 25665
25665 10427 23149
10427 23149 25665
17202 6777 23350
6777 17202 23350
23350 6777 17202
24839 3462 9736
3462 9736 24839
9736 3462 24839
5337 22218 25068
22218 5337 25068
25068 5337 22218
4597 10272 15714
10272 4597 15714
15714 4597 10272
6450 24200 27507
27507 6450 24200
24200 6450 27507
12361 6405 13851
13851 6405 12361
6405 12361 13851
18436 2918 15242
15242 2918 18436
2918 15242 18436
6173 1178 14988
1178 6173 14988
14988 1178 6173
29284 25842 29853
29853 25842 29284
25842 29284 29853
26133 10290 24468
24468 10290 26133
10290 24468 26133
8502 1136 24078
1136 8502 24078
24078 1136 8502
1530 19489 24400
19489 1530 24400
24400 1530 19489
11100 5382 22608
5382 11100 22608
22608 5382 11100
12392 1596 9604
9604 1596 12392
1596 9604 12392
1199 4477 5676
4477 1199 5676
5676 1199 4477
20588 7035 11766
11766 7035 20588
7035 11766 20588
9728 25447 26298
26298 9728 25447
25447 9728 26298
18746 6178 24870
24870 6178 18746
6178 18746 24870
7819 25940 28506
25940 7819 28506
28506 7819 25940
9071 9026 17159
9026 9071 17159
17159 9026 9071
29163 1042 23211
1042 23211 29163
23211 1042 29163
24431 2452 6254
6254 2452 24431
2452 6254 24431
5565 2034 3477
3477 2034 5565
2034 3477 5565
17366 1810 16331
16331 1810 17366
1810 16331 17366
27986 2635 12256
2635 12256 27986
12256 2635 27986
12253 24012 24261
24261 12253 24012
24012 12253 24261
23007 15122 16395
15122 16395 23007
16395 15122 23007
12582 20655 27878
20655 12582 27878
27878 12582 20655
23928 20717 22185
20717 22185 23928
22185 20717 23928
28725 11403 15292
15292 11403 28725
11403 15292 28725
23663 3770 12823
