263 28 138
138 28 263
28 138 263
151 108 143
108 143 151
143 108 151
188 79 231
79 188 231
231 79 188
230 41 82
41 82 230
82 41 230
37 72 81
72 37 81
81 37 72
186 1 243
1 186 243
243 1 186
56 55 214
55 56 214
214 55 56
252 114 239
114 239 252
239 114 252
129 162 175
162 129 175
175 129 162
174 95 281
95 174 281
281 95 174
200 42 154
154 42 200
42 154 200
65 54 269
54 65 269
269 54 65
102 10 51
51 10 102
10 51 102
158 74 223
74 158 223
223 74 158
180 45 48
48 45 180
45 48 180
248 135 198
198 135 248
135 198 248
279 24 258
24 258 279
258 24 279
245 98 295
295 98 245
98 245 295
146 60 86
60 86 146
86 60 146
70 18 52
52 18 70
18 52 70
43 119 206
206 43 119
119 43 206
229 15 232
15 229 232
232 15 229
173 77 109
77 109 173
109 77 173
291 84 207
84 207 291
207 84 291
69 73 123
73 69 123
123 69 73
274 99 238
238 99 274
99 238 274
226 241 260
241 226 260
260 226 241
132 199 253
253 132 199
199 132 253
16 91 184
91 16 184
184 16 91
187 59 282
282 59 187
59 187 282
136 87 268
268 87 136
87 136 268
272 209 273
273 209 272
209 272 273
216 80 163
80 163 216
163 80 216
85 189 203
189 85 203
203 85 189
34 115 257
115 34 257
257 34 115
125 127 149
127 125 149
149 125 127
190 201 218
218 190 201
201 190 218
262 94 166
166 94 262
94 166 262
240 116 217
217 116 240
116 217 240
165 71 167
167 71 165
71 165 167
142 204 265
204 142 265
265 142 204
294 64 164
164 64 294
64 164 294
177 8 93
93 8 177
8 93 177
197 134 284
284 134 197
134 197 284
211 19 161
161 19 211
19 161 211
139 179 270
179 139 270
270 139 179
120 182 246
246 120 182
182 120 246
156 40 212
212 40 156
40 156 212
285 35 103
35 103 285
103 35 285
30 101 122
122 30 101
101 30 122
111 27 254
254 27 111
27 111 254
251 11 105
105 11 251
11 105 251
290 13 221
221 13 290
13 221 290
237 117 215
117 215 237
215 117 237
293 50 121
121 50 293
50 121 293
3 20 296
296 3 20
20 3 296
275 261 299
299 261 275
261 275 299
205 31 97
31 97 205
97 31 205
36 4 62
62 4 36
4 36 62
159 49 266
49 159 266
266 49 159
249 22 147
147 22 249
22 147 249
23 255 276
255 23 276
276 23 255
172 61 292
292 61 172
61 172 292
100 33 53
33 53 100
53 33 100
144 148 213
148 144 213
213 144 148
66 128 250
250 66 128
128 66 250
178 176 298
176 178 298
298 176 178
227 107 131
107 131 227
131 107 227
153 88 264
88 153 264
264 88 153
92 242 277
242 92 277
277 92 242
118 133 168
168 118 133
133 118 168
220 112 196
196 112 220
112 196 220
244 12 228
228 12 244
12 228 244
145 25 152
152 25 145
25 145 152
5 195 236
236 5 195
195 5 236
137 9 287
9 137 287
287 9 137
2 68 169
68 2 169
169 2 68
106 83 96
83 96 106
96 83 106
160 57 288
57 160 288
288 57 160
46 38 170
170 38 46
38 46 170
113 233 235
235 113 233
233 113 235
44 63 194
194 44 63
63 44 194
90 150 280
280 90 150
150 90 280
224 183 300
183 224 300
300 183 224
89 6 193
6 89 193
193 6 89
29 126 234
234 29 126
126 29 234
202 76 267
76 202 267
267 76 202
7 247 271
247 7 271
271 7 247
75 192 289
192 75 289
289 75 192
157 104 191
191 104 157
104 157 191
210 32 155
155 32 210
32 155 210
222 219 297
219 222 297
297 219 222
283 26 181
26 181 283
181 26 283
124 21 286
21 124 286
286 21 124
208 47 78
47 78 208
78 47 208
140 14 259
14 140 259
259 14 140
130 17 171
17 130 171
171 17 130
67 39 185
39 67 185
185 39 67
110 141 256
256 110 141
141 110 256
58 225 278
278 58 225
225 58 278
