1761 1077 2826
1077 1761 2826
2826 1077 1761
1323 170 2667
2667 170 1323
170 1323 2667
2389 1549 2531
1549 2389 2531
2531 1549 2389
1296 1944 2435
2435 1296 1944
1944 1296 2435
2412 491 1869
1869 491 2412
491 1869 2412
2605 918 1345
918 1345 2605
1345 918 2605
70 1727 2765
1727 70 2765
2765 70 1727
1978 1862 1909
1862 1909 1978
1909 1862 1978
1793 982 2496
982 1793 2496
2496 982 1793
1884 1433 2942
1433 1884 2942
2942 1433 1884
386 2233 2923
2923 386 2233
2233 386 2923
1591 123 2491
2491 123 1591
123 1591 2491
2203 1383 1742
1742 1383 2203
1383 1742 2203
2829 360 747
360 747 2829
747 360 2829
1703 277 636
636 277 1703
277 636 1703
223 320 1814
320 223 1814
1814 223 320
1937 721 2559
2559 721 1937
721 1937 2559
579 877 2586
877 579 2586
2586 579 877
996 2408 2467
2408 996 2467
2467 996 2408
1158 985 1962
1962 985 1158
985 1158 1962
2487 530 972
530 972 2487
972 530 2487
1930 779 2991
779 1930 2991
2991 779 1930
64 1071 1117
1117 64 1071
1071 64 1117
1953 2075 2887
2887 1953 2075
2075 1953 2887
1004 1222 1228
1222 1004 1228
1228 1004 1222
1461 1056 2221
2221 1056 1461
1056 1461 2221
1667 244 2576
244 1667 2576
2576 244 1667
1050 1500 2036
1500 1050 2036
2036 1050 1500
2186 1430 1853
1853 1430 2186
1430 1853 2186
1828 617 2504
2504 617 1828
617 1828 2504
2413 663 1281
663 1281 2413
1281 663 2413
183 1039 2969
1039 183 2969
2969 183 1039
2915 201 456
456 201 2915
201 456 2915
895 406 2837
2837 406 895
406 895 2837
2153 357 855
357 855 2153
855 357 2153
1488 812 2395
2395 812 1488
812 1488 2395
680 563 1089
1089 563 680
563 680 1089
778 1283 2494
1283 778 2494
2494 778 1283
1543 757 2893
2893 757 1543
757 1543 2893
2000 566 2767
2767 566 2000
566 2000 2767
2834 1280 1453
1453 1280 2834
1280 1453 2834
1211 298 735
735 298 1211
298 735 1211
1495 214 303
214 303 1495
303 214 1495
2434 977 1264
1264 977 2434
977 1264 2434
14 1136 2270
2270 14 1136
1136 14 2270
485 1358 2986
1358 485 2986
2986 485 1358
915 1423 1521
1423 915 1521
1521 915 1423
2020 52 1367
1367 52 2020
52 1367 2020
2938 789 1974
789 1974 2938
1974 789 2938
1842 319 1525
1525 319 1842
319 1525 1842
1057 1099 1203
1203 1057 1099
1099 1057 1203
447 391 613
391 447 613
613 391 447
229 191 2267
191 229 2267
2267 191 229
392 247 999
247 392 999
999 247 392
2704 1171 2125
2125 1171 2704
1171 2125 2704
292 23 2662
2662 23 292
23 292 2662
1053 457 1585
1585 457 1053
457 1053 1585
662 396 1054
396 662 1054
1054 396 662
12 469 2877
469 12 2877
2877 12 469
1185 1168 1483
1483 1168 1185
1168 1185 1483
99 1426 2828
1426 99 2828
2828 99 1426
811 178 898
898 178 811
178 811 898
1728 1308 1332
1308 1332 1728
1332 1308 1728
1610 552 1396
552 1396 1610
1396 552 1610
1542 175 1360
1360 175 1542
175 1360 1542
1763 253 2010
253 1763 2010
2010 253 1763
850 16 347
347 16 850
16 347 850
1254 739 2959
2959 739 1254
739 1254 2959
2 146 2059
146 2 2059
2059 2 146
1919 487 770
770 487 1919
487 770 1919
2213 1339 2629
2629 1339 2213
1339 2213 2629
1924 125 1874
125 1874 1924
1874 125 1924
774 669 922
669 774 922
922 669 774
1976 328 1877
1877 328 1976
328 1877 1976
444 1177 2650
2650 444 1177
1177 444 2650
2370 1792 2196
1792 2196 2370
2196 1792 2370
1045 1633 2197
2197 1045 1633
1633 1045 2197
2832 2211 2780
2780 2211 2832
2211 2780 2832
2144 335 1238
1238 335 2144
335 1238 2144
2802 307 2488
2488 307 2802
307 2488 2802
1903 882 966
882 966 1903
966 882 1903
1991 952 2332
2332 952 1991
952 1991 2332
2770 260 1340
1340 260 2770
260 1340 2770
1047 377 2965
377 1047 2965
2965 377 1047
571 2385 2442
2385 571 2442
2442 571 2385
2827 441 2590
2590 441 2827
441 2590 2827
113 2231 2690
2690 113 2231
2231 113 2690
2191 618 1984
1984 618 2191
618 1984 2191
752 639 2056
2056 639 752
639 752 2056
2334 1052 2363
2363 1052 2334
1052 2334 2363
2481 417 2813
417 2481 2813
2813 417 2481
1722 2519 2962
2962 1722 2519
2519 1722 2962
939 1496 2263
1496 939 2263
2263 939 1496
2163 1819 2631
1819 2163 2631
2631 1819 2163
2536 69 1535
1535 69 2536
69 1535 2536
2764 1854 1879
1879 1854 2764
1854 1879 2764
2649 333 1649
1649 333 2649
333 1649 2649
537 290 1980
1980 290 537
290 537 1980
734 358 2626
2626 358 734
358 734 2626
280 1491 2480
2480 280 1491
1491 280 2480
1102 2345 2369
2369 1102 2345
2345 1102 2369
883 853 2949
853 883 2949
2949 853 883
2493 884 1936
1936 884 2493
884 1936 2493
2124 715 1472
1472 715 2124
715 1472 2124
631 1707 2669
2669 631 1707
1707 631 2669
1800 1532 2241
1532 1800 2241
2241 1532 1800
2043 554 2185
2185 554 2043
554 2043 2185
2948 775 1135
775 1135 2948
1135 775 2948
1907 2291 2726
2291 1907 2726
2726 1907 2291
2985 268 835
268 835 2985
835 268 2985
1152 1233 1534
1534 1152 1233
1233 1152 1534
1891 1304 1882
1304 1882 1891
1882 1304 1891
1400 1290 2447
1290 1400 2447
2447 1290 1400
445 188 1655
188 445 1655
1655 188 445
1306 935 1989
1989 935 1306
935 1306 1989
1049 472 1888
472 1049 1888
1888 472 1049
2989 601 1301
1301 601 2989
601 1301 2989
1432 1416 2725
1416 1432 2725
2725 1416 1432
536 1003 1896
1003 536 1896
1896 536 1003
2264 1864 2509
1864 2264 2509
2509 1864 2264
2321 1157 2821
1157 2321 2821
2821 1157 2321
1926 1671 2621
2621 1671 1926
1671 1926 2621
100 2092 2612
2612 100 2092
2092 100 2612
2129 498 2029
498 2029 2129
2029 498 2129
2063 1017 1126
1126 1017 2063
1017 1126 2063
440 1945 2449
2449 440 1945
1945 440 2449
1271 919 2067
919 1271 2067
2067 919 1271
1697 767 1893
767 1697 1893
1893 767 1697
275 115 2715
115 275 2715
2715 115 275
2733 401 1319
1319 401 2733
401 1319 2733
60 511 689
511 60 689
689 60 511
526 1040 1665
1040 526 1665
1665 526 1040
2977 524 654
654 524 2977
524 654 2977
2867 499 1494
1494 499 2867
499 1494 2867
364 2240 2979
2240 364 2979
2979 364 2240
1470 836 1715
836 1470 1715
1715 836 1470
2427 832 2769
2769 832 2427
832 2427 2769
164 592 2391
2391 164 592
592 164 2391
2374 1242 2651
2651 1242 2374
1242 2374 2651
2138 1106 2768
1106 2138 2768
2768 1106 2138
804 643 1927
1927 643 804
643 804 1927
2106 535 766
535 766 2106
766 535 2106
353 452 1409
1409 353 452
452 353 1409
1090 796 1427
1427 796 1090
796 1090 1427
300 1712 1766
1766 300 1712
1712 300 1766
1142 432 1674
432 1142 1674
1674 432 1142
2127 1732 2158
1732 2127 2158
2158 1732 2127
2012 556 2830
556 2012 2830
2830 556 2012
2358 376 2171
2171 376 2358
376 2171 2358
1080 90 2177
2177 90 1080
90 1080 2177
1693 550 1751
1751 550 1693
550 1693 1751
2135 1452 1988
1452 1988 2135
1988 1452 2135
493 889 1573
1573 493 889
889 493 1573
2105 45 202
202 45 2105
45 202 2105
573 1305 2161
1305 573 2161
2161 573 1305
1645 374 1637
374 1637 1645
1637 374 1645
1392 541 2077
541 1392 2077
2077 541 1392
947 538 2103
2103 538 947
538 947 2103
888 1173 1395
1395 888 1173
1173 888 1395
1490 2080 2902
2902 1490 2080
2080 1490 2902
2936 1448 1564
1564 1448 2936
1448 1564 2936
1958 1311 1709
1311 1709 1958
1709 1311 1958
961 1324 1362
1362 961 1324
1324 961 1362
921 1608 2790
2790 921 1608
1608 921 2790
2539 2405 2433
2433 2405 2539
2405 2433 2539
1419 2761 2825
2825 1419 2761
2761 1419 2825
1906 2212 2323
2212 1906 2323
2323 1906 2212
120 901 2908
2908 120 901
901 120 2908
1111 1034 1563
1034 1111 1563
1563 1034 1111
1852 464 2081
2081 464 1852
464 1852 2081
1240 141 2778
141 1240 2778
2778 141 1240
484 431 1885
1885 431 484
431 484 1885
2422 638 1505
638 1505 2422
1505 638 2422
1809 809 2971
2971 809 1809
809 1809 2971
2112 518 1355
1355 518 2112
518 1355 2112
2256 231 1510
231 1510 2256
1510 231 2256
2099 167 2930
167 2099 2930
2930 167 2099
2508 1641 2809
1641 2508 2809
2809 1641 2508
2338 1497 2897
1497 2338 2897
2897 1497 2338
421 837 2566
2566 421 837
837 421 2566
2492 270 2414
270 2414 2492
2414 270 2492
2418 334 708
334 708 2418
708 334 2418
2146 529 2503
529 2146 2503
2503 529 2146
1145 2460 2633
2633 1145 2460
2460 1145 2633
249 763 2757
763 249 2757
2757 249 763
1803 110 1894
110 1803 1894
1894 110 1803
1621 361 2598
361 1621 2598
2598 361 1621
2886 2368 2754
2368 2754 2886
2754 2368 2886
2928 1933 2595
2595 1933 2928
1933 2595 2928
867 1739 2032
1739 867 2032
2032 867 1739
1605 252 2524
252 1605 2524
2524 252 1605
243 1349 2100
1349 243 2100
2100 243 1349
404 627 2273
627 404 2273
2273 404 627
195 1660 2388
1660 195 2388
2388 195 1660
2448 1257 2772
2772 1257 2448
1257 2448 2772
1664 842 2462
842 1664 2462
2462 842 1664
2708 481 2286
481 2286 2708
2286 481 2708
1109 1259 1538
1538 1109 1259
1259 1109 1538
2343 513 861
513 861 2343
861 513 2343
500 1351 1831
1351 500 1831
1831 500 1351
2518 2510 2637
2637 2510 2518
2510 2518 2637
2748 2611 2939
2611 2748 2939
2939 2611 2748
309 515 1730
515 309 1730
1730 309 515
2501 912 2581
2581 912 2501
912 2501 2581
1789 132 2253
132 1789 2253
2253 132 1789
2974 821 1684
821 1684 2974
1684 821 2974
1764 147 1263
1263 147 1764
147 1263 1764
1471 76 714
714 76 1471
76 714 1471
1321 2500 2728
2728 1321 2500
2500 1321 2728
1592 104 648
648 104 1592
104 648 1592
2616 623 1036
1036 623 2616
623 1036 2616
1405 1951 2502
2502 1405 1951
1951 1405 2502
1459 864 2122
864 1459 2122
2122 864 1459
193 114 2987
2987 114 193
114 193 2987
2794 540 542
542 540 2794
540 542 2794
2121 705 2289
2289 705 2121
705 2121 2289
2344 2692 2947
2692 2344 2947
2947 2344 2692
2563 225 1912
225 1912 2563
1912 225 2563
865 1518 1735
1735 865 1518
1518 865 1735
436 857 1379
1379 436 857
857 436 1379
1576 1428 2176
2176 1428 1576
1428 1576 2176
1162 2083 2278
2083 1162 2278
2278 1162 2083
1397 679 2632
2632 679 1397
679 1397 2632
1122 142 660
660 142 1122
142 660 1122
263 399 933
933 263 399
399 263 933
163 1030 2818
2818 163 1030
1030 163 2818
2735 2041 2319
2319 2041 2735
2041 2319 2735
1781 1412 2317
2317 1412 1781
1412 1781 2317
206 1858 1925
1858 206 1925
1925 206 1858
2095 238 2750
238 2095 2750
2750 238 2095
1285 629 2378
629 1285 2378
2378 629 1285
1914 801 2322
2322 801 1914
801 1914 2322
698 960 1520
960 698 1520
1520 698 960
2039 1560 2520
2520 1560 2039
1560 2039 2520
822 1338 2404
1338 822 2404
2404 822 1338
1153 1414 2042
2042 1153 1414
1414 1153 2042
1078 217 1796
217 1078 1796
1796 217 1078
2150 1775 2030
1775 2030 2150
2030 1775 2150
2685 95 628
95 628 2685
628 95 2685
1531 1652 2126
2126 1531 1652
1652 1531 2126
1064 578 1209
1209 578 1064
578 1064 1209
2134 1910 2888
1910 2134 2888
2888 1910 2134
1806 1200 1465
1465 1200 1806
1200 1465 1806
521 702 1843
1843 521 702
702 521 1843
1024 489 993
993 489 1024
489 993 1024
2533 1794 2514
1794 2514 2533
2514 1794 2533
1018 118 1720
118 1018 1720
1720 118 1018
2040 25 1571
1571 25 2040
25 1571 2040
342 1429 2528
1429 342 2528
2528 342 1429
2199 1359 1508
1508 1359 2199
1359 1508 2199
787 368 1726
368 787 1726
1726 368 787
2723 301 572
301 572 2723
572 301 2723
63 2309 2720
2309 63 2720
2720 63 2309
1581 568 823
823 568 1581
568 823 1581
1676 73 2200
2200 73 1676
73 1676 2200
2303 1069 2644
1069 2303 2644
2644 1069 2303
78 1638 2572
1638 78 2572
2572 78 1638
1026 57 2749
2749 57 1026
57 1026 2749
1051 405 2034
405 1051 2034
2034 405 1051
2785 1368 2471
2471 1368 2785
1368 2471 2785
2538 1802 2603
2603 1802 2538
1802 2538 2603
2674 80 2967
2967 80 2674
80 2674 2967
3 598 642
598 3 642
642 3 598
1431 1851 2399
1851 1431 2399
2399 1431 1851
157 565 1524
1524 157 565
565 157 1524
1098 2525 2710
2525 1098 2710
2710 1098 2525
716 2458 2683
2683 716 2458
2458 716 2683
2445 1249 1956
1956 1249 2445
1249 1956 2445
2376 367 2899
2899 367 2376
367 2376 2899
2719 291 2647
291 2647 2719
2647 291 2719
325 583 1516
583 325 1516
1516 325 583
494 605 2695
2695 494 605
605 494 2695
989 311 2866
2866 311 989
311 989 2866
1149 1295 2463
2463 1149 1295
1295 1149 2463
2219 839 1661
839 1661 2219
1661 839 2219
504 1451 2795
1451 504 2795
2795 504 1451
219 267 1425
267 219 1425
1425 219 267
2729 558 1110
1110 558 2729
558 1110 2729
2787 1390 1467
1467 1390 2787
1390 1467 2787
1753 5 1058
1058 5 1753
5 1058 1753
1326 1216 2845
2845 1216 1326
1216 1326 2845
2575 1443 1654
1443 1654 2575
1654 1443 2575
77 1167 2600
2600 77 1167
1167 77 2600
1548 1006 2666
1006 1548 2666
2666 1006 1548
831 336 1580
1580 336 831
336 831 1580
435 2244 2857
2244 435 2857
2857 435 2244
2744 8 2251
8 2251 2744
2251 8 2744
651 624 2585
624 651 2585
2585 624 651
414 685 1719
685 414 1719
1719 414 685
781 1787 2257
2257 781 1787
1787 781 2257
2980 81 2299
2299 81 2980
81 2299 2980
2461 1714 2437
2437 1714 2461
1714 2437 2461
1029 1963 2411
1963 1029 2411
2411 1029 1963
448 1881 2999
1881 448 2999
2999 448 1881
2876 1561 1942
1561 1942 2876
1942 1561 2876
1830 873 2601
873 1830 2601
2601 873 1830
1286 967 1873
1873 967 1286
967 1286 1873
136 1023 1938
1023 136 1938
1938 136 1023
2606 1904 2532
2532 1904 2606
1904 2532 2606
814 559 1065
559 814 1065
1065 559 814
1588 1252 2597
1252 1588 2597
2597 1252 1588
2188 1370 2475
2475 1370 2188
1370 2188 2475
2570 1085 2921
2921 1085 2570
1085 2570 2921
2840 986 2860
2860 986 2840
986 2840 2860
2567 256 1759
1759 256 2567
256 1759 2567
916 1344 1825
1344 916 1825
1825 916 1344
2362 415 2357
2357 415 2362
415 2357 2362
1629 1983 2407
2407 1629 1983
1983 1629 2407
2327 281 2145
281 2145 2327
2145 281 2327
2128 523 1115
523 1115 2128
1115 523 2128
911 150 1785
1785 150 911
150 911 1785
172 1784 2116
1784 172 2116
2116 172 1784
2970 1551 1836
1836 1551 2970
1551 1836 2970
1600 329 2474
329 1600 2474
2474 329 1600
1082 815 1489
815 1082 1489
1489 815 1082
2577 764 1188
764 1188 2577
1188 764 2577
55 876 2072
876 55 2072
2072 55 876
2147 473 2360
2360 473 2147
473 2147 2360
1232 124 1966
124 1232 1966
1966 124 1232
2206 507 1022
507 1022 2206
1022 507 2206
1210 904 1698
1698 904 1210
904 1210 1698
2051 1278 2133
1278 2051 2133
2133 1278 2051
1012 154 2657
154 1012 2657
2657 154 1012
187 160 517
160 187 517
517 160 187
2752 1282 2314
1282 2314 2752
2314 1282 2752
533 434 516
434 516 533
516 434 533
1350 581 1604
1604 581 1350
581 1350 1604
50 1736 2050
1736 50 2050
2050 50 1736
2544 849 1681
1681 849 2544
849 1681 2544
761 991 1262
1262 761 991
991 761 1262
641 129 1996
129 641 1996
1996 129 641
2771 1640 2839
1640 2771 2839
2839 1640 2771
2682 522 1971
522 1971 2682
1971 522 2682
2008 584 591
591 584 2008
584 591 2008
2366 1195 1411
1411 1195 2366
1195 1411 2366
2232 239 2397
239 2232 2397
2397 239 2232
870 589 1895
1895 589 870
589 870 1895
92 13 1424
13 92 1424
1424 13 92
1823 1352 2152
1352 1823 2152
2152 1352 1823
1287 2479 2763
2479 1287 2763
2763 1287 2479
134 133 1733
133 134 1733
1733 133 134
1708 121 940
940 121 1708
121 940 1708
561 762 1747
762 561 1747
1747 561 762
1473 845 2955
845 1473 2955
2955 845 1473
2110 370 1193
370 1193 2110
1193 370 2110
913 964 2459
2459 913 964
964 913 2459
2550 93 858
858 93 2550
93 858 2550
2498 760 1658
760 1658 2498
1658 760 2498
1463 852 1663
1663 852 1463
852 1463 1663
1274 647 2926
2926 647 1274
647 1274 2926
2522 2195 2352
2352 2195 2522
2195 2352 2522
2107 1393 1897
1393 1897 2107
1897 1393 2107
2192 287 2333
287 2192 2333
2333 287 2192
1273 286 2282
2282 286 1273
286 1273 2282
2953 354 800
800 354 2953
354 800 2953
2835 262 1517
1517 262 2835
262 1517 2835
261 390 673
673 261 390
390 261 673
2664 2060 2425
2060 2425 2664
2425 2060 2664
2151 2353 2630
2630 2151 2353
2353 2151 2630
1042 322 736
736 322 1042
322 736 1042
1342 846 2002
2002 846 1342
846 1342 2002
1850 1333 2227
2227 1333 1850
1333 1850 2227
2981 310 2811
310 2811 2981
2811 310 2981
547 885 1746
885 547 1746
1746 547 885
2556 181 1804
1804 181 2556
181 1804 2556
1166 1376 2812
2812 1166 1376
1376 1166 2812
1399 22 2276
2276 22 1399
22 1399 2276
2958 1544 1947
1544 1947 2958
1947 1544 2958
1348 1721 2982
2982 1348 1721
1721 1348 2982
614 2140 2305
2140 614 2305
2305 614 2140
2417 1381 1756
1756 1381 2417
1381 1756 2417
4 718 2619
718 4 2619
2619 4 718
1131 1557 2929
2929 1131 1557
1557 1131 2929
385 942 1866
1866 385 942
942 385 1866
1316 1514 2031
2031 1316 1514
1514 1316 2031
1731 1827 2220
2220 1731 1827
1827 1731 2220
1776 345 674
674 345 1776
345 674 1776
2337 2085 2732
2732 2085 2337
2085 2337 2732
575 460 2210
460 575 2210
2210 460 575
658 289 2149
2149 289 658
289 658 2149
220 2380 2401
2401 220 2380
2380 220 2401
40 1151 1738
1151 40 1738
1738 40 1151
604 924 1100
924 604 1100
1100 604 924
555 2777 2901
2901 555 2777
2777 555 2901
908 2346 2852
2346 908 2852
2852 908 2346
896 1777 2841
2841 896 1777
1777 896 2841
2179 1410 2268
2268 1410 2179
1410 2179 2268
671 230 461
461 230 671
230 461 671
2101 2485 2724
2485 2101 2724
2724 2101 2485
2836 595 2157
595 2157 2836
2157 595 2836
2934 159 312
312 159 2934
159 312 2934
2869 316 2584
2584 316 2869
316 2584 2869
1365 661 2756
2756 661 1365
661 1365 2756
20 2082 2932
2932 20 2082
2082 20 2932
2313 2745 2912
2745 2313 2912
2912 2313 2745
1717 2143 2428
2428 1717 2143
2143 1717 2428
2184 826 2736
826 2184 2736
2736 826 2184
2230 728 1515
728 1515 2230
1515 728 2230
2925 33 1343
33 1343 2925
1343 33 2925
1445 668 951
668 951 1445
951 668 1445
2073 341 875
341 875 2073
875 341 2073
1774 950 1186
950 1186 1774
1186 950 1774
1401 531 1260
1260 531 1401
531 1260 1401
1374 488 943
488 943 1374
943 488 1374
1021 759 2249
759 1021 2249
2249 759 1021
923 394 2247
394 923 2247
2247 394 923
726 1298 1309
1298 726 1309
1309 726 1298
2642 1032 1642
1032 1642 2642
1642 1032 2642
86 953 2089
953 86 2089
2089 86 953
203 2242 2885
2242 203 2885
2885 203 2242
199 900 1587
1587 199 900
900 199 1587
691 2377 2676
2377 691 2676
2676 691 2377
2900 304 1760
304 1760 2900
1760 304 2900
1196 1863 2283
1863 1196 2283
2283 1196 1863
840 941 1067
941 840 1067
1067 840 941
1791 725 2097
725 1791 2097
2097 725 1791
1322 2065 2079
2079 1322 2065
2065 1322 2079
2155 169 1790
169 1790 2155
1790 169 2155
379 587 2582
2582 379 587
587 379 2582
1389 1068 2424
2424 1068 1389
1068 1389 2424
1596 1197 1539
1539 1197 1596
1197 1539 1596
2739 2013 2658
2013 2658 2739
2658 2013 2739
422 1948 2207
1948 422 2207
2207 422 1948
927 743 937
743 927 937
937 743 927
1513 107 138
138 107 1513
107 138 1513
1421 1826 2167
1826 1421 2167
2167 1421 1826
1272 2316 2943
2316 1272 2943
2943 1272 2316
874 2093 2416
2416 874 2093
2093 874 2416
709 1614 2446
2446 709 1614
1614 709 2446
2963 1623 2653
1623 2653 2963
2653 1623 2963
2295 233 284
284 233 2295
233 284 2295
1420 906 2335
2335 906 1420
906 1420 2335
1523 2718 2960
2718 1523 2960
2960 1523 2718
54 1757 2968
1757 54 2968
2968 54 1757
2209 925 1550
1550 925 2209
925 1550 2209
2318 182 1341
182 1341 2318
1341 182 2318
525 420 737
737 420 525
420 525 737
190 1288 1415
1415 190 1288
1288 190 1415
462 720 2454
720 462 2454
2454 462 720
2822 754 1670
754 1670 2822
1670 754 2822
1503 2641 2730
2641 1503 2730
2730 1503 2641
905 1093 2014
2014 905 1093
1093 905 2014
1745 2139 2489
2489 1745 2139
2139 1745 2489
506 545 848
848 506 545
545 506 848
2035 326 2108
326 2035 2108
2108 326 2035
863 2711 2905
2711 863 2905
2905 863 2711
1258 58 2592
58 1258 2592
2592 58 1258
710 162 692
692 162 710
162 692 710
1127 1981 2117
2117 1127 1981
1981 1127 2117
659 1507 1773
1507 659 1773
1773 659 1507
2935 109 1331
109 1331 2935
1331 109 2935
1555 232 2517
232 1555 2517
2517 232 1555
363 508 1636
508 363 1636
1636 363 508
2640 186 1175
186 1175 2640
1175 186 2640
2396 827 2713
2713 827 2396
827 2396 2713
1593 356 909
909 356 1593
356 909 1593
2222 1782 2639
2639 1782 2222
1782 2222 2639
2096 1710 2652
1710 2096 2652
2652 1710 2096
1123 83 315
315 83 1123
83 315 1123
2693 2620 2998
2620 2693 2998
2998 2620 2693
793 1808 2534
1808 793 2534
2534 793 1808
2058 294 1469
294 1469 2058
1469 294 2058
106 1765 2709
2709 106 1765
1765 106 2709
1241 1020 1236
1020 1236 1241
1236 1020 1241
2490 1307 2973
1307 2490 2973
2973 1307 2490
2137 619 2214
2214 619 2137
619 2137 2214
1015 1635 2618
2618 1015 1635
1635 1015 2618
1129 1276 1546
1546 1129 1276
1276 1129 1546
348 39 429
429 39 348
39 348 429
1849 1297 2280
1297 1849 2280
2280 1297 1849
828 928 2047
2047 828 928
928 828 2047
2348 1070 1779
1779 1070 2348
1070 1779 2348
745 48 2329
2329 48 745
48 745 2329
116 2022 2472
2022 116 2472
2472 116 2022
963 228 1939
228 963 1939
1939 228 963
2944 732 2665
732 2665 2944
2665 732 2944
2255 2354 2515
2354 2255 2515
2515 2255 2354
2931 958 1898
1898 958 2931
958 1898 2931
2593 1212 1509
1212 1509 2593
1509 1212 2593
2078 153 1086
1086 153 2078
153 1086 2078
2540 1899 2027
1899 2027 2540
2027 1899 2540
2541 1920 1935
1935 1920 2541
1920 1935 2541
2204 600 1954
1954 600 2204
600 1954 2204
1482 378 585
378 585 1482
585 378 1482
2846 588 2587
2587 588 2846
588 2587 2846
1207 1128 2088
1128 1207 2088
2088 1128 1207
2699 455 606
606 455 2699
455 606 2699
1522 1475 1901
1901 1475 1522
1475 1522 1901
1618 687 1481
687 1481 1618
1481 687 1618
46 87 741
741 46 87
87 46 741
2673 973 2478
973 2478 2673
2478 973 2673
1456 255 483
255 483 1456
483 255 1456
1768 450 788
450 788 1768
788 450 1768
2252 416 2325
416 2252 2325
2325 416 2252
1620 492 2438
492 1620 2438
2438 492 1620
2898 2400 2895
2895 2400 2898
2400 2895 2898
400 2239 2431
2431 400 2239
2239 400 2431
1651 1847 1876
1847 1651 1876
1876 1651 1847
2865 1184 2456
1184 2456 2865
2456 1184 2865
527 1805 2624
2624 527 1805
1805 527 2624
1172 1347 1484
1347 1172 1484
1484 1172 1347
245 1964 2568
1964 245 2568
2568 245 1964
2599 423 2542
2542 423 2599
423 2542 2599
216 373 381
381 216 373
373 216 381
2698 1536 2810
1536 2698 2810
2810 1536 2698
2287 1639 1752
1639 1752 2287
1752 1639 2287
1132 938 1630
1630 938 1132
938 1132 1630
2419 670 1101
1101 670 2419
670 1101 2419
1574 932 2181
2181 932 1574
932 1574 2181
2064 122 1460
122 1460 2064
1460 122 2064
1076 119 2225
119 1076 2225
2225 119 1076
502 634 694
634 502 694
694 502 634
2868 1155 2549
1155 2549 2868
2549 1155 2868
2436 902 1801
902 1801 2436
1801 902 2436
2952 1923 2164
2164 1923 2952
1923 2164 2952
171 1270 2858
2858 171 1270
1270 171 2858
1320 1377 2406
2406 1320 1377
1377 1320 2406
2521 1087 1711
1711 1087 2521
1087 1711 2521
1880 1528 2069
1528 1880 2069
2069 1528 1880
1692 1187 2560
1187 1692 2560
2560 1187 1692
1724 177 570
570 177 1724
177 570 1724
1335 2351 2798
2798 1335 2351
2351 1335 2798
1164 1541 2007
1541 1164 2007
2007 1164 1541
1530 258 2904
258 1530 2904
2904 258 1530
71 704 2266
704 71 2266
2266 71 704
1568 295 1666
295 1568 1666
1666 295 1568
2635 41 1870
1870 41 2635
41 1870 2635
126 956 1179
956 126 1179
1179 126 956
2613 1952 2298
1952 2298 2613
2298 1952 2613
1856 1000 2455
2455 1000 1856
1000 1856 2455
650 339 894
894 339 650
339 650 894
302 2553 2964
2553 302 2964
2964 302 2553
630 1822 2229
2229 630 1822
1822 630 2229
259 1890 2807
1890 259 2807
2807 259 1890
144 2068 2330
2068 144 2330
2330 144 2068
1250 2628 3000
3000 1250 2628
2628 1250 3000
1181 551 1662
1662 551 1181
551 1181 1662
1251 1243 2648
2648 1243 1251
1243 1251 2648
2402 1007 2978
2978 1007 2402
1007 2402 2978
891 2187 2861
2861 891 2187
2187 891 2861
620 1477 2801
2801 620 1477
1477 620 2801
359 690 907
690 359 907
907 359 690
2205 681 1700
681 1700 2205
1700 681 2205
2246 278 490
278 490 2246
490 278 2246
1013 131 380
380 131 1013
131 380 1013
143 321 1205
321 143 1205
1205 143 321
557 833 2564
833 557 2564
2564 557 833
2308 2046 2392
2392 2046 2308
2046 2308 2392
1921 622 1625
1625 622 1921
622 1625 1921
2916 945 2804
945 2804 2916
2804 945 2916
1855 213 791
791 213 1855
213 791 1855
1163 1795 2174
1795 1163 2174
2174 1163 1795
2849 1972 2617
1972 2617 2849
2617 1972 2849
1865 17 433
433 17 1865
17 433 1865
1244 1014 1444
1444 1014 1244
1014 1244 1444
2686 1758 1857
1857 1758 2686
1758 1857 2686
1487 2580 2714
2714 1487 2580
2580 1487 2714
1291 899 1227
899 1227 1291
1227 899 1291
1407 1384 2940
1384 1407 2940
2940 1384 1407
1398 1356 1772
1772 1356 1398
1356 1398 1772
2703 135 2109
135 2109 2703
2109 135 2703
1985 599 2288
599 1985 2288
2288 599 1985
2694 744 1931
744 1931 2694
1931 744 2694
2747 1357 1669
1357 1669 2747
1669 1357 2747
2084 567 2015
2015 567 2084
567 2015 2084
2954 2038 2610
2610 2038 2954
2038 2610 2954
1092 323 2594
323 1092 2594
2594 323 1092
2894 2148 2800
2148 2800 2894
2800 2148 2894
49 470 646
646 49 470
470 49 646
890 235 2872
2872 235 890
235 890 2872
1239 1788 2561
1788 1239 2561
2561 1239 1788
2512 539 1770
539 1770 2512
1770 539 2512
2277 88 1403
1403 88 2277
88 1403 2277
1611 108 198
198 108 1611
108 198 1611
2870 1156 2646
1156 2646 2870
2646 1156 2870
212 1268 2328
2328 212 1268
1268 212 2328
1908 866 1995
1995 866 1908
866 1908 1995
97 205 723
205 97 723
723 97 205
1917 2094 2297
2094 1917 2297
2297 1917 2094
2889 959 2854
959 2854 2889
2854 959 2889
1450 11 2061
11 1450 2061
2061 11 1450
1498 1213 2208
1213 1498 2208
2208 1213 1498
2993 24 463
24 463 2993
463 24 2993
1734 2160 2228
2228 1734 2160
2160 1734 2228
794 562 2336
2336 562 794
562 794 2336
1001 729 903
729 903 1001
903 729 1001
2025 1437 1656
1437 1656 2025
1656 1437 2025
2911 384 428
384 428 2911
428 384 2911
2602 66 2608
66 2602 2608
2608 66 2602
2384 871 1378
871 1378 2384
1378 871 2384
2439 1716 2670
2670 1716 2439
1716 2439 2670
1934 1811 2054
1811 1934 2054
2054 1811 1934
1486 1435 1657
1435 1486 1657
1657 1435 1486
1501 340 962
340 962 1501
962 340 1501
717 15 27
27 15 717
15 27 717
1440 1124 1943
1943 1124 1440
1124 1440 1943
196 1957 2937
1957 196 2937
2937 196 1957
30 1813 2919
2919 30 1813
1813 30 2919
2285 603 2226
2226 603 2285
603 2226 2285
1202 1584 2530
2530 1202 1584
1584 1202 2530
655 1310 2513
2513 655 1310
1310 655 2513
1198 496 652
496 652 1198
652 496 1198
103 657 2702
657 103 2702
2702 103 657
2552 946 1028
1028 946 2552
946 1028 2552
544 1578 2507
1578 544 2507
2507 544 1578
397 2237 2717
2237 397 2717
2717 397 2237
2558 128 2712
2712 128 2558
128 2558 2712
1037 1612 2349
1612 1037 2349
2349 1037 1612
2976 676 1816
676 1816 2976
1816 676 2976
53 449 1997
1997 53 449
449 53 1997
2615 1818 2341
1818 2341 2615
2341 1818 2615
1279 79 1615
79 1279 1615
1615 79 1279
2301 1329 2023
1329 2023 2301
2023 1329 2301
1334 306 2805
306 1334 2805
2805 306 1334
2607 283 574
283 574 2607
574 283 2607
2055 608 1422
1422 608 2055
608 1422 2055
2671 1294 2716
2716 1294 2671
1294 2671 2716
1905 1044 1261
1261 1044 1905
1044 1261 1905
1402 724 1059
1059 724 1402
724 1059 1402
1204 1839 2120
1839 1204 2120
2120 1204 1839
2660 1547 1950
1547 1950 2660
1950 1547 2660
2258 1266 2011
2011 1266 2258
1266 2011 2258
2087 997 1798
997 1798 2087
1798 997 2087
2806 1133 1226
1133 1226 2806
1226 1133 2806
2766 593 1750
593 1750 2766
1750 593 2766
1969 847 1994
847 1969 1994
1994 847 1969
2347 792 2848
2848 792 2347
792 2347 2848
948 272 2878
272 948 2878
2878 272 948
609 1701 2202
1701 609 2202
2202 609 1701
2696 1011 1235
1235 1011 2696
1011 1235 2696
1275 969 1140
969 1140 1275
1140 969 1275
1144 824 1154
1154 824 1144
824 1144 1154
2994 990 2831
990 2831 2994
2831 990 2994
2779 194 236
194 236 2779
236 194 2779
2661 1220 1388
1220 1388 2661
1388 1220 2661
512 1230 2874
1230 512 2874
2874 512 1230
771 467 1678
1678 467 771
467 771 1678
2178 2734 2896
2896 2178 2734
2734 2178 2896
984 398 1096
398 984 1096
1096 398 984
2850 713 1234
1234 713 2850
713 1234 2850
2799 1447 1474
1474 1447 2799
1447 1474 2799
105 1084 2443
2443 105 1084
1084 105 2443
2275 1689 1699
1689 1699 2275
1699 1689 2275
2201 1872 2250
2250 1872 2201
1872 2201 2250
1999 112 180
180 112 1999
112 180 1999
19 1492 2198
2198 19 1492
1492 19 2198
2793 215 1741
215 1741 2793
1741 215 2793
2375 1527 1594
1527 1594 2375
1594 1527 2375
975 209 2741
209 975 2741
2741 209 975
1913 2383 2470
2470 1913 2383
2383 1913 2470
2922 288 2755
2755 288 2922
288 2755 2922
454 1479 2786
2786 454 1479
1479 454 2786
2130 62 1485
62 1485 2130
1485 62 2130
372 409 1189
1189 372 409
409 372 1189
769 2173 2452
2452 769 2173
2173 769 2452
2957 665 1900
1900 665 2957
665 1900 2957
221 2033 2555
2555 221 2033
2033 221 2555
2482 1583 2554
1583 2482 2554
2554 1583 2482
706 594 2115
594 706 2115
2115 594 706
2162 1372 1915
1372 1915 2162
1915 1372 2162
1833 152 1725
152 1725 1833
1725 152 1833
2956 719 1302
1302 719 2956
719 1302 2956
1846 1231 1959
1959 1231 1846
1231 1846 1959
621 971 2890
971 621 2890
2890 621 971
2684 1887 2190
1887 2190 2684
2190 1887 2684
127 780 2565
2565 127 780
780 127 2565
1246 632 2165
2165 632 1246
632 1246 2165
501 987 2410
987 501 2410
2410 501 987
2018 1313 1328
1328 1313 2018
1313 1328 2018
10 1245 1878
1245 10 1878
1878 10 1245
1159 26 785
26 785 1159
785 26 1159
2238 34 2021
34 2021 2238
2021 34 2238
2342 1627 1844
1844 1627 2342
1627 1844 2342
2788 1218 1565
1218 1565 2788
1565 1218 2788
830 475 2573
2573 475 830
475 830 2573
2681 474 2951
474 2681 2951
2951 474 2681
1105 276 2758
2758 276 1105
276 1105 2758
825 856 2622
856 825 2622
2622 825 856
934 1097 1418
1097 934 1418
1418 934 1097
1120 375 1694
375 1120 1694
1694 375 1120
582 880 1685
1685 582 880
880 582 1685
2429 497 750
497 750 2429
750 497 2429
2074 2350 2386
2350 2074 2386
2386 2074 2350
1597 1606 1783
1783 1597 1606
1606 1597 1783
241 465 2740
2740 241 465
465 241 2740
1778 412 1744
412 1744 1778
1744 412 1778
2842 576 970
970 576 2842
576 970 2842
2774 817 1330
1330 817 2774
817 1330 2774
954 1861 2927
1861 954 2927
2927 954 1861
1672 749 1371
749 1371 1672
1371 749 1672
1380 145 161
145 161 1380
161 145 1380
2296 218 2315
2315 218 2296
218 2296 2315
1315 327 616
327 616 1315
616 327 1315
1364 695 1353
695 1353 1364
1353 695 1364
2783 251 2166
2166 251 2783
251 2166 2783
139 388 2156
388 139 2156
2156 139 388
548 149 274
149 274 548
274 149 548
1680 596 2574
2574 596 1680
596 1680 2574
1438 1457 2722
1457 1438 2722
2722 1438 1457
324 72 2473
2473 72 324
72 324 2473
2881 751 805
751 805 2881
805 751 2881
158 2071 2311
2071 158 2311
2311 158 2071
783 1005 2545
2545 783 1005
1005 783 2545
1464 597 2340
2340 597 1464
597 1464 2340
2066 859 2111
859 2066 2111
2111 859 2066
1875 635 2398
635 1875 2398
2398 635 1875
1986 1634 2596
2596 1634 1986
1634 1986 2596
168 1255 2792
1255 168 2792
2792 168 1255
753 74 2326
74 753 2326
2326 74 753
2879 810 2983
810 2879 2983
2983 810 2879
176 1704 2920
1704 176 2920
2920 176 1704
1841 1121 2037
2037 1121 1841
1121 1841 2037
89 425 1668
1668 89 425
425 89 1668
393 649 1406
1406 393 649
649 393 1406
1545 887 1705
1705 887 1545
887 1545 1705
458 1107 1327
1327 458 1107
1107 458 1327
37 479 829
479 37 829
829 37 479
1118 546 1041
546 1041 1118
1041 546 1118
860 2003 2453
2453 860 2003
2003 860 2453
2306 560 2499
2499 560 2306
560 2306 2499
1253 331 2706
2706 331 1253
331 1253 2706
2529 1973 2883
2883 1973 2529
1973 2529 2883
2451 782 2707
2707 782 2451
782 2451 2707
1677 1713 2016
1713 1677 2016
2016 1677 1713
1579 1387 1769
1769 1387 1579
1387 1579 1769
2006 1767 2791
2791 1767 2006
1767 2006 2791
509 514 2562
514 509 2562
2562 509 514
2742 1116 1619
1619 1116 2742
1116 1619 2742
7 2104 2803
2803 7 2104
2104 7 2803
2450 56 1554
1554 56 2450
56 1554 2450
1840 453 2727
2727 453 1840
453 1840 2727
748 1462 2070
1462 748 2070
2070 748 1462
2548 413 2817
2817 413 2548
413 2548 2817
2486 2372 2484
2372 2484 2486
2484 2372 2486
38 32 930
930 32 38
32 38 930
355 1035 2421
2421 355 1035
1035 355 2421
2526 1119 1229
1119 1229 2526
1229 1119 2526
35 67 2310
2310 35 67
67 35 2310
755 611 2269
2269 611 755
611 755 2269
2248 1955 2465
2465 1955 2248
1955 2248 2465
28 2808 2871
2871 28 2808
2808 28 2871
1683 844 1318
1318 844 1683
844 1318 1683
2506 179 586
586 179 2506
179 586 2506
2053 532 2731
2731 532 2053
532 2053 2731
2057 682 1511
1511 682 2057
682 1511 2057
85 1673 2118
2118 85 1673
1673 85 2118
1277 914 1706
1706 914 1277
914 1277 1706
2591 410 978
978 410 2591
410 978 2591
2274 1061 2782
1061 2274 2782
2782 1061 2274
1562 1575 2910
2910 1562 1575
1575 1562 2910
211 1146 1190
1190 211 1146
1146 211 1190
879 2364 2441
2441 879 2364
2364 879 2441
2655 733 2680
733 2655 2680
2680 733 2655
2862 1191 1812
1812 1191 2862
1191 1812 2862
313 204 343
204 313 343
343 204 313
1650 222 459
459 222 1650
222 459 1650
707 1616 2168
2168 707 1616
1616 707 2168
1027 18 442
442 18 1027
18 442 1027
2903 59 626
59 626 2903
626 59 2903
1079 1002 2444
2444 1002 1079
1002 1079 2444
308 2001 2992
2992 308 2001
2001 308 2992
2697 677 1031
1031 677 2697
677 1031 2697
1314 988 1941
1941 988 1314
988 1314 1941
2131 910 2679
910 2131 2679
2679 910 2131
610 1141 1519
1519 610 1141
1141 610 1519
773 519 2746
2746 519 773
519 773 2746
2988 1073 2423
1073 2423 2988
2423 1073 2988
495 362 446
362 446 495
446 362 495
1199 2019 2224
2224 1199 2019
2019 1199 2224
2843 254 926
926 254 2843
254 926 2843
130 1033 1265
1265 130 1033
1033 130 1265
1883 854 1346
1346 854 1883
854 1346 1883
656 402 1949
402 656 1949
1949 402 656
1572 155 1687
155 1572 1687
1687 155 1572
403 730 1299
730 403 1299
1299 403 730
111 869 1269
1269 111 869
869 111 1269
868 1679 1918
1679 868 1918
1918 868 1679
1091 1868 2243
2243 1091 1868
1868 1091 2243
407 1394 2589
1394 407 2589
2589 407 1394
1970 2578 2995
2995 1970 2578
2578 1970 2995
2996 637 2966
2966 637 2996
637 2966 2996
1911 1143 1815
1815 1143 1911
1143 1815 1911
1835 1740 1867
1867 1740 1835
1740 1835 1867
438 314 1206
1206 314 438
314 438 1206
47 293 1940
293 47 1940
1940 47 293
207 395 768
768 207 395
395 207 768
2182 137 2005
2005 137 2182
137 2005 2182
237 553 644
553 237 644
644 237 553
273 84 2466
2466 84 273
84 273 2466
1300 1293 2183
2183 1293 1300
1293 1300 2183
740 976 994
994 740 976
976 740 994
2892 1567 2814
2814 1567 2892
1567 2814 2892
2390 602 2292
602 2292 2390
2292 602 2390
1072 1417 2387
1417 1072 2387
2387 1072 1417
807 957 2737
2737 807 957
957 807 2737
2216 1602 2579
1602 2216 2579
2579 1602 2216
1441 61 696
61 696 1441
696 61 1441
2024 2426 2833
2833 2024 2426
2426 2024 2833
96 234 653
653 96 234
234 96 653
2324 645 2847
2847 645 2324
645 2324 2847
408 841 2312
2312 408 841
841 408 2312
2026 1780 2217
1780 2026 2217
2217 1780 2026
305 140 2279
140 305 2279
2279 140 305
371 799 2076
2076 371 799
799 371 2076
917 226 816
816 226 917
226 816 917
505 101 1165
101 505 1165
1165 101 505
471 486 1723
486 471 1723
1723 471 486
1916 148 2819
2819 148 1916
148 1916 2819
2154 520 1743
520 1743 2154
1743 520 2154
2304 1404 1755
1404 1755 2304
1755 1404 2304
1860 693 1043
1043 693 1860
693 1043 1860
318 765 1946
765 318 1946
1946 318 765
427 1998 2972
2972 427 1998
1998 427 2972
580 332 700
332 580 700
700 332 580
1113 607 1160
607 1113 1160
1160 607 1113
2527 2265 2941
2941 2265 2527
2265 2527 2941
1413 1598 1626
1626 1413 1598
1598 1413 1626
838 543 1537
1537 543 838
543 838 1537
2159 851 2913
2913 851 2159
851 2159 2913
1180 1237 2403
1237 1180 2403
2403 1180 1237
1192 1385 1968
1968 1192 1385
1385 1192 1968
712 893 1094
1094 712 893
893 712 1094
1886 1148 1446
1148 1446 1886
1446 1148 1886
979 1 995
995 1 979
1 979 995
2933 156 1504
1504 156 2933
156 1504 2933
2234 1932 2604
1932 2234 2604
2604 1932 2234
2634 1603 1961
1961 1603 2634
1603 1961 2634
227 2091 2914
2914 227 2091
2091 227 2914
1363 742 1838
742 1363 1838
1838 742 1363
1902 1103 2300
2300 1103 1902
1103 1902 2300
2259 366 466
466 366 2259
366 466 2259
1150 569 2048
569 1150 2048
2048 569 1150
2119 6 1134
6 1134 2119
1134 6 2119
1468 784 2721
2721 784 1468
784 1468 2721
1284 1512 1992
1992 1284 1512
1512 1284 1992
803 246 1083
1083 246 803
246 803 1083
1748 94 1607
1607 94 1748
94 1607 1748
1613 468 2516
2516 468 1613
468 1613 2516
2511 365 1646
1646 365 2511
365 1646 2511
813 746 1589
1589 746 813
746 813 1589
1337 1659 2356
1659 1337 2356
2356 1337 1659
1038 2760 2945
2945 1038 2760
2760 1038 2945
1074 2663 2909
2909 1074 2663
2663 1074 2909
2547 1048 2688
1048 2547 2688
2688 1048 2547
1832 892 2776
2776 892 1832
892 1832 2776
200 843 2394
2394 200 843
843 200 2394
1631 1060 2636
2636 1060 1631
1060 1631 2636
1455 297 389
389 297 1455
297 389 1455
667 1582 2245
2245 667 1582
1582 667 2245
1062 351 382
382 351 1062
351 382 1062
974 165 2272
2272 165 974
165 974 2272
1476 936 2477
936 1476 2477
2477 936 1476
2469 897 1139
897 1139 2469
1139 897 2469
802 1183 2142
1183 802 2142
2142 802 1183
2175 210 1586
210 1586 2175
1586 210 2175
2823 2290 2884
2884 2290 2823
2290 2823 2884
2523 2193 2235
2193 2235 2523
2235 2193 2523
2855 1391 2045
1391 2045 2855
2045 1391 2855
352 633 1317
633 352 1317
1317 352 633
1599 2743 2917
2917 1599 2743
2743 1599 2917
625 242 678
242 625 678
678 242 625
2141 42 208
42 208 2141
208 42 2141
443 1691 2113
2113 443 1691
1691 443 2113
820 672 1454
672 820 1454
1454 672 820
224 1570 1837
1570 224 1837
1837 224 1570
881 968 1066
968 881 1066
1066 881 968
2654 1458 1695
1695 1458 2654
1458 1695 2654
1682 1016 1466
1016 1466 1682
1466 1016 1682
1688 1219 1559
1559 1219 1688
1219 1559 1688
1095 2102 2691
2102 1095 2691
2691 1095 2102
282 173 981
173 282 981
981 173 282
166 480 1845
1845 166 480
480 166 1845
2172 738 772
738 772 2172
772 738 2172
2373 1081 2432
2432 1081 2373
1081 2373 2432
1799 980 1112
1112 980 1799
980 1112 1799
2789 1382 1797
1382 1797 2789
1797 1382 2789
2924 451 1055
1055 451 2924
451 1055 2924
2339 2123 2261
2261 2123 2339
2123 2261 2339
1821 437 2194
2194 437 1821
437 1821 2194
482 248 2495
2495 248 482
248 482 2495
2873 1108 2189
1108 2189 2873
2189 1108 2873
1366 577 2049
2049 577 1366
577 1366 2049
1990 534 2098
534 1990 2098
2098 534 1990
1690 2355 2543
2355 1690 2543
2543 1690 2355
1325 1408 2643
1408 1325 2643
2643 1325 1408
2700 612 1577
612 1577 2700
1577 612 2700
1601 82 1643
82 1601 1643
1643 82 1601
2044 1289 1303
1303 1289 2044
1289 1303 2044
1480 387 2359
2359 387 1480
387 1480 2359
2627 102 1928
1928 102 2627
102 1928 2627
1361 21 1702
21 1361 1702
1702 21 1361
2546 2086 2773
2773 2086 2546
2086 2546 2773
684 808 2677
808 684 2677
2677 684 808
1729 337 2656
2656 337 1729
337 1729 2656
271 349 1025
349 271 1025
1025 271 349
192 1138 2017
2017 192 1138
1138 192 2017
2218 1786 2918
1786 2218 2918
2918 1786 2218
2331 1176 1434
1176 1434 2331
1434 1176 2331
1063 1499 1967
1967 1063 1499
1499 1063 1967
2537 1834 2625
1834 2537 2625
2625 1834 2537
1369 711 2293
2293 711 1369
711 1369 2293
701 1653 2028
1653 701 2028
2028 701 1653
818 476 1718
1718 476 818
476 818 1718
1820 2946 2997
2946 1820 2997
2997 1820 2946
1208 2371 2853
2371 1208 2853
2853 1208 2371
2052 929 1312
929 1312 2052
1312 929 2052
666 1248 2762
2762 666 1248
1248 666 2762
1125 1824 2062
1824 1125 2062
2062 1125 1824
98 240 862
862 98 240
240 98 862
528 1553 2320
2320 528 1553
1553 528 2320
1686 1529 2738
2738 1529 1686
1529 1686 2738
1556 564 2180
2180 564 1556
564 1556 2180
776 503 1046
503 776 1046
1046 503 776
699 2838 2906
2838 699 2906
2906 699 2838
2784 1104 1267
1267 1104 2784
1104 1267 2784
299 1609 2844
1609 299 2844
2844 299 1609
31 1442 2668
2668 31 1442
1442 31 2668
1217 338 2302
2302 338 1217
338 1217 2302
790 65 1114
1114 65 790
65 790 1114
36 1960 2880
2880 36 1960
1960 36 2880
2464 197 2875
2875 197 2464
197 2464 2875
590 1595 2796
2796 590 1595
1595 590 2796
2775 1215 2672
1215 2672 2775
2672 1215 2775
2859 878 1929
878 1929 2859
1929 878 2859
68 686 1892
1892 68 686
686 68 1892
1130 731 1008
731 1008 1130
1008 731 1130
1871 2701 2815
2815 1871 2701
2701 1871 2815
1859 1336 2136
1336 1859 2136
2136 1336 1859
2984 269 2497
2497 269 2984
269 2497 2984
834 2457 2535
2535 834 2457
2457 834 2535
2393 250 1161
1161 250 2393
250 1161 2393
1889 430 1478
1478 430 1889
430 1478 1889
1223 117 1647
1647 117 1223
117 1223 1647
1848 346 797
346 797 1848
797 346 1848
1169 2678 2907
2907 1169 2678
2678 1169 2907
1075 383 615
615 383 1075
383 615 1075
1439 43 1292
43 1292 1439
1292 43 1439
1373 722 2687
2687 722 1373
722 1373 2687
1225 51 1810
1810 51 1225
51 1225 1810
1256 29 2381
2381 29 1256
29 1256 2381
1436 344 1624
1624 344 1436
344 1436 1624
683 1147 2753
2753 683 1147
1147 683 2753
266 439 2990
439 266 2990
2990 266 439
279 949 1617
949 279 1617
1617 279 949
2505 795 1590
795 1590 2505
1590 795 2505
2614 703 2468
703 2468 2614
2468 703 2614
2797 2114 2645
2645 2114 2797
2114 2645 2797
330 756 1807
756 330 1807
1807 330 756
2891 1675 1993
1993 1675 2891
1675 1993 2891
983 872 2975
2975 872 983
872 983 2975
1170 549 2851
2851 549 1170
549 1170 2851
426 478 2571
2571 426 478
478 426 2571
1088 257 510
510 257 1088
257 510 1088
2569 1749 2759
2759 1749 2569
1749 2569 2759
2440 9 2281
9 2281 2440
2281 9 2440
2409 1506 2950
1506 2409 2950
2950 1506 2409
1019 44 2864
44 1019 2864
2864 44 1019
931 411 2689
2689 411 931
411 931 2689
2638 1182 1533
1182 1533 2638
1533 1182 2638
697 264 2090
2090 264 697
264 697 2090
