30392 94337 143895
94337 30392 143895
143895 30392 94337
61053 78335 143085
143085 61053 78335
78335 61053 143085
46682 115745 135570
135570 46682 115745
115745 46682 135570
18444 73760 125674
73760 18444 125674
125674 18444 73760
148219 28506 52714
52714 28506 148219
28506 52714 148219
123169 93520 125694
125694 93520 123169
93520 123169 125694
130142 34890 50013
50013 34890 130142
34890 50013 130142
76691 72673 88098
88098 72673 76691
72673 76691 88098
59354 63385 139950
63385 59354 139950
139950 59354 63385
108851 10694 88427
10694 88427 108851
88427 10694 108851
74176 12196 101101
12196 74176 101101
101101 12196 74176
80558 77996 129352
77996 80558 129352
129352 77996 80558
57161 39913 110122
110122 39913 57161
39913 57161 110122
58042 24648 58529
58529 24648 58042
24648 58042 58529
62908 67242 116885
67242 62908 116885
116885 62908 67242
125262 24628 80522
80522 24628 125262
24628 80522 125262
8757 34354 68030
68030 8757 34354
34354 8757 68030
63359 21880 48625
48625 21880 63359
21880 48625 63359
22524 51711 93264
51711 22524 93264
93264 22524 51711
131855 32536 94328
32536 94328 131855
94328 32536 131855
136545 37065 120934
37065 120934 136545
120934 37065 136545
1426 64197 146786
146786 1426 64197
64197 1426 146786
81969 21035 123741
123741 21035 81969
21035 81969 123741
66390 8940 26936
8940 26936 66390
26936 8940 66390
89165 76758 80971
76758 80971 89165
80971 76758 89165
63092 45129 123363
45129 63092 123363
123363 45129 63092
147089 97004 114502
97004 114502 147089
114502 97004 147089
109651 10043 69023
10043 69023 109651
69023 10043 109651
26588 28487 84606
28487 26588 84606
84606 26588 28487
78873 14328 99844
99844 14328 78873
14328 78873 99844
70529 23764 58441
58441 23764 70529
23764 58441 70529
32206 14926 82522
14926 32206 82522
82522 14926 32206
53256 30447 89344
30447 53256 89344
89344 30447 53256
13990 91651 103562
103562 13990 91651
91651 13990 103562
61148 59061 112764
59061 61148 112764
112764 59061 61148
129815 84058 125225
125225 84058 129815
84058 125225 129815
47583 65501 137698
65501 47583 137698
137698 47583 65501
72016 29456 130251
130251 29456 72016
29456 72016 130251
133874 87788 114097
114097 87788 133874
87788 114097 133874
105632 1450 40519
40519 1450 105632
1450 40519 105632
149205 96285 109701
109701 96285 149205
96285 109701 149205
105240 38005 105680
38005 105240 105680
105680 38005 105240
26106 37681 83515
37681 26106 83515
83515 26106 37681
19326 3474 144893
3474 19326 144893
144893 3474 19326
35449 17743 101416
17743 35449 101416
101416 17743 35449
29194 25696 145859
25696 29194 145859
145859 25696 29194
82437 31585 35860
35860 31585 82437
31585 35860 82437
84985 86493 110521
86493 84985 110521
110521 84985 86493
140419 35425 76066
76066 35425 140419
35425 76066 140419
15829 46559 143214
46559 15829 143214
143214 15829 46559
84405 31627 53716
31627 53716 84405
53716 31627 84405
47054 114615 127500
127500 47054 114615
114615 47054 127500
113957 22936 71344
22936 71344 113957
71344 22936 113957
134820 18911 127449
127449 18911 134820
18911 127449 134820
5861 52251 98109
98109 5861 52251
52251 5861 98109
95644 25159 107815
25159 95644 107815
107815 25159 95644
21910 116347 125009
116347 21910 125009
125009 21910 116347
44784 22239 62893
62893 22239 44784
22239 44784 62893
127797 82001 98688
82001 98688 127797
98688 82001 127797
137100 5839 34801
5839 34801 137100
34801 5839 137100
22675 46620 128188
46620 22675 128188
128188 22675 46620
97113 64992 102387
102387 64992 97113
64992 97113 102387
129503 66117 149260
66117 129503 149260
149260 66117 129503
91148 28439 110114
28439 91148 110114
110114 28439 91148
42385 5252 147544
5252 42385 147544
147544 5252 42385
99724 996 16103
996 16103 99724
16103 996 99724
53448 81602 89761
89761 53448 81602
81602 53448 89761
144925 12645 21903
21903 12645 144925
12645 21903 144925
79063 52610 80321
80321 52610 79063
52610 79063 80321
90112 37829 107360
107360 37829 90112
37829 90112 107360
107133 23921 87071
23921 87071 107133
87071 23921 107133
46776 99312 122893
122893 46776 99312
99312 46776 122893
1649 59523 100871
59523 1649 100871
100871 1649 59523
3801 35003 57470
57470 3801 35003
35003 3801 57470
144162 82205 87376
82205 87376 144162
87376 82205 144162
24621 86 94705
86 24621 94705
94705 86 24621
35509 107539 111108
111108 35509 107539
107539 35509 111108
131546 86753 100649
100649 86753 131546
86753 100649 131546
61758 11820 81553
81553 11820 61758
11820 61758 81553
103514 61395 77220
61395 77220 103514
77220 61395 103514
68814 19392 109036
19392 68814 109036
109036 19392 68814
100159 27007 58795
58795 27007 100159
27007 58795 100159
78965 3165 59570
59570 3165 78965
3165 59570 78965
71101 24658 79817
79817 24658 71101
24658 71101 79817
93891 41042 137842
41042 93891 137842
137842 41042 93891
17926 43676 99698
43676 17926 99698
99698 17926 43676
5980 9640 57674
9640 5980 57674
57674 5980 9640
23761 18425 85273
18425 23761 85273
85273 18425 23761
55634 40411 61616
40411 55634 61616
61616 40411 55634
101785 44513 55014
44513 55014 101785
55014 44513 101785
52123 78093 86907
78093 52123 86907
86907 52123 78093
15246 766 103300
103300 766 15246
766 15246 103300
104795 106171 125447
106171 104795 125447
125447 104795 106171
106042 18252 53424
18252 53424 106042
53424 18252 106042
948 91593 142187
142187 948 91593
91593 948 142187
43968 82696 101883
82696 43968 101883
101883 43968 82696
80872 7229 59182
59182 7229 80872
7229 59182 80872
144887 11463 79622
79622 11463 144887
11463 79622 144887
80326 34056 36481
34056 36481 80326
36481 34056 80326
46220 25748 129286
129286 25748 46220
25748 46220 129286
127859 38302 58625
58625 38302 127859
38302 58625 127859
8800 47311 144958
144958 8800 47311
47311 8800 144958
110988 25640 87233
25640 87233 110988
87233 25640 110988
76775 62383 110639
110639 62383 76775
62383 76775 110639
68639 110074 149368
110074 68639 149368
149368 68639 110074
141532 11948 98885
98885 11948 141532
11948 98885 141532
45697 74610 146297
74610 45697 146297
146297 45697 74610
13292 60392 104822
104822 13292 60392
60392 13292 104822
49140 4589 143963
143963 4589 49140
4589 49140 143963
61459 52595 138005
52595 61459 138005
138005 52595 61459
35205 3420 134276
3420 35205 134276
134276 3420 35205
47067 19866 68428
19866 47067 68428
68428 19866 47067
116083 84483 114459
84483 114459 116083
114459 84483 116083
96390 65141 94452
94452 65141 96390
65141 94452 96390
136770 6993 43939
43939 6993 136770
6993 43939 136770
121559 101400 107186
101400 107186 121559
107186 101400 121559
23976 118638 123592
123592 23976 118638
118638 23976 123592
60385 96005 123911
123911 60385 96005
96005 60385 123911
119160 57718 60707
60707 57718 119160
57718 60707 119160
51114 45518 105062
45518 51114 105062
105062 45518 51114
111314 32478 126834
126834 32478 111314
32478 111314 126834
147598 82888 86787
82888 86787 147598
86787 82888 147598
144757 34125 114313
114313 34125 144757
34125 114313 144757
94540 36090 123395
36090 94540 123395
123395 36090 94540
29787 2362 16018
16018 2362 29787
2362 16018 29787
48852 27753 46899
27753 46899 48852
46899 27753 48852
85568 55741 131310
55741 85568 131310
131310 55741 85568
88402 15795 33684
15795 33684 88402
33684 15795 88402
18895 30507 42648
30507 18895 42648
42648 18895 30507
67624 76820 120346
76820 67624 120346
120346 67624 76820
30989 44791 73532
73532 30989 44791
44791 30989 73532
124290 112984 136939
136939 112984 124290
112984 124290 136939
97723 63222 70343
70343 63222 97723
63222 70343 97723
48899 102020 143130
102020 48899 143130
143130 48899 102020
140220 20978 26880
26880 20978 140220
20978 26880 140220
11499 16683 33138
16683 11499 33138
33138 11499 16683
141293 11130 68699
11130 68699 141293
68699 11130 141293
144362 92518 100417
100417 92518 144362
92518 100417 144362
144254 53009 70440
53009 70440 144254
70440 53009 144254
85096 45927 73115
45927 73115 85096
73115 45927 85096
119646 30249 74703
30249 74703 119646
74703 30249 119646
115286 77772 147711
77772 115286 147711
147711 77772 115286
76662 135594 143880
135594 76662 143880
143880 76662 135594
79918 3459 114126
3459 79918 114126
114126 3459 79918
26350 22946 99050
22946 26350 99050
99050 22946 26350
114700 76121 98739
98739 76121 114700
76121 98739 114700
145355 114365 136421
114365 136421 145355
136421 114365 145355
82848 44775 118469
44775 82848 118469
118469 44775 82848
48275 38987 47038
47038 38987 48275
38987 47038 48275
130711 21419 53203
21419 53203 130711
53203 21419 130711
131743 1742 62865
1742 62865 131743
62865 1742 131743
12028 6399 108692
6399 12028 108692
108692 6399 12028
118822 125324 135613
125324 118822 135613
135613 118822 125324
114125 83339 134579
134579 83339 114125
83339 114125 134579
27098 114062 143824
143824 27098 114062
114062 27098 143824
2831 3975 22646
22646 2831 3975
3975 2831 22646
149423 125231 137000
137000 125231 149423
125231 137000 149423
68799 49587 107103
49587 68799 107103
107103 49587 68799
47270 5392 28294
28294 5392 47270
5392 28294 47270
84752 106820 132929
106820 84752 132929
132929 84752 106820
67276 22921 138261
138261 22921 67276
22921 67276 138261
48284 17783 90542
17783 48284 90542
90542 17783 48284
53978 6251 95811
6251 53978 95811
95811 6251 53978
55199 59240 105645
105645 55199 59240
59240 55199 105645
76746 26668 38483
26668 38483 76746
38483 26668 76746
128905 66030 72918
72918 66030 128905
66030 72918 128905
144816 90303 107648
90303 107648 144816
107648 90303 144816
40074 72063 101988
72063 40074 101988
101988 40074 72063
23294 24458 82461
24458 23294 82461
82461 23294 24458
17275 474 25157
474 17275 25157
25157 474 17275
79998 33442 83222
83222 33442 79998
33442 79998 83222
18445 106035 124580
106035 18445 124580
124580 18445 106035
80799 19422 94857
19422 80799 94857
94857 19422 80799
148892 74887 94093
74887 94093 148892
94093 74887 148892
77397 108517 140935
108517 77397 140935
140935 77397 108517
65336 22714 121407
22714 65336 121407
121407 22714 65336
119751 60767 146614
146614 60767 119751
60767 119751 146614
85413 66885 70556
70556 66885 85413
66885 70556 85413
90888 61396 117282
61396 90888 117282
117282 61396 90888
88437 12383 104368
104368 12383 88437
12383 88437 104368
15568 67227 70068
67227 15568 70068
70068 15568 67227
144674 27353 75103
75103 27353 144674
27353 75103 144674
29307 6899 104140
104140 6899 29307
6899 29307 104140
47638 35797 143708
143708 35797 47638
35797 47638 143708
6448 89553 118257
118257 6448 89553
89553 6448 118257
41137 76760 135730
135730 41137 76760
76760 41137 135730
32683 22779 61038
61038 22779 32683
22779 32683 61038
53021 16372 61302
61302 16372 53021
16372 53021 61302
3862 5962 30659
30659 3862 5962
5962 3862 30659
91790 58121 126614
126614 58121 91790
58121 91790 126614
135863 37475 124375
124375 37475 135863
37475 124375 135863
134967 60861 126131
126131 60861 134967
60861 126131 134967
102514 51934 121364
51934 102514 121364
121364 51934 102514
146390 3333 88269
88269 3333 146390
3333 88269 146390
142401 50676 120762
50676 120762 142401
120762 50676 142401
121693 39628 61881
39628 61881 121693
61881 39628 121693
149837 72974 92774
92774 72974 149837
72974 92774 149837
100233 12605 106509
106509 12605 100233
12605 100233 106509
97916 7858 101704
101704 7858 97916
7858 97916 101704
101227 20946 138198
20946 101227 138198
138198 20946 101227
11465 38646 60660
60660 11465 38646
38646 11465 60660
82489 9829 69375
69375 9829 82489
9829 69375 82489
118392 10347 81975
81975 10347 118392
10347 81975 118392
33103 105753 136231
136231 33103 105753
105753 33103 136231
76629 24688 103633
24688 76629 103633
103633 24688 76629
83236 129583 132569
132569 83236 129583
129583 83236 132569
21181 24228 63597
24228 21181 63597
63597 21181 24228
33801 64342 135408
64342 33801 135408
135408 33801 64342
73745 29945 74781
74781 29945 73745
29945 73745 74781
84877 36008 71676
71676 36008 84877
36008 71676 84877
19026 17831 82756
17831 19026 82756
82756 17831 19026
89974 83328 120985
83328 89974 120985
120985 83328 89974
96143 21421 146594
21421 96143 146594
146594 21421 96143
77702 10445 71740
71740 10445 77702
10445 71740 77702
92828 66982 98263
98263 66982 92828
66982 92828 98263
63483 126564 131206
126564 63483 131206
131206 63483 126564
67599 59926 107015
59926 67599 107015
107015 59926 67599
92149 18333 27634
27634 18333 92149
18333 27634 92149
25096 4573 97498
4573 25096 97498
97498 4573 25096
145525 36492 91607
36492 91607 145525
91607 36492 145525
19351 6286 123319
6286 19351 123319
123319 6286 19351
132972 1194 136026
136026 1194 132972
1194 132972 136026
131126 49069 79552
79552 49069 131126
49069 79552 131126
119907 54373 55140
55140 54373 119907
54373 55140 119907
132915 82120 96257
82120 96257 132915
96257 82120 132915
21125 86898 109335
86898 21125 109335
109335 21125 86898
60059 55776 112510
112510 55776 60059
55776 60059 112510
69167 46068 107658
46068 69167 107658
107658 46068 69167
142799 10358 56640
56640 10358 142799
10358 56640 142799
89610 91925 138813
138813 89610 91925
91925 89610 138813
83279 14631 103722
14631 83279 103722
103722 14631 83279
101072 76163 85247
76163 85247 101072
85247 76163 101072
69188 124665 145434
124665 69188 145434
145434 69188 124665
108445 105688 148304
148304 105688 108445
105688 108445 148304
25648 28013 34553
34553 25648 28013
28013 25648 34553
136448 3692 47444
47444 3692 136448
3692 47444 136448
149291 25691 85287
85287 25691 149291
25691 85287 149291
83313 55480 149407
149407 55480 83313
55480 83313 149407
75621 46256 91183
91183 46256 75621
46256 75621 91183
130493 56098 120885
56098 120885 130493
120885 56098 130493
122584 109807 114536
114536 109807 122584
109807 114536 122584
84994 91285 126970
126970 84994 91285
91285 84994 126970
2796 64668 144654
64668 2796 144654
144654 2796 64668
15610 4450 38219
4450 15610 38219
38219 4450 15610
34149 21676 59734
21676 34149 59734
59734 21676 34149
4243 106874 147098
147098 4243 106874
106874 4243 147098
117818 43531 54994
43531 54994 117818
54994 43531 117818
98908 13506 144808
144808 13506 98908
13506 98908 144808
60174 130576 139872
139872 60174 130576
130576 60174 139872
392 23939 45901
45901 392 23939
23939 392 45901
17196 48989 65036
48989 17196 65036
65036 17196 48989
55325 16716 20387
16716 20387 55325
20387 16716 55325
134506 119582 122510
122510 119582 134506
119582 122510 134506
120782 7983 21598
7983 21598 120782
21598 7983 120782
40121 72175 80978
80978 40121 72175
72175 40121 80978
67070 112787 116369
112787 67070 116369
116369 67070 112787
42932 125272 132139
125272 42932 132139
132139 42932 125272
71993 64086 129308
64086 71993 129308
129308 64086 71993
136989 36317 112082
36317 112082 136989
112082 36317 136989
138243 104091 149817
104091 138243 149817
149817 104091 138243
68170 64182 97343
64182 68170 97343
97343 64182 68170
90246 102456 142141
102456 90246 142141
142141 90246 102456
102689 51869 98175
98175 51869 102689
51869 98175 102689
32056 90587 132525
90587 32056 132525
132525 32056 90587
147046 37313 140389
37313 140389 147046
140389 37313 147046
93010 54885 108227
54885 93010 108227
108227 54885 93010
30104 89011 148053
148053 30104 89011
89011 30104 148053
88910 11849 116515
116515 11849 88910
11849 88910 116515
3147 33554 57333
57333 3147 33554
33554 3147 57333
147757 79579 133395
79579 133395 147757
133395 79579 147757
142029 9750 89708
89708 9750 142029
9750 89708 142029
35916 14457 149571
149571 14457 35916
14457 35916 149571
56240 34700 94312
34700 56240 94312
94312 34700 56240
12906 62348 78441
62348 12906 78441
78441 12906 62348
148418 132131 139734
132131 139734 148418
139734 132131 148418
53960 56921 129663
56921 53960 129663
129663 53960 56921
28922 53541 58088
58088 28922 53541
53541 28922 58088
143042 101664 115728
115728 101664 143042
101664 115728 143042
34246 39923 76593
76593 34246 39923
39923 34246 76593
135614 61239 123790
61239 123790 135614
123790 61239 135614
141955 77031 145880
77031 141955 145880
145880 77031 141955
44900 49136 62019
49136 44900 62019
62019 44900 49136
27360 53090 139531
53090 27360 139531
139531 27360 53090
57802 31637 99610
31637 57802 99610
99610 31637 57802
78676 42179 85289
85289 42179 78676
42179 78676 85289
102961 60586 144061
60586 102961 144061
144061 60586 102961
68884 92841 121847
92841 68884 121847
121847 68884 92841
47991 15964 39154
15964 39154 47991
39154 15964 47991
43979 77285 147486
77285 43979 147486
147486 43979 77285
50263 47923 135226
47923 50263 135226
135226 47923 50263
101343 4806 112491
112491 4806 101343
4806 101343 112491
41826 64885 72713
64885 41826 72713
72713 41826 64885
34540 41246 123534
41246 34540 123534
123534 34540 41246
105934 28233 100265
100265 28233 105934
28233 100265 105934
68816 32415 46728
46728 32415 68816
32415 46728 68816
79123 42120 123203
123203 42120 79123
42120 79123 123203
37293 260 42980
42980 260 37293
260 37293 42980
19912 90213 102501
102501 19912 90213
90213 19912 102501
73892 15918 55174
15918 55174 73892
55174 15918 73892
66732 41040 74049
41040 66732 74049
74049 41040 66732
34666 18118 77514
18118 34666 77514
77514 18118 34666
130777 11323 65661
11323 65661 130777
65661 11323 130777
41398 64894 96781
64894 41398 96781
96781 41398 64894
123225 102890 109704
109704 102890 123225
102890 109704 123225
38854 31742 139827
31742 38854 139827
139827 31742 38854
33701 77132 139348
139348 33701 77132
77132 33701 139348
8790 2549 86941
2549 8790 86941
86941 2549 8790
48524 58668 80764
58668 48524 80764
80764 48524 58668
53419 71417 145428
145428 53419 71417
71417 53419 145428
136055 117610 121135
121135 117610 136055
117610 121135 136055
63173 7239 83480
83480 7239 63173
7239 63173 83480
49441 109255 140778
109255 49441 140778
140778 49441 109255
93751 57 57947
57947 57 93751
57 57947 93751
18276 106643 141371
106643 18276 141371
141371 18276 106643
98385 63194 137405
63194 98385 137405
137405 63194 98385
123369 49493 61588
61588 49493 123369
49493 61588 123369
113381 34944 55455
55455 34944 113381
34944 55455 113381
80722 21479 46662
21479 46662 80722
46662 21479 80722
7572 88806 131788
131788 7572 88806
88806 7572 131788
20766 67634 92652
67634 20766 92652
92652 20766 67634
22964 69373 136426
69373 22964 136426
136426 22964 69373
118141 76456 106205
106205 76456 118141
76456 106205 118141
16498 56682 60999
56682 16498 60999
60999 16498 56682
132547 7235 24408
24408 7235 132547
7235 24408 132547
140014 23181 128489
23181 128489 140014
128489 23181 140014
25389 35518 97712
97712 25389 35518
35518 25389 97712
98254 8458 81752
81752 8458 98254
8458 81752 98254
76503 40409 111544
40409 76503 111544
111544 40409 76503
126052 40764 110986
40764 110986 126052
110986 40764 126052
79766 58965 65270
65270 58965 79766
58965 65270 79766
75951 6045 125437
125437 6045 75951
6045 75951 125437
65581 1111 25563
1111 25563 65581
25563 1111 65581
61520 97898 109910
97898 61520 109910
109910 61520 97898
101485 5674 100762
5674 100762 101485
100762 5674 101485
8742 7533 11612
11612 7533 8742
7533 8742 11612
71989 30628 149642
149642 30628 71989
30628 71989 149642
81559 75034 146230
75034 81559 146230
146230 75034 81559
15793 78525 79511
78525 15793 79511
79511 15793 78525
12619 3354 46998
46998 3354 12619
3354 12619 46998
54109 1257 14972
1257 14972 54109
14972 1257 54109
93574 40513 105096
105096 40513 93574
40513 93574 105096
105711 16576 146899
16576 105711 146899
146899 16576 105711
87525 72320 103241
72320 87525 103241
103241 72320 87525
93123 9277 82176
9277 82176 93123
82176 9277 93123
78842 6407 83579
83579 6407 78842
6407 78842 83579
109443 71612 132515
132515 71612 109443
71612 109443 132515
94861 70410 82132
70410 82132 94861
82132 70410 94861
54861 108924 122335
122335 54861 108924
108924 54861 122335
53254 46796 114560
46796 53254 114560
114560 46796 53254
143649 112463 137115
112463 137115 143649
137115 112463 143649
129601 110570 138881
138881 110570 129601
110570 129601 138881
46911 81685 100869
81685 46911 100869
100869 46911 81685
92358 69879 94072
69879 92358 94072
94072 69879 92358
18117 21813 87948
87948 18117 21813
21813 18117 87948
133535 57183 132771
132771 57183 133535
57183 132771 133535
89306 25554 34168
34168 25554 89306
25554 34168 89306
73862 123508 139473
123508 73862 139473
139473 73862 123508
98473 59819 115308
115308 59819 98473
59819 98473 115308
136750 114359 126038
126038 114359 136750
114359 126038 136750
77058 43448 136714
43448 77058 136714
136714 43448 77058
12647 59412 86457
59412 12647 86457
86457 12647 59412
25105 98550 113559
113559 25105 98550
98550 25105 113559
17390 58087 84433
58087 17390 84433
84433 17390 58087
142186 58020 74192
58020 74192 142186
74192 58020 142186
84089 100246 123493
123493 84089 100246
100246 84089 123493
127763 101661 119704
119704 101661 127763
101661 119704 127763
101102 47439 105119
105119 47439 101102
47439 101102 105119
31974 52420 141888
52420 31974 141888
141888 31974 52420
18410 40877 62058
62058 18410 40877
40877 18410 62058
14460 90938 93136
90938 14460 93136
93136 14460 90938
72820 96661 99984
96661 72820 99984
99984 72820 96661
132121 64548 124336
124336 64548 132121
64548 124336 132121
71985 37610 45685
37610 45685 71985
45685 37610 71985
20981 33100 98859
33100 20981 98859
98859 20981 33100
26512 97030 125874
125874 26512 97030
97030 26512 125874
100969 10503 19862
19862 10503 100969
10503 19862 100969
136227 6012 104090
104090 6012 136227
6012 104090 136227
133219 10164 85988
85988 10164 133219
10164 85988 133219
38092 17187 30656
30656 17187 38092
17187 30656 38092
137073 62786 142049
62786 137073 142049
142049 62786 137073
5294 20370 98045
20370 5294 98045
98045 5294 20370
68612 86723 89754
89754 68612 86723
86723 68612 89754
23499 115912 133370
133370 23499 115912
115912 23499 133370
52188 81075 112640
81075 52188 112640
112640 52188 81075
92072 85853 127665
85853 92072 127665
127665 85853 92072
48533 57157 65219
57157 48533 65219
65219 48533 57157
116955 17373 40664
17373 40664 116955
40664 17373 116955
82337 14968 16152
16152 14968 82337
14968 16152 82337
140399 8025 44428
44428 8025 140399
8025 44428 140399
118290 40415 54319
54319 40415 118290
40415 54319 118290
4118 5825 21723
5825 4118 21723
21723 4118 5825
71166 33882 120449
33882 71166 120449
120449 33882 71166
9641 25008 91443
25008 9641 91443
91443 9641 25008
112267 56589 144538
144538 56589 112267
56589 112267 144538
2880 43001 88342
43001 2880 88342
88342 2880 43001
89976 49259 73687
73687 49259 89976
49259 73687 89976
86871 15557 104727
104727 15557 86871
15557 86871 104727
139550 106770 146672
146672 106770 139550
106770 139550 146672
127609 70559 100398
70559 100398 127609
100398 70559 127609
62255 99618 104295
104295 62255 99618
99618 62255 104295
147625 59222 91616
59222 91616 147625
91616 59222 147625
133307 55603 57391
55603 57391 133307
57391 55603 133307
45409 57153 147724
57153 45409 147724
147724 45409 57153
31233 105677 141780
105677 31233 141780
141780 31233 105677
37179 102519 148218
102519 37179 148218
148218 37179 102519
111337 1464 56220
56220 1464 111337
1464 56220 111337
127384 15163 125856
125856 15163 127384
15163 125856 127384
106053 7455 21959
7455 21959 106053
21959 7455 106053
96375 20904 93960
93960 20904 96375
20904 93960 96375
63039 2672 59774
2672 59774 63039
59774 2672 63039
108415 22657 87999
22657 87999 108415
87999 22657 108415
86112 15869 37006
37006 15869 86112
15869 37006 86112
73637 43803 73286
73286 43803 73637
43803 73286 73637
38412 83089 103072
103072 38412 83089
83089 38412 103072
41230 18710 106144
106144 18710 41230
18710 41230 106144
112721 2442 76075
76075 2442 112721
2442 76075 112721
146229 5430 73641
73641 5430 146229
5430 73641 146229
51448 27486 56846
27486 51448 56846
56846 27486 51448
51835 114555 129213
114555 51835 129213
129213 51835 114555
44066 80158 145119
80158 44066 145119
145119 44066 80158
51900 18646 75435
18646 51900 75435
75435 18646 51900
142510 23958 56221
23958 56221 142510
56221 23958 142510
98166 8843 128372
128372 8843 98166
8843 98166 128372
13636 118245 127231
118245 13636 127231
127231 13636 118245
98912 10112 130224
10112 98912 130224
130224 10112 98912
36997 59959 67027
59959 36997 67027
67027 36997 59959
14573 37474 53294
37474 14573 53294
53294 14573 37474
140012 101192 136128
101192 136128 140012
136128 101192 140012
95672 100830 133939
100830 95672 133939
133939 95672 100830
55150 30379 43107
43107 30379 55150
30379 43107 55150
117268 74084 105820
74084 105820 117268
105820 74084 117268
9988 85569 130180
85569 9988 130180
130180 9988 85569
13376 70998 73446
73446 13376 70998
70998 13376 73446
12374 144364 149725
149725 12374 144364
144364 12374 149725
99144 11308 133888
133888 11308 99144
11308 99144 133888
75439 12185 34170
12185 34170 75439
34170 12185 75439
138929 58039 132305
58039 132305 138929
132305 58039 138929
69030 51459 141692
51459 69030 141692
141692 51459 69030
102530 43627 148332
43627 102530 148332
148332 43627 102530
134111 69483 149408
149408 69483 134111
69483 134111 149408
102580 13684 99034
99034 13684 102580
13684 99034 102580
18663 66848 76515
76515 18663 66848
66848 18663 76515
97585 20791 121143
20791 97585 121143
121143 20791 97585
79198 72922 79795
79795 72922 79198
72922 79198 79795
7582 50331 105345
50331 7582 105345
105345 7582 50331
53103 59677 64185
64185 53103 59677
59677 53103 64185
15115 40695 69900
69900 15115 40695
40695 15115 69900
115378 9881 93556
9881 93556 115378
93556 9881 115378
112986 18369 143303
18369 112986 143303
143303 18369 112986
122929 18607 81717
81717 18607 122929
18607 81717 122929
131750 1952 65665
1952 65665 131750
65665 1952 131750
45958 76530 148477
148477 45958 76530
76530 45958 148477
136402 17114 92672
92672 17114 136402
17114 92672 136402
68890 74409 120709
74409 68890 120709
120709 68890 74409
108172 27046 36117
36117 27046 108172
27046 36117 108172
97551 83467 125888
125888 83467 97551
83467 97551 125888
18057 79751 146850
79751 18057 146850
146850 18057 79751
89831 5650 38703
38703 5650 89831
5650 38703 89831
22429 29694 36190
29694 22429 36190
36190 22429 29694
101776 34811 126373
126373 34811 101776
34811 101776 126373
93754 28232 70450
28232 70450 93754
70450 28232 93754
107568 33197 94648
94648 33197 107568
33197 94648 107568
145456 12697 123861
12697 123861 145456
123861 12697 145456
25366 98069 121232
98069 25366 121232
121232 25366 98069
114518 108269 127506
127506 108269 114518
108269 114518 127506
2192 24533 53173
24533 2192 53173
53173 2192 24533
56405 55156 144715
55156 56405 144715
144715 55156 56405
35838 97791 101075
101075 35838 97791
97791 35838 101075
3882 77640 88045
77640 3882 88045
88045 3882 77640
141790 86801 90731
90731 86801 141790
86801 90731 141790
23082 113232 147525
113232 23082 147525
147525 23082 113232
121318 54723 60356
60356 54723 121318
54723 60356 121318
132917 110647 139836
110647 132917 139836
139836 110647 132917
96250 1206 74323
1206 74323 96250
74323 1206 96250
62128 137096 137341
137096 62128 137341
137341 62128 137096
99809 28456 96215
28456 96215 99809
96215 28456 99809
17855 25964 48794
25964 17855 48794
48794 17855 25964
144791 52982 109739
52982 109739 144791
109739 52982 144791
96706 58869 137989
58869 96706 137989
137989 58869 96706
85148 26175 90487
90487 26175 85148
26175 85148 90487
80607 98706 103408
103408 80607 98706
98706 80607 103408
54661 23209 93114
23209 54661 93114
93114 23209 54661
119124 93941 117662
117662 93941 119124
93941 117662 119124
85688 104121 109435
104121 85688 109435
109435 85688 104121
142102 38981 102121
102121 38981 142102
38981 102121 142102
64911 70293 72181
70293 64911 72181
72181 64911 70293
128819 105668 148719
148719 105668 128819
105668 128819 148719
137742 101204 113001
101204 113001 137742
113001 101204 137742
60305 39991 142106
39991 60305 142106
142106 39991 60305
20642 29919 45008
29919 20642 45008
45008 20642 29919
120665 35322 89670
35322 89670 120665
89670 35322 120665
13497 42654 109193
42654 13497 109193
109193 13497 42654
19485 6751 65063
6751 19485 65063
65063 6751 19485
14113 139275 142259
142259 14113 139275
139275 14113 142259
78730 16997 91941
91941 16997 78730
16997 78730 91941
103769 41323 142016
142016 41323 103769
41323 103769 142016
108776 25129 125110
125110 25129 108776
25129 108776 125110
93645 64285 97185
97185 64285 93645
64285 93645 97185
40614 2282 103715
103715 2282 40614
2282 40614 103715
67259 33406 96391
96391 33406 67259
33406 67259 96391
15952 82610 103452
103452 15952 82610
82610 15952 103452
42548 72737 82609
72737 42548 82609
82609 42548 72737
19029 35491 100891
100891 19029 35491
35491 19029 100891
102850 84573 97583
97583 84573 102850
84573 97583 102850
125381 72099 141478
72099 125381 141478
141478 72099 125381
129063 19987 50531
19987 50531 129063
50531 19987 129063
63250 123274 123414
123414 63250 123274
123274 63250 123414
146399 9180 82571
82571 9180 146399
9180 82571 146399
82275 75604 129492
129492 75604 82275
75604 82275 129492
111635 25564 65859
25564 65859 111635
65859 25564 111635
90176 60996 99540
60996 90176 99540
99540 60996 90176
86216 32697 96395
32697 86216 96395
96395 32697 86216
55980 69854 142099
142099 55980 69854
69854 55980 142099
141464 115822 145778
115822 141464 145778
145778 115822 141464
55074 95473 139564
95473 55074 139564
139564 55074 95473
58179 53637 144525
53637 58179 144525
144525 53637 58179
728 41691 76112
76112 728 41691
41691 728 76112
68897 96039 115368
115368 68897 96039
96039 68897 115368
19635 8995 138835
138835 8995 19635
8995 19635 138835
3517 106416 128992
106416 3517 128992
128992 3517 106416
50570 4481 138190
4481 50570 138190
138190 4481 50570
32974 65909 66997
66997 32974 65909
65909 32974 66997
129290 26362 91222
26362 91222 129290
91222 26362 129290
51467 4970 11645
4970 11645 51467
11645 4970 51467
67374 52446 52883
52883 52446 67374
52446 52883 67374
97346 30728 149053
149053 30728 97346
30728 97346 149053
64576 9220 79600
9220 64576 79600
79600 9220 64576
98363 71647 117291
117291 71647 98363
71647 98363 117291
45028 48218 56251
56251 45028 48218
48218 45028 56251
81642 4 45859
4 45859 81642
45859 4 81642
78195 49521 106913
106913 49521 78195
49521 78195 106913
140892 65725 101738
101738 65725 140892
65725 101738 140892
112332 44555 113781
44555 112332 113781
113781 44555 112332
32640 17314 24894
24894 17314 32640
17314 24894 32640
130794 75258 139573
75258 130794 139573
139573 75258 130794
106890 105084 138185
138185 105084 106890
105084 106890 138185
48292 49823 127659
49823 48292 127659
127659 48292 49823
75391 22730 82025
82025 22730 75391
22730 75391 82025
19954 7989 56890
56890 7989 19954
7989 19954 56890
142729 71741 81442
71741 81442 142729
81442 71741 142729
119122 71778 111376
111376 71778 119122
71778 111376 119122
41573 17591 114960
114960 17591 41573
17591 41573 114960
15465 19200 121155
121155 15465 19200
19200 15465 121155
41660 93552 136267
136267 41660 93552
93552 41660 136267
147252 115605 141422
141422 115605 147252
115605 141422 147252
84408 35204 51549
35204 51549 84408
51549 35204 84408
29312 35068 81927
35068 29312 81927
81927 29312 35068
68505 11251 42855
42855 11251 68505
11251 42855 68505
61210 17001 102061
102061 17001 61210
17001 61210 102061
98655 72152 97908
97908 72152 98655
72152 97908 98655
35683 11971 17417
17417 11971 35683
11971 17417 35683
54086 13446 137091
137091 13446 54086
13446 54086 137091
19256 1482 65900
65900 1482 19256
1482 19256 65900
76566 23512 110490
110490 23512 76566
23512 76566 110490
103358 110616 130684
130684 103358 110616
110616 103358 130684
8827 84482 96164
84482 8827 96164
96164 8827 84482
132372 18455 133182
18455 132372 133182
133182 18455 132372
107644 104990 128066
104990 107644 128066
128066 104990 107644
148941 69406 92363
69406 92363 148941
92363 69406 148941
11686 2009 129386
2009 11686 129386
129386 2009 11686
124564 14841 73280
73280 14841 124564
14841 73280 124564
41117 90204 145873
145873 41117 90204
90204 41117 145873
1196 128394 138563
128394 1196 138563
138563 1196 128394
62088 118801 133638
118801 62088 133638
133638 62088 118801
8916 134385 145427
134385 8916 145427
145427 8916 134385
92234 3953 7486
3953 7486 92234
7486 3953 92234
91415 10953 103808
10953 91415 103808
103808 10953 91415
98135 104145 122306
104145 98135 122306
122306 98135 104145
91560 65313 95069
65313 91560 95069
95069 65313 91560
135525 130 109147
109147 130 135525
130 109147 135525
25599 32832 87236
87236 25599 32832
32832 25599 87236
114537 16246 108571
16246 108571 114537
108571 16246 114537
64603 18045 101559
18045 64603 101559
101559 18045 64603
73769 75490 114900
75490 73769 114900
114900 73769 75490
95448 11907 116476
11907 95448 116476
116476 11907 95448
111132 65819 144607
144607 65819 111132
65819 111132 144607
100736 30057 144884
144884 30057 100736
30057 100736 144884
31638 64323 115561
115561 31638 64323
64323 31638 115561
107649 96001 126651
126651 96001 107649
96001 107649 126651
24141 48216 144599
48216 24141 144599
144599 24141 48216
89406 60867 88597
60867 88597 89406
88597 60867 89406
88705 41318 89171
89171 41318 88705
41318 88705 89171
1060 66844 119138
66844 1060 119138
119138 1060 66844
38631 134828 135955
135955 38631 134828
134828 38631 135955
69403 24298 50627
24298 50627 69403
50627 24298 69403
107600 66618 110096
110096 66618 107600
66618 107600 110096
5593 15004 131135
131135 5593 15004
15004 5593 131135
71072 89617 145317
145317 71072 89617
89617 71072 145317
29199 86071 95047
95047 29199 86071
86071 29199 95047
30607 127808 137392
127808 30607 137392
137392 30607 127808
142673 73762 130713
73762 130713 142673
130713 73762 142673
65768 49713 69974
69974 49713 65768
49713 65768 69974
15575 66897 122538
122538 15575 66897
66897 15575 122538
113374 78131 81813
81813 78131 113374
78131 81813 113374
21925 41949 44743
41949 21925 44743
44743 21925 41949
23075 71960 74765
74765 23075 71960
71960 23075 74765
87803 60933 146693
146693 60933 87803
60933 87803 146693
49163 25333 98638
98638 25333 49163
25333 49163 98638
5418 48327 113944
48327 5418 113944
113944 5418 48327
27321 3050 44730
3050 27321 44730
44730 3050 27321
29757 15653 81028
15653 29757 81028
81028 15653 29757
54144 13494 126969
13494 54144 126969
126969 13494 54144
20081 38029 78847
78847 20081 38029
38029 20081 78847
71050 6988 53314
53314 6988 71050
6988 53314 71050
143059 1757 51903
1757 51903 143059
51903 1757 143059
15090 77100 95006
77100 15090 95006
95006 15090 77100
136542 37582 97577
97577 37582 136542
37582 97577 136542
121016 52823 66977
52823 66977 121016
66977 52823 121016
84929 125961 136743
136743 84929 125961
125961 84929 136743
2498 37733 126558
126558 2498 37733
37733 2498 126558
13647 53146 60467
60467 13647 53146
53146 13647 60467
116485 94594 122650
122650 94594 116485
94594 116485 122650
81609 48803 112791
112791 48803 81609
48803 81609 112791
66141 13611 147787
147787 13611 66141
13611 66141 147787
5692 103278 126956
103278 5692 126956
126956 5692 103278
62664 89247 149401
89247 62664 149401
149401 62664 89247
107855 143178 149877
143178 107855 149877
149877 107855 143178
76280 51818 140641
140641 51818 76280
51818 76280 140641
143308 107359 125904
125904 107359 143308
107359 125904 143308
99792 6434 57318
6434 57318 99792
57318 6434 99792
115135 31790 75465
31790 75465 115135
75465 31790 115135
54923 142740 146449
142740 54923 146449
146449 54923 142740
136313 38443 114319
114319 38443 136313
38443 114319 136313
146652 92341 97704
97704 92341 146652
92341 97704 146652
78014 75230 117930
117930 75230 78014
75230 78014 117930
3274 74279 115318
115318 3274 74279
74279 3274 115318
81084 45972 65186
65186 45972 81084
45972 65186 81084
36699 51327 136217
136217 36699 51327
51327 36699 136217
4403 12202 16291
12202 4403 16291
16291 4403 12202
79109 66207 86811
66207 79109 86811
86811 66207 79109
85087 63126 134327
134327 63126 85087
63126 85087 134327
112302 8085 104390
8085 104390 112302
104390 8085 112302
16116 2468 84197
2468 16116 84197
84197 2468 16116
112752 29257 125950
125950 29257 112752
29257 112752 125950
142683 66464 118275
118275 66464 142683
66464 118275 142683
47769 18981 94742
94742 18981 47769
18981 47769 94742
114136 49277 58747
58747 49277 114136
49277 58747 114136
47938 58205 129806
129806 47938 58205
58205 47938 129806
50892 23922 132334
132334 23922 50892
23922 50892 132334
79970 61323 149967
149967 61323 79970
61323 79970 149967
4338 85483 105420
105420 4338 85483
85483 4338 105420
50352 58342 97137
97137 50352 58342
58342 50352 97137
126278 8461 28954
8461 28954 126278
28954 8461 126278
120930 47179 96626
96626 47179 120930
47179 96626 120930
15229 121123 143361
143361 15229 121123
121123 15229 143361
142207 29925 140251
140251 29925 142207
29925 140251 142207
79296 9286 34734
34734 9286 79296
9286 34734 79296
140032 51536 93727
93727 51536 140032
51536 93727 140032
23979 14474 18820
14474 18820 23979
18820 14474 23979
108234 99379 106244
106244 99379 108234
99379 106244 108234
127409 49410 78770
49410 78770 127409
78770 49410 127409
49199 9908 119094
119094 9908 49199
9908 49199 119094
112700 96960 131305
96960 112700 131305
131305 96960 112700
60072 13577 133975
133975 13577 60072
13577 60072 133975
65358 48735 113647
48735 65358 113647
113647 48735 65358
48790 8884 98283
8884 48790 98283
98283 8884 48790
78510 94747 110799
94747 78510 110799
110799 78510 94747
55743 54669 145894
145894 54669 55743
54669 55743 145894
98918 36152 105229
36152 98918 105229
105229 36152 98918
58941 25457 115468
115468 25457 58941
25457 58941 115468
14546 69861 117305
117305 14546 69861
69861 14546 117305
24888 13906 84724
13906 24888 84724
84724 13906 24888
4319 35109 115008
115008 4319 35109
35109 4319 115008
145137 33599 137521
137521 33599 145137
33599 137521 145137
74386 28538 104636
28538 74386 104636
104636 28538 74386
117712 31810 92907
31810 92907 117712
92907 31810 117712
100752 100174 118363
100174 100752 118363
118363 100174 100752
68929 13338 23586
23586 13338 68929
13338 23586 68929
128561 29207 46721
29207 46721 128561
46721 29207 128561
118721 9665 43312
43312 9665 118721
9665 43312 118721
29045 38077 77744
77744 29045 38077
38077 29045 77744
4168 70056 142730
70056 4168 142730
142730 4168 70056
77041 36834 98402
98402 36834 77041
36834 77041 98402
17470 30602 59319
59319 17470 30602
30602 17470 59319
143093 54143 73832
54143 73832 143093
73832 54143 143093
126387 20771 145900
145900 20771 126387
20771 126387 145900
2940 110536 135991
110536 2940 135991
135991 2940 110536
72530 89440 93363
93363 72530 89440
89440 72530 93363
116464 15532 145856
145856 15532 116464
15532 116464 145856
6900 21148 95702
95702 6900 21148
21148 6900 95702
14583 21502 68206
21502 14583 68206
68206 14583 21502
127634 127626 145047
145047 127626 127634
127626 127634 145047
38803 55923 143694
55923 38803 143694
143694 38803 55923
100323 70297 122277
70297 100323 122277
122277 70297 100323
105258 23115 44604
23115 44604 105258
44604 23115 105258
115925 60720 137254
137254 60720 115925
60720 115925 137254
123357 54783 65685
54783 65685 123357
65685 54783 123357
84548 52464 104955
52464 84548 104955
104955 52464 84548
25188 128275 136861
128275 25188 136861
136861 25188 128275
76744 23201 51193
23201 51193 76744
51193 23201 76744
99143 55514 145048
145048 55514 99143
55514 99143 145048
11709 9093 34590
34590 9093 11709
9093 11709 34590
46935 28811 84673
28811 46935 84673
84673 28811 46935
45304 36769 133668
36769 45304 133668
133668 36769 45304
77067 81436 101905
81436 77067 101905
101905 77067 81436
3197 85996 112170
112170 3197 85996
85996 3197 112170
28289 65367 85445
85445 28289 65367
65367 28289 85445
81235 88359 95082
88359 81235 95082
95082 81235 88359
121775 13995 74025
13995 74025 121775
74025 13995 121775
1163 36635 64426
36635 1163 64426
64426 1163 36635
138776 118759 145587
145587 118759 138776
118759 138776 145587
79686 90059 144559
144559 79686 90059
90059 79686 144559
78735 43948 48532
43948 48532 78735
48532 43948 78735
8924 37126 123717
37126 8924 123717
123717 8924 37126
1246 69718 113725
69718 1246 113725
113725 1246 69718
134277 21470 35699
21470 35699 134277
35699 21470 134277
121685 44363 128281
128281 44363 121685
44363 121685 128281
29996 71510 125047
125047 29996 71510
71510 29996 125047
400 54299 108338
108338 400 54299
54299 400 108338
12 113830 132943
113830 12 132943
132943 12 113830
108057 46329 97182
97182 46329 108057
