71826 45580 85451
45580 71826 85451
85451 45580 71826
21335 386 6170
386 6170 21335
6170 386 21335
125106 66138 101221
101221 66138 125106
66138 101221 125106
14988 87232 94164
87232 14988 94164
94164 14988 87232
17494 45781 103873
103873 17494 45781
45781 17494 103873
74795 108685 146716
146716 74795 108685
108685 74795 146716
31865 119414 128175
119414 31865 128175
128175 31865 119414
33457 79163 148520
79163 33457 148520
148520 33457 79163
7449 83914 118230
118230 7449 83914
83914 7449 118230
135999 78913 101536
78913 101536 135999
101536 78913 135999
132205 26318 37242
37242 26318 132205
26318 37242 132205
104016 508 110058
508 104016 110058
110058 508 104016
64333 38420 70374
38420 64333 70374
70374 38420 64333
137491 143645 146677
146677 137491 143645
143645 137491 146677
118334 7391 111390
7391 111390 118334
111390 7391 118334
16831 19949 119224
19949 16831 119224
119224 16831 19949
8838 24423 122926
122926 8838 24423
24423 8838 122926
9194 37178 139170
139170 9194 37178
37178 9194 139170
111845 84967 120418
120418 84967 111845
84967 111845 120418
85635 7308 149788
149788 7308 85635
7308 85635 149788
111228 76145 89757
76145 89757 111228
89757 76145 111228
78409 44796 64345
64345 44796 78409
44796 64345 78409
66091 97729 140335
140335 66091 97729
97729 66091 140335
60848 31237 58556
31237 58556 60848
58556 31237 60848
120739 101834 146645
101834 120739 146645
146645 101834 120739
61858 3725 58407
3725 58407 61858
58407 3725 61858
146095 38237 117292
38237 117292 146095
117292 38237 146095
115576 97135 104620
104620 97135 115576
97135 104620 115576
7467 8600 114750
114750 7467 8600
8600 7467 114750
60977 41296 140993
140993 41296 60977
41296 60977 140993
48326 12591 124103
12591 48326 124103
124103 12591 48326
114339 27791 94133
27791 94133 114339
94133 27791 114339
9909 81546 126194
81546 9909 126194
126194 9909 81546
2663 109583 129718
129718 2663 109583
109583 2663 129718
144073 15771 96756
15771 96756 144073
96756 15771 144073
39890 36960 132544
36960 39890 132544
132544 36960 39890
129088 17270 102573
102573 17270 129088
17270 102573 129088
98681 13725 32683
32683 13725 98681
13725 32683 98681
117194 38276 110887
110887 38276 117194
38276 110887 117194
56721 73041 148523
73041 56721 148523
148523 56721 73041
121127 52122 118939
118939 52122 121127
52122 118939 121127
144517 120272 136783
120272 136783 144517
136783 120272 144517
143026 14564 126444
14564 126444 143026
126444 14564 143026
97503 54087 102535
102535 54087 97503
54087 97503 102535
21405 5175 67080
67080 5175 21405
5175 21405 67080
118384 24458 38927
38927 24458 118384
24458 38927 118384
139084 24775 142834
24775 139084 142834
142834 24775 139084
32655 52373 115654
52373 32655 115654
115654 32655 52373
96636 24280 137269
137269 24280 96636
24280 96636 137269
113368 14660 127817
14660 113368 127817
127817 14660 113368
21243 68919 130980
130980 21243 68919
68919 21243 130980
93752 129954 142560
129954 93752 142560
142560 93752 129954
139153 37159 125647
37159 125647 139153
125647 37159 139153
86888 49688 102062
102062 49688 86888
49688 86888 102062
79886 32648 146538
146538 32648 79886
32648 79886 146538
33669 60149 132447
60149 33669 132447
132447 33669 60149
115756 37013 63976
37013 63976 115756
63976 37013 115756
58585 29965 128732
29965 58585 128732
128732 29965 58585
70618 16832 52549
16832 52549 70618
52549 16832 70618
56733 3521 77237
3521 56733 77237
77237 3521 56733
146976 91849 99390
91849 99390 146976
99390 91849 146976
36009 8081 128132
8081 36009 128132
128132 8081 36009
57868 21989 58041
21989 57868 58041
58041 21989 57868
53004 108120 142922
142922 53004 108120
108120 53004 142922
33425 2235 131406
2235 33425 131406
131406 2235 33425
2596 30087 93390
93390 2596 30087
30087 2596 93390
32685 54773 83572
54773 32685 83572
83572 32685 54773
65997 17924 87244
17924 65997 87244
87244 17924 65997
7998 98091 115949
115949 7998 98091
98091 7998 115949
23951 120951 139854
120951 23951 139854
139854 23951 120951
73875 75353 112844
112844 73875 75353
75353 73875 112844
28158 30548 96310
96310 28158 30548
30548 28158 96310
41431 134804 146080
134804 41431 146080
146080 41431 134804
66301 104176 144831
104176 66301 144831
144831 66301 104176
45526 28905 129199
129199 28905 45526
28905 45526 129199
14537 3607 75221
3607 14537 75221
75221 3607 14537
146129 53685 94235
94235 53685 146129
53685 94235 146129
31907 9999 101366
9999 31907 101366
101366 9999 31907
4725 73539 142999
73539 4725 142999
142999 4725 73539
142872 56491 146105
146105 56491 142872
56491 142872 146105
105408 30287 68085
68085 30287 105408
30287 68085 105408
102409 39639 47680
47680 39639 102409
39639 47680 102409
113173 129643 132976
132976 113173 129643
129643 113173 132976
111283 41680 48868
41680 48868 111283
48868 41680 111283
44548 2936 145181
145181 2936 44548
2936 44548 145181
134795 21532 110414
110414 21532 134795
21532 110414 134795
111118 27372 103312
27372 103312 111118
103312 27372 111118
132021 47121 75041
75041 47121 132021
47121 75041 132021
73032 29265 70942
70942 29265 73032
29265 70942 73032
55052 61089 120504
61089 55052 120504
120504 55052 61089
56292 122759 146431
146431 56292 122759
122759 56292 146431
121149 65583 98408
98408 65583 121149
65583 98408 121149
1149 53594 81021
53594 1149 81021
81021 1149 53594
136114 41217 45773
41217 45773 136114
45773 41217 136114
93446 49981 67075
67075 49981 93446
49981 67075 93446
137966 113149 129741
113149 129741 137966
129741 113149 137966
32214 46080 114986
114986 32214 46080
46080 32214 114986
23641 35536 124005
124005 23641 35536
35536 23641 124005
61710 1732 4993
4993 1732 61710
1732 4993 61710
61305 36203 130193
130193 36203 61305
36203 61305 130193
100585 30737 133483
133483 30737 100585
30737 100585 133483
135408 12139 102336
12139 102336 135408
102336 12139 135408
116448 97323 141835
97323 116448 141835
141835 97323 116448
61191 2499 145431
145431 2499 61191
2499 61191 145431
111391 112899 149760
112899 111391 149760
149760 111391 112899
139592 80157 147202
147202 80157 139592
80157 139592 147202
9960 17019 27656
17019 9960 27656
27656 9960 17019
35291 45337 97815
97815 35291 45337
45337 35291 97815
21433 76178 144869
144869 21433 76178
76178 21433 144869
142368 91093 95176
91093 95176 142368
95176 91093 142368
142046 74646 133021
133021 74646 142046
74646 133021 142046
80441 55570 85328
55570 80441 85328
85328 55570 80441
98029 112634 141740
141740 98029 112634
112634 98029 141740
8520 25119 57250
25119 8520 57250
57250 8520 25119
87783 27623 61788
27623 61788 87783
61788 27623 87783
117950 14649 18112
14649 18112 117950
18112 14649 117950
141197 31261 114697
114697 31261 141197
31261 114697 141197
41449 126739 145832
126739 41449 145832
145832 41449 126739
2289 54160 100534
100534 2289 54160
54160 2289 100534
97423 43662 115984
115984 43662 97423
43662 97423 115984
51062 10855 125812
125812 10855 51062
10855 51062 125812
55220 55559 77949
55559 55220 77949
77949 55220 55559
29248 20830 85634
20830 29248 85634
85634 20830 29248
29354 110078 137185
110078 29354 137185
137185 29354 110078
52603 14517 101923
101923 14517 52603
14517 52603 101923
89858 70854 78187
78187 70854 89858
70854 78187 89858
115985 17616 34710
17616 34710 115985
34710 17616 115985
94572 24579 71392
24579 71392 94572
71392 24579 94572
57936 94486 123887
123887 57936 94486
94486 57936 123887
29917 17682 63607
63607 17682 29917
17682 29917 63607
119812 17879 73600
17879 73600 119812
73600 17879 119812
115498 28773 34460
28773 34460 115498
34460 28773 115498
29318 21842 120919
21842 29318 120919
120919 21842 29318
119632 100008 134290
134290 100008 119632
100008 119632 134290
20337 6445 33809
33809 6445 20337
6445 20337 33809
149913 77412 96894
96894 77412 149913
77412 96894 149913
118787 86412 96749
96749 86412 118787
86412 96749 118787
6368 109271 124189
109271 6368 124189
124189 6368 109271
37390 134470 144708
134470 37390 144708
144708 37390 134470
68271 80008 126042
126042 68271 80008
80008 68271 126042
124995 8943 105952
105952 8943 124995
8943 105952 124995
43161 6533 95217
6533 43161 95217
95217 6533 43161
144961 127106 134361
134361 127106 144961
127106 134361 144961
145833 31255 140489
31255 140489 145833
140489 31255 145833
68032 29095 81072
29095 68032 81072
81072 29095 68032
9742 90473 129094
90473 9742 129094
129094 9742 90473
125373 124108 129061
124108 125373 129061
129061 124108 125373
46497 111981 136140
111981 46497 136140
136140 46497 111981
65208 11094 125334
125334 11094 65208
11094 65208 125334
53226 36169 92105
92105 36169 53226
36169 53226 92105
130400 6843 79900
79900 6843 130400
6843 79900 130400
23962 111635 137837
137837 23962 111635
111635 23962 137837
125536 57217 149705
57217 125536 149705
149705 57217 125536
33998 109401 137741
137741 33998 109401
109401 33998 137741
50837 79680 134567
79680 50837 134567
134567 50837 79680
42262 129829 131742
131742 42262 129829
129829 42262 131742
122768 35474 133987
133987 35474 122768
35474 122768 133987
97686 40468 100447
100447 40468 97686
40468 97686 100447
93181 80080 120432
120432 80080 93181
80080 93181 120432
105550 45374 61869
61869 45374 105550
45374 61869 105550
45650 10747 48788
48788 10747 45650
10747 45650 48788
108641 13873 32951
32951 13873 108641
13873 32951 108641
15836 1507 31594
31594 1507 15836
1507 15836 31594
63443 106254 139814
139814 63443 106254
106254 63443 139814
145023 66745 128166
128166 66745 145023
66745 128166 145023
11213 35159 55390
35159 11213 55390
55390 11213 35159
20083 16866 66032
66032 16866 20083
16866 20083 66032
26947 123460 135365
135365 26947 123460
123460 26947 135365
118850 90777 117656
117656 90777 118850
90777 117656 118850
33120 56849 145411
145411 33120 56849
56849 33120 145411
85363 67589 112663
67589 85363 112663
112663 67589 85363
137608 30599 127333
30599 127333 137608
127333 30599 137608
98014 60595 142809
142809 60595 98014
60595 98014 142809
26743 77276 80600
77276 26743 80600
80600 26743 77276
107340 63475 63621
63475 63621 107340
63621 63475 107340
148487 44250 108582
108582 44250 148487
44250 108582 148487
21627 62037 63137
62037 21627 63137
63137 21627 62037
101085 46502 61657
46502 61657 101085
61657 46502 101085
133536 18891 141347
141347 18891 133536
18891 133536 141347
13443 37765 92656
92656 13443 37765
37765 13443 92656
65536 91011 113985
91011 65536 113985
113985 65536 91011
21531 1672 55417
55417 1672 21531
1672 21531 55417
131056 26634 122466
26634 122466 131056
122466 26634 131056
3649 23103 116528
116528 3649 23103
23103 3649 116528
105398 67786 126629
126629 67786 105398
67786 105398 126629
54595 8517 142186
8517 54595 142186
142186 8517 54595
107305 47583 122799
122799 47583 107305
47583 107305 122799
72518 48574 102199
48574 72518 102199
102199 48574 72518
92861 43065 139103
139103 43065 92861
43065 92861 139103
58622 80592 140770
80592 58622 140770
140770 58622 80592
89614 8778 42639
8778 42639 89614
42639 8778 89614
87815 14491 111896
111896 14491 87815
14491 87815 111896
82015 28163 91207
91207 28163 82015
28163 82015 91207
48317 65684 74410
65684 48317 74410
74410 48317 65684
6722 75878 98273
98273 6722 75878
75878 6722 98273
131943 44673 112116
112116 44673 131943
44673 112116 131943
77754 39335 43023
43023 39335 77754
39335 43023 77754
11227 21328 98070
98070 11227 21328
21328 11227 98070
59380 5467 148623
148623 5467 59380
5467 59380 148623
14088 72640 80376
72640 14088 80376
80376 14088 72640
134940 115488 119642
115488 119642 134940
119642 115488 134940
135035 28618 138085
138085 28618 135035
28618 135035 138085
50213 5994 102266
5994 50213 102266
102266 5994 50213
125327 103870 149428
149428 103870 125327
103870 125327 149428
19175 18651 124433
124433 18651 19175
18651 19175 124433
106046 104385 143389
104385 106046 143389
143389 104385 106046
88869 4588 136872
136872 4588 88869
4588 88869 136872
138075 2671 76641
76641 2671 138075
2671 76641 138075
56614 14389 55787
55787 14389 56614
14389 55787 56614
42324 63363 87424
63363 42324 87424
87424 42324 63363
91458 21905 40031
21905 40031 91458
40031 21905 91458
41813 35309 44399
44399 35309 41813
35309 41813 44399
148191 116581 141070
141070 116581 148191
116581 141070 148191
23794 57339 80546
57339 23794 80546
80546 23794 57339
57909 38788 113036
38788 57909 113036
113036 38788 57909
58739 4907 72283
4907 58739 72283
72283 4907 58739
111993 90154 115426
90154 111993 115426
115426 90154 111993
69969 409 29144
29144 409 69969
409 29144 69969
104747 18877 38270
18877 38270 104747
38270 18877 104747
60764 18237 53696
53696 18237 60764
18237 53696 60764
60518 46036 142154
46036 60518 142154
142154 46036 60518
144284 49702 103640
49702 103640 144284
103640 49702 144284
68060 120230 131959
131959 68060 120230
120230 68060 131959
138065 15507 91479
15507 91479 138065
91479 15507 138065
40281 88774 140465
88774 40281 140465
140465 40281 88774
89785 522 4063
4063 522 89785
522 4063 89785
91681 1753 34657
34657 1753 91681
1753 34657 91681
52764 65907 66412
65907 52764 66412
66412 52764 65907
51854 41879 75970
41879 51854 75970
75970 41879 51854
41208 59787 133305
133305 41208 59787
59787 41208 133305
82780 39399 110202
110202 39399 82780
39399 82780 110202
35086 109332 135002
135002 35086 109332
109332 35086 135002
110467 77167 149066
149066 77167 110467
77167 110467 149066
59692 53140 98026
98026 53140 59692
53140 59692 98026
77467 70217 101462
70217 77467 101462
101462 70217 77467
27150 3224 127228
3224 27150 127228
127228 3224 27150
7088 11691 88661
88661 7088 11691
11691 7088 88661
126117 47436 53142
53142 47436 126117
47436 53142 126117
31817 17928 60507
17928 31817 60507
60507 17928 31817
43165 10681 34922
34922 10681 43165
10681 34922 43165
139671 1244 108475
108475 1244 139671
1244 108475 139671
123293 36963 73506
73506 36963 123293
36963 73506 123293
104369 47376 83233
83233 47376 104369
47376 83233 104369
32120 7526 130033
130033 7526 32120
7526 32120 130033
27678 8507 138010
8507 27678 138010
138010 8507 27678
55741 5828 11488
11488 5828 55741
5828 11488 55741
77848 95757 107885
107885 77848 95757
95757 77848 107885
49743 24342 58967
58967 24342 49743
24342 49743 58967
95123 46766 148836
46766 95123 148836
148836 46766 95123
88299 2982 94262
2982 88299 94262
94262 2982 88299
119482 74812 101364
74812 101364 119482
101364 74812 119482
13355 31754 103125
31754 13355 103125
103125 13355 31754
130518 88546 97513
97513 88546 130518
88546 97513 130518
29259 55921 61431
55921 29259 61431
61431 29259 55921
50759 39310 69868
39310 50759 69868
69868 39310 50759
72934 46690 112565
112565 46690 72934
46690 72934 112565
76986 98907 121180
121180 76986 98907
98907 76986 121180
103363 36432 145831
145831 36432 103363
36432 103363 145831
129008 53414 57516
53414 57516 129008
57516 53414 129008
131915 60528 96844
96844 60528 131915
60528 96844 131915
63209 95144 126010
95144 63209 126010
126010 63209 95144
34942 29009 78742
78742 29009 34942
29009 34942 78742
25917 13810 51324
13810 25917 51324
51324 13810 25917
85699 30670 53654
53654 30670 85699
30670 53654 85699
145483 49507 108640
108640 49507 145483
49507 108640 145483
61741 131405 149736
149736 61741 131405
131405 61741 149736
131625 4573 33929
4573 33929 131625
33929 4573 131625
123676 18482 120542
120542 18482 123676
18482 120542 123676
144766 5957 86872
86872 5957 144766
5957 86872 144766
27593 49627 79454
79454 27593 49627
49627 27593 79454
30577 58178 83238
58178 30577 83238
83238 30577 58178
76402 11321 132866
11321 76402 132866
132866 11321 76402
134192 3889 119596
3889 119596 134192
119596 3889 134192
47202 36160 83400
36160 47202 83400
83400 36160 47202
79829 92919 124003
124003 79829 92919
92919 79829 124003
5666 90894 120015
120015 5666 90894
90894 5666 120015
42657 19182 76194
76194 19182 42657
19182 42657 76194
54065 46816 73394
46816 54065 73394
73394 46816 54065
56171 1936 43561
43561 1936 56171
1936 43561 56171
3964 107667 117179
107667 3964 117179
117179 3964 107667
4034 19882 89618
89618 4034 19882
19882 4034 89618
120654 27888 40541
40541 27888 120654
27888 40541 120654
65674 28088 32107
32107 28088 65674
28088 32107 65674
96923 39872 112389
39872 96923 112389
112389 39872 96923
59508 21735 113319
21735 59508 113319
113319 21735 59508
70592 5368 112672
112672 5368 70592
5368 70592 112672
72092 37397 61146
37397 61146 72092
61146 37397 72092
105954 113912 121542
113912 105954 121542
121542 105954 113912
139398 87326 140354
140354 87326 139398
87326 139398 140354
49356 84126 135529
135529 49356 84126
84126 49356 135529
30909 136249 142515
142515 30909 136249
136249 30909 142515
138894 106100 130018
130018 106100 138894
106100 130018 138894
51862 42446 113648
113648 42446 51862
42446 51862 113648
132349 27215 104472
104472 27215 132349
27215 104472 132349
65204 8640 63431
8640 63431 65204
63431 8640 65204
128643 7440 132912
7440 128643 132912
132912 7440 128643
40506 29492 136876
29492 40506 136876
136876 29492 40506
20946 52196 120585
52196 20946 120585
120585 20946 52196
52713 47616 89234
89234 47616 52713
47616 52713 89234
32292 4431 23913
23913 4431 32292
4431 23913 32292
69891 58387 71918
71918 58387 69891
58387 69891 71918
102763 122667 127322
127322 102763 122667
122667 102763 127322
6710 12309 27138
12309 6710 27138
27138 6710 12309
50096 53782 74813
53782 50096 74813
74813 50096 53782
24686 8979 33174
8979 24686 33174
33174 8979 24686
67266 20158 99546
99546 20158 67266
20158 67266 99546
19990 6237 122005
122005 6237 19990
6237 19990 122005
108080 58341 94949
58341 94949 108080
94949 58341 108080
98389 114585 117624
114585 98389 117624
117624 98389 114585
8926 59976 93767
59976 8926 93767
93767 8926 59976
108925 12674 21408
21408 12674 108925
12674 21408 108925
25496 58001 125913
125913 25496 58001
58001 25496 125913
119128 10495 50534
50534 10495 119128
10495 50534 119128
113828 72204 140777
72204 113828 140777
140777 72204 113828
24190 88955 113275
88955 24190 113275
113275 24190 88955
38519 1921 60105
60105 1921 38519
1921 38519 60105
46424 26964 108615
108615 26964 46424
26964 46424 108615
145395 72228 119211
72228 119211 145395
119211 72228 145395
29239 42828 52888
52888 29239 42828
42828 29239 52888
108241 47923 94322
47923 94322 108241
94322 47923 108241
46297 85077 118657
85077 46297 118657
118657 46297 85077
74452 8410 129885
8410 74452 129885
129885 8410 74452
121303 52442 91649
91649 52442 121303
52442 91649 121303
136581 70916 83327
70916 83327 136581
83327 70916 136581
9301 49949 146400
146400 9301 49949
49949 9301 146400
4376 88063 88706
88706 4376 88063
88063 4376 88706
76860 114247 125663
125663 76860 114247
114247 76860 125663
50836 37984 129082
37984 50836 129082
129082 37984 50836
140209 62387 149047
149047 62387 140209
62387 140209 149047
139703 128020 134492
134492 128020 139703
128020 134492 139703
67120 73031 128589
128589 67120 73031
73031 67120 128589
19251 16192 86330
16192 19251 86330
86330 16192 19251
64935 17053 53242
53242 17053 64935
17053 53242 64935
96016 18526 90215
18526 90215 96016
90215 18526 96016
106733 21872 67345
67345 21872 106733
21872 67345 106733
17949 38867 136604
38867 17949 136604
136604 17949 38867
65604 12979 24723
24723 12979 65604
12979 24723 65604
44715 108135 131879
131879 44715 108135
108135 44715 131879
27995 39810 86118
39810 27995 86118
86118 27995 39810
52701 7122 29098
7122 29098 52701
29098 7122 52701
9252 140017 140396
140396 9252 140017
140017 9252 140396
903 9462 45479
45479 903 9462
9462 903 45479
70426 73762 97434
97434 70426 73762
73762 70426 97434
3610 95963 99002
99002 3610 95963
95963 3610 99002
48293 11365 83235
11365 48293 83235
83235 11365 48293
5132 19595 139172
19595 5132 139172
139172 5132 19595
85247 27862 123867
27862 85247 123867
123867 27862 85247
141492 90346 96304
90346 96304 141492
96304 90346 141492
17063 8715 85366
8715 17063 85366
85366 8715 17063
90145 1146 72534
1146 72534 90145
72534 1146 90145
82136 108101 147355
147355 82136 108101
108101 82136 147355
92055 69563 92271
69563 92055 92271
92271 69563 92055
97692 19067 51193
51193 19067 97692
19067 51193 97692
32684 128815 148633
128815 32684 148633
148633 32684 128815
138934 21091 113142
21091 113142 138934
113142 21091 138934
45294 16987 47093
16987 45294 47093
47093 16987 45294
94696 106406 130390
130390 94696 106406
106406 94696 130390
73336 26192 37028
26192 37028 73336
37028 26192 73336
72199 67986 149464
67986 72199 149464
149464 67986 72199
82731 2996 97969
2996 82731 97969
97969 2996 82731
139364 51952 108046
51952 108046 139364
108046 51952 139364
42035 109877 111832
109877 42035 111832
111832 42035 109877
119997 76248 118053
118053 76248 119997
76248 118053 119997
72247 92771 122742
122742 72247 92771
92771 72247 122742
114020 43080 134440
134440 43080 114020
43080 114020 134440
42413 35932 146749
146749 35932 42413
35932 42413 146749
14591 43646 139330
43646 14591 139330
139330 14591 43646
3382 77090 131647
131647 3382 77090
77090 3382 131647
35942 607 39714
39714 607 35942
607 35942 39714
114438 8204 143335
8204 114438 143335
143335 8204 114438
102072 59339 119176
119176 59339 102072
59339 102072 119176
116144 25485 100439
25485 100439 116144
100439 25485 116144
44851 124045 146020
146020 44851 124045
124045 44851 146020
95013 26413 39421
39421 26413 95013
26413 39421 95013
27458 28594 120199
120199 27458 28594
28594 27458 120199
31786 50009 83901
50009 31786 83901
83901 31786 50009
81253 96983 112307
96983 81253 112307
112307 81253 96983
81682 16967 57285
57285 16967 81682
16967 57285 81682
66908 25622 105680
105680 25622 66908
25622 66908 105680
68813 45645 82371
45645 68813 82371
82371 45645 68813
8101 7123 55402
55402 7123 8101
7123 8101 55402
16912 58298 114758
58298 16912 114758
114758 16912 58298
29243 55389 80929
55389 29243 80929
80929 29243 55389
139025 47009 51977
47009 51977 139025
51977 47009 139025
141579 110449 114743
114743 110449 141579
110449 114743 141579
88034 123125 127566
123125 88034 127566
127566 88034 123125
76887 97540 131627
97540 76887 131627
131627 76887 97540
89511 99991 127488
127488 89511 99991
99991 89511 127488
26389 8599 113230
8599 26389 113230
113230 8599 26389
108595 8793 145030
8793 108595 145030
145030 8793 108595
110328 60695 149738
149738 60695 110328
60695 110328 149738
782 82192 146930
146930 782 82192
82192 782 146930
130771 74509 81250
74509 81250 130771
81250 74509 130771
5616 5910 52616
5910 5616 52616
52616 5616 5910
56857 84706 84758
84758 56857 84706
84706 56857 84758
70734 14851 16813
16813 14851 70734
14851 16813 70734
13723 27841 149192
27841 13723 149192
149192 13723 27841
74234 78512 146467
146467 74234 78512
78512 74234 146467
114809 13843 76651
13843 76651 114809
76651 13843 114809
146805 119278 128231
119278 128231 146805
128231 119278 146805
100928 140164 142712
140164 100928 142712
142712 100928 140164
21435 22054 139135
22054 21435 139135
139135 21435 22054
4950 16052 127463
127463 4950 16052
16052 4950 127463
45626 61428 117863
117863 45626 61428
61428 45626 117863
14932 51886 85274
51886 14932 85274
85274 14932 51886
61510 85706 102561
102561 61510 85706
85706 61510 102561
68435 8503 50870
8503 50870 68435
50870 8503 68435
1105 18867 82200
82200 1105 18867
18867 1105 82200
126942 56543 91135
91135 56543 126942
56543 91135 126942
6376 54552 100105
54552 6376 100105
100105 6376 54552
61189 76773 77356
76773 61189 77356
77356 61189 76773
15460 45994 93252
93252 15460 45994
45994 15460 93252
29887 43592 69515
69515 29887 43592
43592 29887 69515
71141 61029 77399
61029 71141 77399
77399 61029 71141
6568 61686 112301
112301 6568 61686
61686 6568 112301
148897 16729 142844
142844 16729 148897
16729 142844 148897
49952 29655 110470
110470 29655 49952
29655 49952 110470
70707 81913 142131
81913 70707 142131
142131 70707 81913
112279 58355 63651
63651 58355 112279
58355 63651 112279
134447 30071 135662
30071 134447 135662
135662 30071 134447
51958 3349 82746
82746 3349 51958
3349 51958 82746
113446 13581 83721
83721 13581 113446
13581 83721 113446
66394 13482 69553
13482 66394 69553
69553 13482 66394
110164 3401 31357
3401 31357 110164
31357 3401 110164
92254 8025 143538
8025 92254 143538
143538 8025 92254
132058 63017 112971
63017 112971 132058
112971 63017 132058
62039 91687 131778
131778 62039 91687
91687 62039 131778
60250 81548 147695
81548 60250 147695
147695 60250 81548
19129 42301 117578
42301 19129 117578
117578 19129 42301
119006 4187 82414
4187 82414 119006
82414 4187 119006
18853 52337 127758
52337 18853 127758
127758 18853 52337
149134 15015 92072
92072 15015 149134
15015 92072 149134
29094 112462 138818
112462 29094 138818
138818 29094 112462
128507 1349 100269
1349 100269 128507
100269 1349 128507
123379 27519 140797
27519 123379 140797
140797 27519 123379
7584 18640 35112
18640 7584 35112
35112 7584 18640
112192 34833 97535
34833 97535 112192
97535 34833 112192
77974 33141 70220
33141 70220 77974
70220 33141 77974
62700 33749 146487
33749 62700 146487
146487 33749 62700
64339 13475 90963
13475 64339 90963
90963 13475 64339
80199 75120 96280
75120 80199 96280
96280 75120 80199
67825 71507 99249
71507 67825 99249
99249 67825 71507
24019 104963 130157
130157 24019 104963
104963 24019 130157
88674 25379 94377
25379 88674 94377
94377 25379 88674
2350 31799 70509
31799 2350 70509
70509 2350 31799
90424 26711 111983
26711 90424 111983
111983 26711 90424
30588 50231 96605
96605 30588 50231
50231 30588 96605
27956 84808 86881
86881 27956 84808
84808 27956 86881
95337 85228 130933
85228 95337 130933
130933 85228 95337
98185 48667 54908
54908 48667 98185
48667 54908 98185
46914 44824 126573
44824 46914 126573
126573 44824 46914
81961 74989 135561
74989 81961 135561
135561 74989 81961
86498 72030 81399
72030 81399 86498
81399 72030 86498
106271 34973 81002
34973 81002 106271
81002 34973 106271
54173 6282 127966
127966 6282 54173
6282 54173 127966
6609 93284 116509
93284 6609 116509
116509 6609 93284
44239 28738 32255
32255 28738 44239
28738 32255 44239
80569 94501 145481
94501 80569 145481
145481 80569 94501
112854 9481 28783
9481 28783 112854
28783 9481 112854
51893 90191 112378
112378 51893 90191
90191 51893 112378
45224 45145 65887
65887 45145 45224
45145 45224 65887
121306 19492 32445
32445 19492 121306
19492 32445 121306
101810 35337 145303
35337 101810 145303
145303 35337 101810
24013 19540 102011
102011 19540 24013
19540 24013 102011
141714 4622 96736
4622 96736 141714
96736 4622 141714
105676 49130 126301
49130 105676 126301
126301 49130 105676
26919 40881 106527
106527 26919 40881
40881 26919 106527
5529 99682 141231
99682 5529 141231
141231 5529 99682
60727 1901 146340
146340 1901 60727
1901 60727 146340
15878 16087 78082
78082 15878 16087
16087 15878 78082
23801 101211 145682
101211 23801 145682
145682 23801 101211
3294 23067 128095
128095 3294 23067
23067 3294 128095
119163 164 70994
164 70994 119163
70994 164 119163
95897 22460 66046
22460 66046 95897
66046 22460 95897
100839 33592 37685
33592 37685 100839
37685 33592 100839
112248 6327 23905
23905 6327 112248
6327 23905 112248
5659 57382 142390
142390 5659 57382
57382 5659 142390
136552 90096 99996
99996 90096 136552
90096 99996 136552
46126 101867 109892
101867 46126 109892
109892 46126 101867
103176 49170 141935
49170 103176 141935
141935 49170 103176
40262 48469 66452
48469 40262 66452
66452 40262 48469
25311 31167 36102
31167 25311 36102
36102 25311 31167
18581 36856 85925
36856 18581 85925
85925 18581 36856
134189 87335 96107
96107 87335 134189
87335 96107 134189
144497 8983 81254
81254 8983 144497
8983 81254 144497
82144 72094 110781
110781 72094 82144
72094 82144 110781
57052 99949 101617
101617 57052 99949
99949 57052 101617
20841 27979 144487
144487 20841 27979
27979 20841 144487
69980 64154 121134
64154 69980 121134
121134 64154 69980
97472 94108 126440
94108 97472 126440
126440 94108 97472
14789 46253 134531
134531 14789 46253
46253 14789 134531
45705 8314 123638
123638 8314 45705
8314 45705 123638
142067 33474 88086
88086 33474 142067
33474 88086 142067
130181 12461 97279
12461 97279 130181
97279 12461 130181
59802 21223 69967
21223 59802 69967
69967 21223 59802
4892 72569 137873
72569 4892 137873
137873 4892 72569
90448 46795 77990
46795 77990 90448
77990 46795 90448
19017 23152 64030
64030 19017 23152
23152 19017 64030
124502 44363 127648
44363 124502 127648
127648 44363 124502
99650 3481 55419
3481 55419 99650
55419 3481 99650
112195 1591 97709
1591 97709 112195
97709 1591 112195
72972 54546 72397
72397 54546 72972
54546 72397 72972
148908 20859 121769
121769 20859 148908
20859 121769 148908
139195 52638 55609
55609 52638 139195
52638 55609 139195
62815 137687 143590
143590 62815 137687
137687 62815 143590
79391 127340 131009
131009 79391 127340
127340 79391 131009
89693 18924 102978
18924 89693 102978
102978 18924 89693
146530 160 100913
100913 160 146530
160 100913 146530
28672 23743 42573
42573 23743 28672
23743 28672 42573
134709 28951 65756
65756 28951 134709
28951 65756 134709
29918 27250 40849
27250 29918 40849
40849 27250 29918
83330 3900 96294
96294 3900 83330
3900 83330 96294
143666 32695 143550
32695 143550 143666
143550 32695 143666
7983 5198 30537
30537 5198 7983
5198 7983 30537
47587 9129 15726
15726 9129 47587
9129 15726 47587
48818 70083 81941
70083 48818 81941
81941 48818 70083
8654 22785 103450
22785 8654 103450
103450 8654 22785
86283 133966 140085
140085 86283 133966
133966 86283 140085
80162 1705 133725
133725 1705 80162
1705 80162 133725
32874 47517 127969
47517 32874 127969
127969 32874 47517
26324 60580 87186
60580 26324 87186
87186 26324 60580
107363 77482 135863
77482 107363 135863
135863 77482 107363
73062 69676 87722
87722 69676 73062
69676 73062 87722
83669 55510 136067
136067 55510 83669
55510 83669 136067
26810 24681 35268
24681 26810 35268
35268 24681 26810
36198 30390 42989
30390 36198 42989
42989 30390 36198
118482 129905 134445
134445 118482 129905
129905 118482 134445
52052 44741 129313
44741 52052 129313
129313 44741 52052
129943 16906 117021
117021 16906 129943
16906 117021 129943
56058 7617 79999
7617 56058 79999
79999 7617 56058
37140 106369 144853
106369 37140 144853
144853 37140 106369
27209 65191 73011
65191 27209 73011
73011 27209 65191
132421 48070 101155
48070 101155 132421
101155 48070 132421
136393 25848 100608
25848 100608 136393
100608 25848 136393
128053 11012 107352
11012 107352 128053
107352 11012 128053
87453 45817 117309
45817 87453 117309
117309 45817 87453
19948 132884 145582
145582 19948 132884
132884 19948 145582
93415 93803 141931
93803 93415 141931
141931 93415 93803
24414 35006 109661
35006 24414 109661
109661 24414 35006
11673 15265 89132
89132 11673 15265
15265 11673 89132
14266 236 145528
145528 236 14266
236 14266 145528
134171 39165 116446
39165 116446 134171
116446 39165 134171
106636 105057 139327
139327 105057 106636
105057 106636 139327
42605 84671 137534
137534 42605 84671
84671 42605 137534
11597 19336 33971
33971 11597 19336
19336 11597 33971
20063 33877 87717
87717 20063 33877
33877 20063 87717
135196 37907 131195
131195 37907 135196
37907 131195 135196
73743 576 30776
576 30776 73743
30776 576 73743
120195 20115 100864
20115 100864 120195
100864 20115 120195
16210 64067 104810
64067 16210 104810
104810 16210 64067
29829 92722 119372
119372 29829 92722
92722 29829 119372
55706 121422 143425
143425 55706 121422
121422 55706 143425
17295 61842 89944
89944 17295 61842
61842 17295 89944
50060 97658 116367
116367 50060 97658
97658 50060 116367
3524 47806 125594
125594 3524 47806
47806 3524 125594
46971 43927 131384
131384 43927 46971
43927 46971 131384
122560 87237 132371
87237 122560 132371
132371 87237 122560
78947 1519 2944
1519 2944 78947
2944 1519 78947
76770 108187 122989
122989 76770 108187
108187 76770 122989
116708 33801 129771
33801 116708 129771
129771 33801 116708
138880 55941 91542
55941 91542 138880
91542 55941 138880
7416 27882 131031
27882 7416 131031
131031 7416 27882
133086 59302 123815
59302 123815 133086
123815 59302 133086
96752 91079 110586
110586 91079 96752
91079 96752 110586
65543 57791 131503
57791 65543 131503
131503 57791 65543
130598 4464 128334
128334 4464 130598
4464 128334 130598
109012 45016 108370
45016 108370 109012
108370 45016 109012
89123 10248 133190
133190 10248 89123
10248 89123 133190
62498 51767 107575
107575 51767 62498
51767 62498 107575
121438 13364 121987
13364 121438 121987
121987 13364 121438
49315 38456 88350
88350 38456 49315
38456 49315 88350
103077 42626 64403
64403 42626 103077
42626 64403 103077
89593 99927 135838
135838 89593 99927
99927 89593 135838
113252 29256 36072
29256 36072 113252
36072 29256 113252
88123 3358 37671
37671 3358 88123
3358 37671 88123
29078 26614 26635
26614 26635 29078
26635 26614 29078
61192 48978 89334
48978 61192 89334
89334 48978 61192
119613 80601 100092
100092 80601 119613
80601 100092 119613
103955 44876 85479
85479 44876 103955
44876 85479 103955
35413 103457 123848
123848 35413 103457
103457 35413 123848
32291 20614 32096
20614 32096 32291
32096 20614 32291
40760 97486 143171
97486 40760 143171
143171 40760 97486
130891 4253 41993
4253 41993 130891
41993 4253 130891
24512 69631 141873
69631 24512 141873
141873 24512 69631
49495 50166 55643
50166 49495 55643
55643 49495 50166
3609 44281 118732
118732 3609 44281
44281 3609 118732
101065 61160 120436
61160 101065 120436
120436 61160 101065
71252 275 100889
275 71252 100889
100889 275 71252
57595 104389 114142
104389 57595 114142
114142 57595 104389
7712 41618 134004
41618 7712 134004
134004 7712 41618
86938 105031 146791
146791 86938 105031
105031 86938 146791
130990 14942 90037
14942 90037 130990
90037 14942 130990
146713 50115 71934
50115 71934 146713
71934 50115 146713
134913 96585 102123
102123 96585 134913
96585 102123 134913
123200 97532 123994
123994 97532 123200
97532 123200 123994
6069 46280 129777
129777 6069 46280
46280 6069 129777
82336 9802 31780
31780 9802 82336
9802 31780 82336
140271 65034 149023
65034 140271 149023
149023 65034 140271
26507 88678 100445
88678 26507 100445
100445 26507 88678
34203 14098 28748
14098 28748 34203
28748 14098 34203
54741 66390 120522
66390 54741 120522
120522 54741 66390
30634 34567 69480
69480 30634 34567
34567 30634 69480
56056 35430 114127
35430 56056 114127
114127 35430 56056
29038 114379 139716
114379 29038 139716
139716 29038 114379
130476 28591 47323
47323 28591 130476
28591 47323 130476
93402 83217 128897
128897 83217 93402
83217 93402 128897
80971 18657 61967
18657 61967 80971
61967 18657 80971
54842 88096 143081
88096 54842 143081
143081 54842 88096
134409 112979 149842
149842 112979 134409
112979 134409 149842
141565 143405 147664
143405 141565 147664
147664 141565 143405
5348 103897 118147
118147 5348 103897
103897 5348 118147
77008 23285 57826
57826 23285 77008
23285 57826 77008
69096 16862 29217
16862 29217 69096
29217 16862 69096
23831 6042 10194
6042 10194 23831
10194 6042 23831
66887 26935 90125
90125 26935 66887
26935 66887 90125
101111 10826 60947
60947 10826 101111
10826 60947 101111
35907 7927 116994
116994 7927 35907
7927 35907 116994
40692 51831 61350
51831 40692 61350
61350 40692 51831
116639 135106 137079
137079 116639 135106
135106 116639 137079
35801 67163 89009
89009 35801 67163
67163 35801 89009
33608 29916 53842
53842 29916 33608
29916 33608 53842
55674 13666 73956
13666 55674 73956
73956 13666 55674
112246 26060 126125
126125 26060 112246
26060 112246 126125
28851 94908 98055
98055 28851 94908
94908 28851 98055
126854 605 86732
86732 605 126854
605 86732 126854
24470 28928 68991
68991 24470 28928
28928 24470 68991
62919 79566 146317
79566 62919 146317
146317 62919 79566
43172 21411 28801
28801 21411 43172
21411 28801 43172
141923 98604 104987
98604 104987 141923
104987 98604 141923
141890 34042 108981
108981 34042 141890
34042 108981 141890
36755 2020 136920
2020 36755 136920
136920 2020 36755
71159 29908 102126
29908 71159 102126
102126 29908 71159
79190 3169 75157
75157 3169 79190
3169 75157 79190
58907 130814 149522
149522 58907 130814
130814 58907 149522
118413 54252 117662
54252 117662 118413
117662 54252 118413
20589 1796 142770
142770 1796 20589
1796 20589 142770
38473 15031 91598
15031 38473 91598
91598 15031 38473
100802 5347 41191
5347 41191 100802
41191 5347 100802
86453 36682 142010
36682 86453 142010
142010 36682 86453
11780 76718 121491
76718 11780 121491
121491 11780 76718
32724 113135 119963
119963 32724 113135
113135 32724 119963
148094 78225 145235
78225 145235 148094
145235 78225 148094
34145 55994 139510
55994 34145 139510
139510 34145 55994
28398 86428 143128
143128 28398 86428
86428 28398 143128
143759 59364 128668
128668 59364 143759
59364 128668 143759
7443 23813 59690
59690 7443 23813
23813 7443 59690
47612 42173 84093
84093 42173 47612
42173 47612 84093
59657 37048 79433
79433 37048 59657
37048 59657 79433
47205 6068 106930
6068 47205 106930
106930 6068 47205
10830 110526 133592
133592 10830 110526
110526 10830 133592
93078 35484 145445
145445 35484 93078
35484 93078 145445
74703 46438 74583
74583 46438 74703
46438 74583 74703
28991 29904 46268
46268 28991 29904
29904 28991 46268
128888 79932 141281
79932 128888 141281
141281 79932 128888
59083 108765 133511
133511 59083 108765
108765 59083 133511
73096 12736 23020
23020 12736 73096
12736 23020 73096
75839 108427 122659
108427 75839 122659
122659 75839 108427
31966 27745 142558
27745 31966 142558
142558 27745 31966
7989 71361 73413
73413 7989 71361
71361 7989 73413
80991 59328 128953
59328 80991 128953
128953 59328 80991
125066 10599 131567
10599 125066 131567
131567 10599 125066
105128 62382 91314
91314 62382 105128
62382 91314 105128
119787 14366 48582
14366 48582 119787
48582 14366 119787
5581 77411 120033
120033 5581 77411
77411 5581 120033
107233 13710 71673
71673 13710 107233
13710 71673 107233
46223 91918 137621
91918 46223 137621
137621 46223 91918
134807 90491 116236
116236 90491 134807
90491 116236 134807
143131 29502 104338
104338 29502 143131
29502 104338 143131
47350 54999 78481
78481 47350 54999
54999 47350 78481
57430 102993 117996
102993 57430 117996
117996 57430 102993
72786 29119 77973
29119 72786 77973
77973 29119 72786
108812 113903 123972
123972 108812 113903
113903 108812 123972
129190 26753 68516
68516 26753 129190
26753 68516 129190
95387 9012 97958
97958 9012 95387
9012 95387 97958
51342 59292 72049
59292 51342 72049
72049 51342 59292
130758 3228 115827
3228 115827 130758
115827 3228 130758
90252 63525 86250
63525 86250 90252
86250 63525 90252
131749 6789 17691
6789 17691 131749
17691 6789 131749
73664 53797 117243
53797 73664 117243
117243 53797 73664
31031 8181 96330
96330 8181 31031
8181 31031 96330
149510 7145 143925
143925 7145 149510
7145 143925 149510
76428 86978 114886
114886 76428 86978
86978 76428 114886
72167 52999 99089
52999 72167 99089
99089 52999 72167
101602 90035 129767
129767 90035 101602
90035 101602 129767
144473 44871 112335
44871 112335 144473
112335 44871 144473
55089 78737 134457
78737 55089 134457
134457 55089 78737
137641 49036 140387
49036 137641 140387
140387 49036 137641
72747 4792 60358
60358 4792 72747
4792 60358 72747
5865 599 108367
108367 599 5865
599 5865 108367
133338 17908 37799
17908 37799 133338
37799 17908 133338
90468 48907 144988
144988 48907 90468
48907 90468 144988
32529 4440 22343
4440 22343 32529
22343 4440 32529
103 106710 107918
106710 103 107918
107918 103 106710
51981 45476 105869
45476 51981 105869
105869 45476 51981
135381 71393 80335
80335 71393 135381
71393 80335 135381
118468 105133 123042
105133 118468 123042
123042 105133 118468
12537 78796 105308
105308 12537 78796
78796 12537 105308
16848 53698 137730
53698 16848 137730
137730 16848 53698
26203 4447 94847
4447 26203 94847
94847 4447 26203
50015 16456 85542
16456 50015 85542
85542 16456 50015
149087 19 136119
19 136119 149087
136119 19 149087
122045 72174 137780
72174 122045 137780
137780 72174 122045
22218 9723 74695
9723 22218 74695
74695 9723 22218
64001 18899 117976
117976 18899 64001
18899 64001 117976
63161 24595 103286
103286 24595 63161
24595 63161 103286
89407 64744 124557
64744 89407 124557
124557 64744 89407
128234 52793 95177
95177 52793 128234
52793 95177 128234
51067 61760 148058
148058 51067 61760
61760 51067 148058
40326 115717 131150
115717 40326 131150
131150 40326 115717
35697 2193 93684
2193 35697 93684
93684 2193 35697
5365 42307 55626
42307 5365 55626
55626 5365 42307
24464 94025 147920
