2215 13813 14168
13813 2215 14168
14168 2215 13813
1712 3350 9194
3350 1712 9194
9194 1712 3350
10166 419 559
559 419 10166
419 559 10166
2608 1878 9641
9641 1878 2608
1878 2608 9641
13212 8266 12990
8266 12990 13212
12990 8266 13212
2275 1607 5549
5549 1607 2275
1607 2275 5549
4140 1275 8387
1275 4140 8387
8387 1275 4140
4089 2257 9418
2257 4089 9418
9418 2257 4089
8222 10297 11545
10297 8222 11545
11545 8222 10297
11894 8382 12937
12937 8382 11894
8382 11894 12937
2735 7658 7989
7989 2735 7658
7658 2735 7989
10004 2879 10042
2879 10004 10042
10042 2879 10004
4192 5753 9556
9556 4192 5753
5753 4192 9556
3083 3128 14318
3128 3083 14318
14318 3083 3128
2823 552 14377
14377 552 2823
552 2823 14377
8743 775 10217
775 8743 10217
10217 775 8743
7884 2792 7250
2792 7250 7884
7250 2792 7884
9780 11329 12716
11329 9780 12716
12716 9780 11329
1387 2391 14289
14289 1387 2391
2391 1387 14289
10805 691 6331
691 6331 10805
6331 691 10805
9813 5026 12375
5026 9813 12375
12375 5026 9813
1415 7697 13637
7697 1415 13637
13637 1415 7697
12107 2005 7392
7392 2005 12107
2005 7392 12107
13985 3622 10671
3622 10671 13985
10671 3622 13985
13797 11173 12954
11173 12954 13797
12954 11173 13797
2722 3034 5286
3034 2722 5286
5286 2722 3034
6951 7206 9044
9044 6951 7206
7206 6951 9044
10464 8598 9181
8598 9181 10464
9181 8598 10464
5795 4754 6071
6071 4754 5795
4754 5795 6071
2155 1242 8403
8403 1242 2155
1242 2155 8403
8727 5265 10008
10008 5265 8727
5265 8727 10008
7934 3672 5458
5458 3672 7934
3672 5458 7934
2483 10491 11003
10491 2483 11003
11003 2483 10491
8654 9596 13941
9596 8654 13941
13941 8654 9596
8976 7413 14015
14015 7413 8976
7413 8976 14015
4747 10721 10870
10870 4747 10721
10721 4747 10870
6656 4103 5288
5288 4103 6656
4103 5288 6656
3292 10229 13304
13304 3292 10229
10229 3292 13304
1001 3352 3561
3561 1001 3352
3352 1001 3561
6853 7656 10407
10407 6853 7656
7656 6853 10407
3447 10875 11691
11691 3447 10875
10875 3447 11691
12458 8396 12869
12869 8396 12458
8396 12458 12869
1398 11915 14585
14585 1398 11915
11915 1398 14585
1971 1938 9018
1938 1971 9018
9018 1938 1971
10219 6415 9070
6415 9070 10219
9070 6415 10219
12401 3415 12926
3415 12401 12926
12926 3415 12401
9175 2094 3881
3881 2094 9175
2094 3881 9175
8096 19 8488
19 8096 8488
8488 19 8096
136 553 1220
553 136 1220
1220 136 553
5644 2013 7569
2013 5644 7569
7569 2013 5644
10645 7874 11694
11694 7874 10645
7874 10645 11694
2721 7399 13783
13783 2721 7399
7399 2721 13783
1902 34 14493
14493 34 1902
34 1902 14493
10489 4114 13885
4114 10489 13885
13885 4114 10489
5659 5421 10007
10007 5421 5659
5421 5659 10007
170 2027 7122
7122 170 2027
2027 170 7122
10237 9629 14983
14983 9629 10237
9629 10237 14983
3954 1837 6650
1837 3954 6650
6650 1837 3954
11499 1377 12996
12996 1377 11499
1377 11499 12996
12635 5010 10528
5010 10528 12635
10528 5010 12635
12777 3814 9495
9495 3814 12777
3814 9495 12777
14269 5621 12634
12634 5621 14269
5621 12634 14269
1224 1741 8955
8955 1224 1741
1741 1224 8955
12576 7107 10976
10976 7107 12576
7107 10976 12576
264 6532 14513
6532 264 14513
14513 264 6532
5734 1486 11310
11310 1486 5734
1486 5734 11310
4655 1937 14945
14945 1937 4655
1937 4655 14945
1085 5643 7288
7288 1085 5643
5643 1085 7288
4472 8981 10973
8981 4472 10973
10973 4472 8981
14538 2010 10376
2010 10376 14538
10376 2010 14538
146 8193 8573
8573 146 8193
8193 146 8573
1246 7820 10466
7820 1246 10466
10466 1246 7820
11771 1727 2900
1727 2900 11771
2900 1727 11771
13803 106 12876
106 12876 13803
12876 106 13803
8399 501 13405
501 8399 13405
13405 501 8399
138 3441 14733
14733 138 3441
3441 138 14733
9249 4123 9818
4123 9249 9818
9818 4123 9249
13578 2979 9310
9310 2979 13578
2979 9310 13578
2996 1473 5825
5825 1473 2996
1473 2996 5825
7757 5497 14094
14094 5497 7757
5497 7757 14094
2580 6686 11702
6686 2580 11702
11702 2580 6686
8876 901 6880
901 6880 8876
6880 901 8876
12365 6316 11878
11878 6316 12365
6316 11878 12365
6592 2666 14626
14626 2666 6592
2666 6592 14626
14274 2593 9883
9883 2593 14274
2593 9883 14274
13543 7785 12329
12329 7785 13543
7785 12329 13543
11462 5685 7560
7560 5685 11462
5685 7560 11462
1404 5140 12033
12033 1404 5140
5140 1404 12033
10553 1963 2033
2033 1963 10553
1963 2033 10553
6756 9506 11123
11123 6756 9506
9506 6756 11123
4372 3595 13374
3595 4372 13374
13374 3595 4372
1567 8366 10242
8366 1567 10242
10242 1567 8366
10447 2061 4915
2061 4915 10447
4915 2061 10447
5891 5021 13487
5021 5891 13487
13487 5021 5891
216 5744 7388
7388 216 5744
5744 216 7388
11807 5661 8612
5661 8612 11807
8612 5661 11807
2235 7896 14159
7896 2235 14159
14159 2235 7896
5904 1179 8893
8893 1179 5904
1179 5904 8893
1072 11505 14536
14536 1072 11505
11505 1072 14536
12960 10215 13755
10215 12960 13755
13755 10215 12960
9867 8966 10253
8966 9867 10253
10253 8966 9867
8313 9464 12184
9464 8313 12184
12184 8313 9464
7493 12469 14754
14754 7493 12469
12469 7493 14754
7879 4108 6934
6934 4108 7879
4108 6934 7879
10101 5420 11001
5420 10101 11001
11001 5420 10101
1983 4199 11943
11943 1983 4199
4199 1983 11943
9920 3127 3564
3127 3564 9920
3564 3127 9920
8843 4016 9681
9681 4016 8843
4016 8843 9681
467 2401 10673
2401 467 10673
10673 467 2401
5848 8829 12067
8829 5848 12067
12067 5848 8829
1449 2692 8904
8904 1449 2692
2692 1449 8904
9271 1884 8226
8226 1884 9271
1884 8226 9271
8849 2919 3901
2919 3901 8849
3901 2919 8849
13112 2705 12482
12482 2705 13112
2705 12482 13112
2843 6509 12860
12860 2843 6509
6509 2843 12860
12617 1436 8846
8846 1436 12617
1436 8846 12617
4932 601 8484
601 4932 8484
8484 601 4932
8450 13157 14897
13157 8450 14897
14897 8450 13157
6531 2191 11827
2191 6531 11827
11827 2191 6531
9124 3123 4416
4416 3123 9124
3123 4416 9124
367 5089 11255
11255 367 5089
5089 367 11255
7001 3728 13190
3728 7001 13190
13190 3728 7001
12920 8034 14078
14078 8034 12920
8034 12920 14078
7959 533 3313
3313 533 7959
533 3313 7959
11676 5928 14814
14814 5928 11676
5928 11676 14814
7132 5780 13769
5780 7132 13769
13769 5780 7132
5474 1364 8308
8308 1364 5474
1364 5474 8308
10635 1916 13166
13166 1916 10635
1916 10635 13166
13759 2556 9001
2556 9001 13759
9001 2556 13759
8617 1563 2753
2753 1563 8617
1563 2753 8617
1732 1340 9878
1340 1732 9878
9878 1340 1732
13930 277 13052
277 13052 13930
13052 277 13930
8240 9336 14480
14480 8240 9336
9336 8240 14480
8252 2164 8796
2164 8252 8796
8796 2164 8252
13860 1134 13776
13776 1134 13860
1134 13776 13860
5128 4503 10962
4503 5128 10962
10962 4503 5128
5555 9494 13737
13737 5555 9494
9494 5555 13737
10936 1276 11495
11495 1276 10936
1276 10936 11495
816 348 11515
348 816 11515
11515 348 816
479 6565 7292
7292 479 6565
6565 479 7292
5669 1389 7466
7466 1389 5669
1389 5669 7466
4440 8011 9561
8011 4440 9561
9561 4440 8011
6560 10468 12049
12049 6560 10468
10468 6560 12049
14782 6016 13470
6016 13470 14782
13470 6016 14782
4250 10430 13504
13504 4250 10430
10430 4250 13504
7617 1049 3044
3044 1049 7617
1049 3044 7617
3234 6929 8413
8413 3234 6929
6929 3234 8413
1505 2183 14904
2183 1505 14904
14904 1505 2183
10821 4406 9173
9173 4406 10821
4406 9173 10821
8325 6588 14402
14402 6588 8325
6588 8325 14402
10015 6006 9558
6006 9558 10015
9558 6006 10015
8009 6820 14865
14865 6820 8009
6820 8009 14865
11438 7585 14231
14231 7585 11438
7585 11438 14231
4281 1034 12328
12328 1034 4281
1034 4281 12328
11447 6042 8940
6042 8940 11447
8940 6042 11447
5234 1017 10582
10582 1017 5234
1017 5234 10582
4313 8190 9712
8190 4313 9712
9712 4313 8190
14405 5612 5657
5612 5657 14405
5657 5612 14405
3443 4501 13273
13273 3443 4501
4501 3443 13273
12468 3151 13845
13845 3151 12468
3151 12468 13845
7354 8657 14812
14812 7354 8657
8657 7354 14812
5425 2986 5481
5481 2986 5425
2986 5425 5481
4535 3173 11839
11839 3173 4535
3173 4535 11839
750 1774 6749
6749 750 1774
1774 750 6749
12525 591 6941
6941 591 12525
591 6941 12525
11192 1924 2821
1924 2821 11192
2821 1924 11192
8433 10255 14720
10255 8433 14720
14720 8433 10255
5707 2216 4585
4585 2216 5707
2216 4585 5707
12924 11338 11585
11338 11585 12924
11585 11338 12924
4489 8607 8956
8956 4489 8607
8607 4489 8956
12068 4395 11469
4395 11469 12068
11469 4395 12068
699 10980 11754
10980 699 11754
11754 699 10980
406 3792 9759
3792 406 9759
9759 406 3792
2063 1178 2411
1178 2063 2411
2411 1178 2063
6330 4814 7164
4814 6330 7164
7164 4814 6330
6320 1252 5033
1252 5033 6320
5033 1252 6320
14245 6345 13958
13958 6345 14245
6345 13958 14245
2468 5675 9309
9309 2468 5675
5675 2468 9309
7692 10483 12435
10483 7692 12435
12435 7692 10483
11953 6167 11459
6167 11459 11953
11459 6167 11953
9877 461 2808
2808 461 9877
461 2808 9877
5367 884 3233
3233 884 5367
884 3233 5367
13472 413 7849
7849 413 13472
413 7849 13472
3959 2622 9570
2622 3959 9570
9570 2622 3959
1849 372 9610
9610 372 1849
372 1849 9610
1901 10324 14774
10324 1901 14774
14774 1901 10324
12169 5947 11882
11882 5947 12169
5947 11882 12169
12496 3867 10078
3867 10078 12496
10078 3867 12496
7517 4038 10230
4038 7517 10230
10230 4038 7517
14162 5611 8609
5611 8609 14162
8609 5611 14162
3062 13165 13709
13709 3062 13165
13165 3062 13709
2085 1131 1137
1137 1131 2085
1131 1137 2085
2577 9841 10319
9841 2577 10319
10319 2577 9841
804 716 13620
13620 716 804
716 804 13620
3088 11407 12363
11407 3088 12363
12363 3088 11407
1954 3642 12467
12467 1954 3642
3642 1954 12467
6388 5603 14476
14476 5603 6388
5603 6388 14476
11009 4330 7487
4330 7487 11009
7487 4330 11009
13496 7297 14823
14823 7297 13496
7297 13496 14823
6926 2076 13570
13570 2076 6926
2076 6926 13570
11386 263 2349
263 2349 11386
2349 263 11386
14801 6789 11272
11272 6789 14801
6789 11272 14801
12963 10726 13040
13040 10726 12963
10726 12963 13040
1259 1373 14369
1373 1259 14369
14369 1259 1373
3782 451 1227
451 1227 3782
1227 451 3782
8060 801 4726
4726 801 8060
801 4726 8060
9967 818 13147
13147 818 9967
818 9967 13147
8543 1005 10695
10695 1005 8543
1005 8543 10695
2192 4892 9503
9503 2192 4892
4892 2192 9503
454 336 10843
10843 336 454
336 454 10843
5113 164 4881
4881 164 5113
164 4881 5113
3238 8128 12557
12557 3238 8128
8128 3238 12557
12855 4062 8225
8225 4062 12855
4062 8225 12855
9372 7500 12132
12132 7500 9372
7500 9372 12132
14963 3787 9118
9118 3787 14963
3787 9118 14963
10159 10402 14150
14150 10159 10402
10402 10159 14150
1452 6535 7294
6535 1452 7294
7294 1452 6535
14065 5726 6587
6587 5726 14065
5726 6587 14065
2225 840 12792
840 2225 12792
12792 840 2225
3406 11240 13034
13034 3406 11240
11240 3406 13034
5093 8941 8983
8941 5093 8983
8983 5093 8941
6272 5147 14080
5147 6272 14080
14080 5147 6272
102 2665 14826
2665 102 14826
14826 102 2665
5732 4913 14233
4913 5732 14233
14233 4913 5732
9220 2614 9479
2614 9220 9479
9479 2614 9220
9781 8025 8726
8726 8025 9781
8025 8726 9781
8555 2642 6312
2642 6312 8555
6312 2642 8555
12592 3493 10895
3493 10895 12592
10895 3493 12592
8207 4286 13723
4286 8207 13723
13723 4286 8207
13338 8347 13391
13391 8347 13338
8347 13338 13391
12838 5896 9002
5896 9002 12838
9002 5896 12838
11150 12632 13740
13740 11150 12632
12632 11150 13740
14941 2914 3434
2914 3434 14941
3434 2914 14941
4314 9497 11445
11445 4314 9497
9497 4314 11445
8738 1711 8541
8541 1711 8738
1711 8541 8738
12899 4304 9903
4304 9903 12899
9903 4304 12899
14277 3371 3476
3371 3476 14277
3476 3371 14277
10661 7584 12148
7584 10661 12148
12148 7584 10661
4771 5609 7496
5609 4771 7496
7496 4771 5609
5665 7103 11693
7103 5665 11693
11693 5665 7103
7922 3752 11798
3752 7922 11798
11798 3752 7922
827 10669 10838
10838 827 10669
10669 827 10838
7245 7166 14459
7166 7245 14459
14459 7166 7245
13258 1281 7723
7723 1281 13258
1281 7723 13258
14310 10868 13022
13022 10868 14310
10868 13022 14310
6346 6745 13645
13645 6346 6745
6745 6346 13645
12611 1571 5110
5110 1571 12611
1571 5110 12611
2805 12226 13483
12226 2805 13483
13483 2805 12226
1946 4539 8076
8076 1946 4539
4539 1946 8076
4595 6790 12964
12964 4595 6790
6790 4595 12964
8144 596 11058
596 8144 11058
11058 596 8144
10097 2187 11927
11927 2187 10097
2187 10097 11927
1298 1602 14451
14451 1298 1602
1602 1298 14451
5980 5608 10291
5608 5980 10291
10291 5608 5980
14325 2320 7608
7608 2320 14325
2320 7608 14325
123 4649 13575
4649 123 13575
13575 123 4649
9647 8432 9452
9452 8432 9647
8432 9452 9647
9409 288 7772
288 7772 9409
7772 288 9409
7386 11057 13153
11057 7386 13153
13153 7386 11057
10576 471 14515
14515 471 10576
471 10576 14515
1790 5684 12227
12227 1790 5684
5684 1790 12227
9261 2064 14833
2064 9261 14833
14833 2064 9261
4606 4294 6871
6871 4294 4606
4294 4606 6871
3191 184 642
184 642 3191
642 184 3191
14045 9276 12108
9276 12108 14045
12108 9276 14045
10155 5898 13363
5898 10155 13363
13363 5898 10155
5813 2663 5568
2663 5568 5813
5568 2663 5813
11529 5364 8116
8116 5364 11529
5364 8116 11529
2670 3898 6972
3898 2670 6972
6972 2670 3898
6191 3965 14682
3965 6191 14682
14682 3965 6191
13715 1421 5232
5232 1421 13715
1421 5232 13715
11843 4688 9391
4688 9391 11843
9391 4688 11843
405 4442 5763
5763 405 4442
4442 405 5763
13976 1580 11207
1580 11207 13976
11207 1580 13976
442 674 12465
674 442 12465
12465 442 674
6975 2470 12460
2470 6975 12460
12460 2470 6975
9702 9465 11744
9465 9702 11744
11744 9465 9702
712 666 3087
666 712 3087
3087 666 712
12141 7865 14047
7865 12141 14047
14047 7865 12141
11914 991 9244
9244 991 11914
991 9244 11914
13599 8110 9056
9056 8110 13599
8110 9056 13599
11636 6062 9197
6062 9197 11636
9197 6062 11636
8994 3081 10326
3081 8994 10326
10326 3081 8994
6401 12134 13291
12134 6401 13291
13291 6401 12134
4120 8811 12448
12448 4120 8811
8811 4120 12448
6597 4036 8748
4036 6597 8748
8748 4036 6597
13491 294 12545
12545 294 13491
294 12545 13491
8616 3878 8516
8516 3878 8616
3878 8516 8616
9645 2333 7134
2333 7134 9645
7134 2333 9645
4027 10858 13746
13746 4027 10858
10858 4027 13746
7432 2623 6959
6959 2623 7432
2623 6959 7432
9767 1337 5733
1337 5733 9767
5733 1337 9767
14982 14226 14266
14266 14226 14982
14226 14266 14982
6884 9183 12528
9183 6884 12528
12528 6884 9183
14105 9521 12929
9521 12929 14105
12929 9521 14105
14519 2304 9630
9630 2304 14519
2304 9630 14519
4945 11256 11487
11487 4945 11256
11256 4945 11487
12339 1146 2497
1146 2497 12339
2497 1146 12339
5622 4918 7448
4918 5622 7448
7448 4918 5622
9746 2403 10676
2403 9746 10676
10676 2403 9746
14208 3003 13214
3003 13214 14208
13214 3003 14208
13355 3656 13228
13228 3656 13355
3656 13228 13355
11074 8167 11816
8167 11074 11816
11816 8167 11074
6645 1139 2686
2686 1139 6645
1139 2686 6645
2101 8088 12690
12690 2101 8088
8088 2101 12690
4859 3409 3879
3879 3409 4859
3409 3879 4859
1913 2326 3658
2326 1913 3658
3658 1913 2326
12864 11886 13580
13580 11886 12864
11886 12864 13580
2362 4285 13429
4285 2362 13429
13429 2362 4285
13567 5293 13095
5293 13095 13567
13095 5293 13567
5444 5519 13955
13955 5444 5519
5519 5444 13955
49 1573 3426
1573 49 3426
3426 49 1573
6021 1352 5281
1352 5281 6021
5281 1352 6021
1936 7963 14149
7963 1936 14149
14149 1936 7963
2960 950 7685
950 2960 7685
7685 950 2960
13218 1354 8421
1354 8421 13218
8421 1354 13218
8894 1896 10923
10923 1896 8894
1896 8894 10923
3855 86 6788
6788 86 3855
86 3855 6788
14119 9682 13966
13966 9682 14119
9682 13966 14119
7318 5682 14092
14092 5682 7318
5682 7318 14092
896 6544 10032
6544 896 10032
10032 896 6544
13742 1584 3846
1584 3846 13742
3846 1584 13742
3543 1130 12160
12160 1130 3543
1130 3543 12160
9549 565 5586
5586 565 9549
565 5586 9549
424 9226 12757
9226 424 12757
12757 424 9226
3874 2331 2585
2331 2585 3874
2585 2331 3874
690 8605 9717
9717 690 8605
8605 690 9717
12621 5860 7497
7497 5860 12621
5860 7497 12621
5831 9163 11631
9163 5831 11631
11631 5831 9163
11007 2856 7846
7846 2856 11007
2856 7846 11007
11165 9420 11427
9420 11165 11427
11427 9420 11165
10968 2241 14364
2241 10968 14364
14364 2241 10968
11019 10971 13063
10971 11019 13063
13063 10971 11019
1987 10499 14605
10499 1987 14605
14605 1987 10499
13648 7452 12881
7452 12881 13648
12881 7452 13648
11784 12852 14171
14171 11784 12852
12852 11784 14171
11049 2546 2984
2984 2546 11049
2546 2984 11049
5070 3994 6127
6127 3994 5070
3994 5070 6127
3513 3194 8510
3194 3513 8510
8510 3194 3513
2151 3690 13796
3690 2151 13796
13796 2151 3690
482 12577 12800
12800 482 12577
12577 482 12800
6875 3208 7731
3208 6875 7731
7731 3208 6875
12689 1476 2271
1476 2271 12689
2271 1476 12689
2582 13306 13477
13306 2582 13477
13477 2582 13306
9365 2758 6029
2758 6029 9365
6029 2758 9365
8249 1342 9536
9536 1342 8249
1342 8249 9536
7018 4888 9774
4888 7018 9774
9774 4888 7018
5224 5826 13272
5826 5224 13272
13272 5224 5826
1930 2478 13936
2478 1930 13936
13936 1930 2478
938 2834 7414
7414 938 2834
2834 938 7414
6819 6045 14532
6045 6819 14532
14532 6045 6819
3868 7970 8694
8694 3868 7970
7970 3868 8694
7431 9621 13551
13551 7431 9621
9621 7431 13551
13995 1959 12865
12865 1959 13995
1959 12865 13995
11010 5747 8183
5747 8183 11010
8183 5747 11010
10137 7627 7653
7627 7653 10137
7653 7627 10137
9134 2026 9655
2026 9134 9655
9655 2026 9134
9502 8559 10167
10167 8559 9502
8559 9502 10167
502 2298 6793
6793 502 2298
2298 502 6793
1682 8315 12224
12224 1682 8315
8315 1682 12224
9889 1943 10753
1943 9889 10753
10753 1943 9889
8671 6386 8121
8121 6386 8671
6386 8121 8671
908 3646 8265
3646 908 8265
8265 908 3646
7935 4283 5299
4283 5299 7935
5299 4283 7935
11803 802 7100
802 7100 11803
7100 802 11803
812 11063 12568
12568 812 11063
11063 812 12568
2461 9224 13367
9224 2461 13367
13367 2461 9224
11118 6226 8372
8372 6226 11118
6226 8372 11118
13048 411 1324
411 1324 13048
1324 411 13048
13081 4877 9232
9232 4877 13081
4877 9232 13081
1059 1527 2711
2711 1059 1527
1527 1059 2711
1730 5840 14077
14077 1730 5840
5840 1730 14077
2406 9704 14154
9704 2406 14154
14154 2406 9704
9321 684 8184
684 8184 9321
8184 684 9321
6740 3751 12416
12416 3751 6740
3751 6740 12416
108 652 13826
652 108 13826
13826 108 652
10545 2400 4965
2400 4965 10545
4965 2400 10545
3375 6055 10280
10280 3375 6055
6055 3375 10280
4908 5814 10065
5814 4908 10065
10065 4908 5814
11765 807 3433
3433 807 11765
807 3433 11765
12593 234 6522
234 6522 12593
6522 234 12593
13892 5851 13869
13869 5851 13892
5851 13869 13892
13756 1862 5681
5681 1862 13756
1862 5681 13756
4362 2329 10951
10951 2329 4362
2329 4362 10951
11608 8063 12549
12549 8063 11608
8063 11608 12549
12397 754 10562
10562 754 12397
754 10562 12397
11763 2510 7826
7826 2510 11763
2510 7826 11763
11024 4253 7885
4253 7885 11024
7885 4253 11024
5581 885 11273
11273 885 5581
885 5581 11273
11936 607 8938
607 8938 11936
8938 607 11936
14525 739 2126
739 2126 14525
2126 739 14525
14271 5397 11689
11689 5397 14271
5397 11689 14271
14636 5426 12503
5426 12503 14636
12503 5426 14636
10029 13547 14680
14680 10029 13547
13547 10029 14680
4914 1823 3987
1823 3987 4914
3987 1823 4914
6611 9009 9848
9009 6611 9848
9848 6611 9009
11288 837 9329
9329 837 11288
837 9329 11288
9345 1767 5752
5752 1767 9345
1767 5752 9345
388 6050 11891
6050 388 11891
11891 388 6050
9984 3587 10959
10959 3587 9984
3587 9984 10959
14138 603 1957
1957 603 14138
603 1957 14138
7852 5677 12645
5677 7852 12645
12645 5677 7852
14569 6523 6765
6765 6523 14569
6523 6765 14569
5437 4134 7616
7616 4134 5437
4134 5437 7616
2932 3107 7113
7113 2932 3107
3107 2932 7113
10000 4387 12052
12052 4387 10000
4387 10000 12052
2297 819 2025
819 2025 2297
2025 819 2297
8080 5469 14478
14478 5469 8080
5469 8080 14478
12732 1253 9734
9734 1253 12732
1253 9734 12732
5411 8071 13731
13731 5411 8071
8071 5411 13731
9437 2348 11928
2348 9437 11928
11928 2348 9437
2003 6773 10689
6773 2003 10689
10689 2003 6773
1186 1020 10857
10857 1020 1186
1020 1186 10857
8885 10520 14576
10520 8885 14576
14576 8885 10520
14498 7090 10161
7090 10161 14498
10161 7090 14498
5250 5194 11023
5194 5250 11023
11023 5194 5250
9270 4525 10524
4525 9270 10524
10524 4525 9270
13230 5683 9274
9274 5683 13230
5683 9274 13230
5920 6429 6433
6433 5920 6429
6429 5920 6433
8909 4816 8083
8083 4816 8909
4816 8083 8909
3719 10909 11669
10909 3719 11669
11669 3719 10909
5561 3582 13734
3582 5561 13734
13734 3582 5561
6514 2744 3594
2744 3594 6514
3594 2744 6514
3450 13265 14659
13265 3450 14659
14659 3450 13265
13767 3370 11410
11410 3370 13767
3370 11410 13767
1828 5944 8055
5944 1828 8055
8055 1828 5944
10107 5320 8133
8133 5320 10107
5320 8133 10107
486 723 1966
723 486 1966
1966 486 723
10080 713 14128
713 10080 14128
14128 713 10080
9905 1651 11823
1651 9905 11823
11823 1651 9905
117 1479 13103
1479 117 13103
13103 117 1479
3885 4998 11245
11245 3885 4998
4998 3885 11245
13722 1675 12443
12443 1675 13722
1675 12443 13722
8340 1464 7228
7228 1464 8340
1464 7228 8340
6716 10014 10131
10131 6716 10014
10014 6716 10131
14912 2475 4334
4334 2475 14912
2475 4334 14912
7265 3804 9347
9347 3804 7265
3804 7265 9347
7593 6747 13816
6747 7593 13816
13816 6747 7593
2634 3390 14143
14143 2634 3390
3390 2634 14143
9211 4488 9297
4488 9211 9297
9297 4488 9211
2980 9591 14044
9591 2980 14044
14044 2980 9591
11378 1207 13389
13389 1207 11378
1207 11378 13389
14959 749 8568
749 8568 14959
8568 749 14959
8186 3849 7032
3849 7032 8186
7032 3849 8186
1326 5759 11866
11866 1326 5759
5759 1326 11866
5229 6114 8148
6114 5229 8148
8148 5229 6114
4247 11045 11599
11045 4247 11599
11599 4247 11045
12554 6215 13528
6215 12554 13528
13528 6215 12554
11594 4373 14166
14166 4373 11594
4373 11594 14166
4341 3468 9098
9098 3468 4341
3468 4341 9098
3835 1133 9679
1133 3835 9679
9679 1133 3835
2767 3574 3739
3739 2767 3574
3574 2767 3739
2553 7575 12168
12168 2553 7575
7575 2553 12168
12144 1314 11870
1314 11870 12144
11870 1314 12144
6653 1016 7734
1016 6653 7734
7734 1016 6653
1285 1140 5211
5211 1140 1285
1140 1285 5211
13159 6956 7709
7709 6956 13159
6956 7709 13159
9802 5673 8785
5673 8785 9802
8785 5673 9802
2489 1159 2531
2531 1159 2489
1159 2489 2531
5035 11978 13259
11978 5035 13259
13259 5035 11978
12429 2100 5173
5173 2100 12429
2100 5173 12429
6412 1383 10240
10240 1383 6412
1383 6412 10240
5106 5968 14755
5968 5106 14755
14755 5106 5968
2845 12353 14500
12353 2845 14500
14500 2845 12353
11775 1338 7942
7942 1338 11775
1338 7942 11775
11810 6451 12995
6451 11810 12995
12995 6451 11810
3311 3121 12587
3121 3311 12587
12587 3121 3311
9202 4610 6132
6132 4610 9202
4610 6132 9202
8736 6092 14418
14418 6092 8736
6092 8736 14418
7552 6957 9659
9659 6957 7552
6957 7552 9659
2180 540 5590
540 2180 5590
5590 540 2180
6212 2272 11990
11990 2272 6212
2272 6212 11990
5989 4994 7582
7582 4994 5989
4994 5989 7582
14079 5836 12025
5836 12025 14079
12025 5836 14079
12966 2014 13001
2014 12966 13001
13001 2014 12966
3606 9250 11997
9250 3606 11997
11997 3606 9250
2253 13316 13623
13623 2253 13316
13316 2253 13623
1300 1062 5735
1062 1300 5735
5735 1062 1300
8813 8901 9373
8901 8813 9373
9373 8813 8901
8444 4860 13954
4860 8444 13954
13954 4860 8444
73 5647 11102
11102 73 5647
5647 73 11102
194 5884 10487
10487 194 5884
5884 194 10487
6818 4256 5248
5248 4256 6818
4256 5248 6818
10023 4234 9311
4234 9311 10023
9311 4234 10023
6017 4570 4841
4570 4841 6017
4841 4570 6017
9447 9811 10151
10151 9447 9811
9811 9447 10151
6454 5640 6486
5640 6454 6486
6486 5640 6454
7314 9583 12917
9583 7314 12917
12917 7314 9583
12572 6128 12618
6128 12572 12618
12618 6128 12572
1317 4823 10836
4823 1317 10836
10836 1317 4823
521 78 10674
10674 78 521
78 521 10674
12830 1401 5030
5030 1401 12830
1401 5030 12830
7468 2646 14502
14502 2646 7468
2646 7468 14502
787 4200 4963
4200 787 4963
4963 787 4200
14023 10471 10701
10701 10471 14023
10471 10701 14023
6422 2870 4951
4951 2870 6422
2870 4951 6422
10012 6481 7125
7125 6481 10012
6481 7125 10012
882 12780 14446
12780 882 14446
14446 882 12780
8571 8793 11162
8793 8571 11162
11162 8571 8793
550 8789 11360
8789 550 11360
11360 550 8789
1872 3084 12715
12715 1872 3084
3084 1872 12715
7710 10693 12595
10693 7710 12595
12595 7710 10693
10277 4808 5529
4808 5529 10277
5529 4808 10277
3046 7888 8452
7888 3046 8452
8452 3046 7888
6444 5168 6398
6398 5168 6444
5168 6398 6444
6362 4197 6008
4197 6008 6362
6008 4197 6362
11144 10692 10931
10692 10931 11144
10931 10692 11144
13051 8177 10098
10098 8177 13051
8177 10098 13051
13044 2018 8538
2018 8538 13044
8538 2018 13044
5718 5037 8995
8995 5037 5718
5037 5718 8995
12629 2770 3199
2770 3199 12629
3199 2770 12629
13413 421 10737
421 10737 13413
10737 421 13413
13227 12691 12700
12691 12700 13227
12700 12691 13227
13436 7349 10678
7349 10678 13436
10678 7349 13436
1686 947 12454
947 1686 12454
12454 947 1686
6427 7997 8487
8487 6427 7997
7997 6427 8487
3554 2437 7903
2437 3554 7903
7903 2437 3554
6619 4651 11028
11028 4651 6619
4651 6619 11028
14589 6991 12389
12389 6991 14589
6991 12389 14589
14869 4259 13171
4259 13171 14869
13171 4259 14869
6076 13862 14415
14415 6076 13862
13862 6076 14415
13313 3957 8261
3957 8261 13313
8261 3957 13313
11315 11377 12248
12248 11315 11377
11377 11315 12248
9084 9350 10391
10391 9084 9350
9350 9084 10391
4957 2963 8012
8012 2963 4957
2963 4957 8012
7562 1493 3998
1493 3998 7562
3998 1493 7562
3888 4152 10769
4152 3888 10769
10769 3888 4152
11332 928 11602
928 11332 11602
11602 928 11332
7561 1439 3798
3798 1439 7561
1439 3798 7561
3763 2195 5261
2195 3763 5261
5261 2195 3763
341 1018 5822
5822 341 1018
1018 341 5822
2328 833 14501
833 2328 14501
14501 833 2328
4413 1117 13169
1117 4413 13169
13169 1117 4413
11634 4567 9675
4567 9675 11634
9675 4567 11634
13766 6602 9389
9389 6602 13766
6602 9389 13766
1366 3230 13287
3230 1366 13287
13287 1366 3230
1964 9985 10761
9985 1964 10761
10761 1964 9985
5362 12909 14156
12909 5362 14156
14156 5362 12909
12599 3226 8209
8209 3226 12599
3226 8209 12599
7359 1184 1789
1184 1789 7359
1789 1184 7359
14954 4999 9569
4999 9569 14954
9569 4999 14954
12137 8855 14169
14169 8855 12137
8855 12137 14169
6894 10454 12381
12381 6894 10454
10454 6894 12381
11853 9598 13118
13118 9598 11853
9598 11853 13118
10477 12066 12286
12286 10477 12066
12066 10477 12286
13077 10 9047
10 9047 13077
9047 10 13077
6510 7295 9093
7295 6510 9093
9093 6510 7295
13697 1952 2521
1952 2521 13697
2521 1952 13697
2491 8210 11932
8210 2491 11932
11932 2491 8210
9751 2867 5816
2867 5816 9751
5816 2867 9751
10130 3526 12029
3526 10130 12029
12029 3526 10130
4485 82 8437
8437 82 4485
82 4485 8437
13489 8262 9761
8262 9761 13489
9761 8262 13489
7628 7196 11065
7196 7628 11065
11065 7196 7628
47 2610 14056
2610 47 14056
14056 47 2610
5770 2781 14773
14773 2781 5770
2781 5770 14773
14553 6323 7285
7285 6323 14553
6323 7285 14553
3858 3223 4409
4409 3223 3858
3223 3858 4409
11330 9192 14518
14518 9192 11330
9192 11330 14518
10185 3735 12664
12664 3735 10185
3735 10185 12664
14334 10691 12126
10691 12126 14334
12126 10691 14334
9537 9160 9733
9733 9160 9537
9160 9537 9733
9246 11597 14038
11597 9246 14038
14038 9246 11597
13992 1561 1831
1561 1831 13992
1831 1561 13992
5756 2913 4827
2913 4827 5756
4827 2913 5756
10958 6822 13176
6822 10958 13176
13176 6822 10958
13582 7634 12680
12680 7634 13582
7634 12680 13582
4277 3599 14278
3599 4277 14278
14278 3599 4277
3314 2395 4579
2395 3314 4579
4579 2395 3314
4979 1796 14031
1796 4979 14031
14031 1796 4979
2305 2923 14368
14368 2305 2923
2923 2305 14368
14392 7371 14813
14813 7371 14392
7371 14392 14813
1105 2223 7555
2223 1105 7555
7555 1105 2223
9500 3078 7141
7141 3078 9500
3078 7141 9500
781 4386 12055
4386 781 12055
12055 781 4386
10303 97 6227
6227 97 10303
97 6227 10303
11746 1605 4796
4796 1605 11746
1605 4796 11746
6675 5016 7075
5016 6675 7075
7075 5016 6675
12036 526 4287
526 4287 12036
4287 526 12036
9096 1795 3500
3500 1795 9096
1795 3500 9096
1077 6175 13396
13396 1077 6175
6175 1077 13396
10118 658 2146
2146 658 10118
658 2146 10118
9606 3529 4504
3529 4504 9606
4504 3529 9606
3953 6814 12038
12038 3953 6814
6814 3953 12038
10921 4993 7619
4993 7619 10921
7619 4993 10921
5808 7622 11685
7622 5808 11685
11685 5808 7622
5213 7750 8825
7750 5213 8825
8825 5213 7750
1229 440 3417
440 1229 3417
3417 440 1229
7009 2644 12455
2644 7009 12455
12455 2644 7009
5001 1921 9427
9427 1921 5001
1921 5001 9427
7063 2310 4438
4438 2310 7063
2310 4438 7063
14750 3523 7679
3523 7679 14750
7679 3523 14750
1912 5540 11287
11287 1912 5540
5540 1912 11287
1638 2633 7638
7638 1638 2633
2633 1638 7638
931 11017 12771
11017 931 12771
12771 931 11017
13607 5973 6374
5973 6374 13607
6374 5973 13607
4412 3030 4175
3030 4175 4412
4175 3030 4412
9143 132 6157
132 6157 9143
6157 132 9143
7387 9108 12601
9108 7387 12601
12601 7387 9108
3432 433 4118
433 3432 4118
4118 433 3432
4360 5546 13426
13426 4360 5546
5546 4360 13426
7348 1681 8331
1681 7348 8331
8331 1681 7348
5629 9357 9831
9357 5629 9831
9831 5629 9357
14526 6556 9982
9982 6556 14526
6556 9982 14526
1160 12250 14173
12250 1160 14173
14173 1160 12250
9627 2467 13677
2467 9627 13677
13677 2467 9627
9439 8634 11442
11442 8634 9439
8634 9439 11442
12639 2198 9132
9132 2198 12639
2198 9132 12639
1854 4549 6772
6772 1854 4549
4549 1854 6772
1887 3651 12812
3651 1887 12812
12812 1887 3651
9834 10195 10248
10248 9834 10195
10195 9834 10248
13071 135 11800
11800 135 13071
135 11800 13071
5524 6595 12696
12696 5524 6595
6595 5524 12696
7988 1760 11036
11036 1760 7988
1760 7988 11036
1502 10086 13309
10086 1502 13309
13309 1502 10086
5349 4453 5273
4453 5273 5349
5273 4453 5349
177 8950 9252
8950 177 9252
9252 177 8950
11553 8636 13262
8636 11553 13262
13262 8636 11553
12312 1694 5381
1694 5381 12312
5381 1694 12312
677 2280 13042
13042 677 2280
2280 677 13042
14442 3753 12944
12944 3753 14442
3753 12944 14442
3258 8534 14546
8534 3258 14546
14546 3258 8534
13828 2103 13295
13295 2103 13828
2103 13295 13828
5341 2714 10902
2714 5341 10902
10902 2714 5341
12128 3396 8082
3396 8082 12128
8082 3396 12128
4659 12076 13455
13455 4659 12076
12076 4659 13455
14301 1958 12305
12305 1958 14301
1958 12305 14301
1297 11496 14981
14981 1297 11496
11496 1297 14981
7646 1533 6958
6958 1533 7646
1533 6958 7646
9669 3394 11566
11566 3394 9669
3394 9669 11566
10437 2024 9333
9333 2024 10437
2024 9333 10437
7577 355 14930
355 7577 14930
14930 355 7577
12008 7331 11366
7331 11366 12008
11366 7331 12008
3360 134 5129
134 3360 5129
5129 134 3360
12280 5935 11454
5935 11454 12280
11454 5935 12280
2159 2617 9816
9816 2159 2617
2617 2159 9816
12392 10536 12218
10536 12218 12392
12218 10536 12392
6139 9315 14160
14160 6139 9315
9315 6139 14160
12813 2968 4232
4232 2968 12813
2968 4232 12813
4548 2443 10547
2443 4548 10547
10547 2443 4548
4471 4534 8349
4534 4471 8349
8349 4471 4534
4274 11751 14469
11751 4274 14469
14469 4274 11751
11657 10245 14367
10245 11657 14367
14367 10245 11657
11854 5031 5689
5031 5689 11854
5689 5031 11854
13556 2066 2689
2689 2066 13556
2066 2689 13556
5103 6946 10134
6946 5103 10134
10134 5103 6946
11124 3478 11362
3478 11124 11362
11362 3478 11124
12672 3602 9744
3602 9744 12672
9744 3602 12672
3206 11973 13137
11973 3206 13137
13137 3206 11973
6210 2598 13649
13649 2598 6210
2598 6210 13649
7267 7215 10469
7215 7267 10469
10469 7215 7267
3938 4515 6993
4515 3938 6993
6993 3938 4515
4620 7094 9599
9599 4620 7094
7094 4620 9599
14447 5157 12182
5157 12182 14447
12182 5157 14447
13821 3269 8585
3269 8585 13821
8585 3269 13821
11954 5423 14029
5423 11954 14029
14029 5423 11954
6961 1304 14394
14394 1304 6961
1304 6961 14394
12078 3667 8583
3667 8583 12078
8583 3667 12078
7195 10690 13636
10690 7195 13636
13636 7195 10690
13577 6002 6881
6881 6002 13577
6002 6881 13577
6775 2351 5222
5222 2351 6775
2351 5222 6775
12518 3715 12998
12998 3715 12518
3715 12518 12998
4905 17 9850
17 4905 9850
9850 17 4905
5854 737 13323
737 5854 13323
13323 737 5854
5406 774 13195
774 5406 13195
13195 774 5406
484 983 11639
983 484 11639
11639 484 983
6416 2301 11523
11523 2301 6416
2301 6416 11523
7193 7237 8685
7237 7193 8685
8685 7193 7237
8757 4843 6718
4843 6718 8757
6718 4843 8757
2393 10723 12242
12242 2393 10723
10723 2393 12242
4340 10705 11251
11251 4340 10705
10705 4340 11251
9730 94 3604
3604 94 9730
94 3604 9730
12306 302 8888
302 8888 12306
8888 302 12306
2239 2943 6643
2943 2239 6643
6643 2239 2943
10246 1107 2957
1107 2957 10246
2957 1107 10246
736 3473 7306
7306 736 3473
3473 736 7306
11658 2704 10363
2704 10363 11658
10363 2704 11658
5181 545 3610
545 3610 5181
3610 545 5181
7309 9280 11835
9280 7309 11835
11835 7309 9280
4190 678 5292
678 4190 5292
5292 678 4190
11995 10992 14324
14324 10992 11995
10992 11995 14324
11050 6070 7310
7310 6070 11050
6070 7310 11050
5090 3265 11673
11673 3265 5090
3265 5090 11673
7086 7263 10630
10630 7086 7263
7263 7086 10630
13222 2353 4682
4682 2353 13222
2353 4682 13222
219 5852 6521
6521 219 5852
5852 219 6521
1331 1612 3357
1612 1331 3357
3357 1331 1612
10461 11204 13531
11204 10461 13531
13531 10461 11204
3184 6967 11571
11571 3184 6967
6967 3184 11571
2643 788 6141
788 2643 6141
6141 788 2643
7325 9705 12220
12220 7325 9705
9705 7325 12220
10763 12745 13305
12745 10763 13305
13305 10763 12745
6662 6479 10203
10203 6479 6662
6479 6662 10203
4454 5810 8195
8195 4454 5810
5810 4454 8195
9686 4671 11777
11777 4671 9686
4671 9686 11777
7727 300 12735
12735 300 7727
300 7727 12735
4288 4718 13914
4718 4288 13914
13914 4288 4718
3213 10782 14618
14618 3213 10782
10782 3213 14618
12302 2505 13083
2505 12302 13083
13083 2505 12302
7307 4624 14929
14929 4624 7307
4624 7307 14929
10269 7882 14850
7882 10269 14850
14850 7882 10269
13689 6038 12841
12841 6038 13689
6038 12841 13689
10421 4455 5383
5383 4455 10421
4455 5383 10421
10738 809 13987
809 10738 13987
13987 809 10738
3630 1316 10353
10353 1316 3630
1316 3630 10353
10622 1564 7586
7586 1564 10622
1564 7586 10622
1000 5572 13880
5572 1000 13880
13880 1000 5572
4571 1100 11821
1100 4571 11821
11821 1100 4571
4167 3420 14734
3420 4167 14734
14734 3420 4167
10788 351 4720
4720 351 10788
351 4720 10788
7892 7566 12786
7566 7892 12786
12786 7566 7892
12661 1163 9809
9809 1163 12661
1163 9809 12661
13676 835 8563
8563 835 13676
835 8563 13676
7461 1279 2500
1279 2500 7461
2500 1279 7461
6150 6578 12514
12514 6150 6578
6578 6150 12514
12772 2343 14948
2343 12772 14948
14948 2343 12772
5504 3624 6695
6695 3624 5504
3624 5504 6695
8724 3032 5646
5646 3032 8724
3032 5646 8724
12603 2849 6470
2849 6470 12603
6470 2849 12603
12225 9871 11018
9871 11018 12225
11018 9871 12225
6703 2303 10966
2303 6703 10966
10966 2303 6703
2731 7221 10110
10110 2731 7221
7221 2731 10110
5159 6351 7867
7867 5159 6351
6351 5159 7867
1470 9388 12727
12727 1470 9388
9388 1470 12727
1839 1637 2523
2523 1637 1839
1637 1839 2523
12071 208 746
746 208 12071
208 746 12071
8873 1689 10423
10423 1689 8873
1689 8873 10423
9483 2438 9266
2438 9266 9483
9266 2438 9483
14766 326 753
753 326 14766
326 753 14766
4787 4172 13760
4172 4787 13760
13760 4172 4787
5448 2311 14835
14835 2311 5448
2311 5448 14835
14489 1283 8067
8067 1283 14489
1283 8067 14489
13934 12199 13907
13907 12199 13934
12199 13907 13934
7329 4772 10480
10480 4772 7329
4772 7329 10480
6361 667 7357
7357 667 6361
667 6361 7357
10285 2006 2364
2006 2364 10285
2364 2006 10285
9723 9116 11277
11277 9116 9723
9116 9723 11277
9017 10554 13534
10554 9017 13534
13534 9017 10554
9917 12688 13350
13350 9917 12688
12688 9917 13350
13079 2131 5502
2131 5502 13079
5502 2131 13079
1468 2952 14172
2952 1468 14172
14172 1468 2952
3059 8963 12294
8963 3059 12294
12294 3059 8963
14853 8645 8892
8645 8892 14853
8892 8645 14853
2274 2056 9613
9613 2056 2274
2056 2274 9613
5272 982 10111
982 5272 10111
10111 982 5272
7326 7542 14329
14329 7326 7542
7542 7326 14329
2221 6453 10880
6453 2221 10880
10880 2221 6453
104 6211 13881
13881 104 6211
6211 104 13881
2415 7524 13745
13745 2415 7524
7524 2415 13745
7897 3922 6091
6091 3922 7897
3922 6091 7897
9114 3134 14745
14745 3134 9114
3134 9114 14745
7780 404 8867
404 7780 8867
8867 404 7780
6154 2021 3410
2021 3410 6154
3410 2021 6154
12597 6948 9936
9936 6948 12597
6948 9936 12597
8987 7261 8935
7261 8935 8987
8935 7261 8987
6325 11709 13808
11709 6325 13808
13808 6325 11709
12517 4241 14650
14650 4241 12517
4241 12517 14650
12178 1099 8902
1099 8902 12178
8902 1099 12178
4170 8081 13403
13403 4170 8081
8081 4170 13403
10416 4949 14993
14993 4949 10416
4949 10416 14993
4248 8 7581
7581 8 4248
8 4248 7581
1068 4024 5094
4024 1068 5094
5094 1068 4024
4276 2224 7558
2224 4276 7558
7558 2224 4276
2761 6466 14203
14203 2761 6466
6466 2761 14203
14435 4839 5869
4839 5869 14435
5869 4839 14435
1447 8236 12166
8236 1447 12166
12166 1447 8236
894 16 12211
16 894 12211
12211 16 894
7901 3305 13028
13028 3305 7901
3305 7901 13028
9765 9667 11548
9667 9765 11548
11548 9667 9765
544 6918 12579
12579 544 6918
6918 544 12579
10144 6193 6335
6335 6193 10144
6193 6335 10144
7791 9865 15000
15000 7791 9865
9865 7791 15000
3834 2448 13634
2448 3834 13634
13634 2448 3834
531 6637 12842
6637 531 12842
12842 531 6637
3845 8030 8320
8320 3845 8030
8030 3845 8320
5363 3185 5672
3185 5363 5672
5672 3185 5363
852 4878 10093
10093 852 4878
4878 852 10093
2267 6072 6589
6072 2267 6589
6589 2267 6072
8713 11189 13906
11189 8713 13906
13906 8713 11189
7243 4670 7708
7708 4670 7243
4670 7243 7708
11760 11071 14829
11071 11760 14829
14829 11071 11760
14472 14396 14883
14883 14396 14472
14396 14472 14883
9633 7293 7811
7293 7811 9633
7811 7293 9633
5879 3640 9265
3640 5879 9265
9265 3640 5879
11567 5212 8401
5212 8401 11567
8401 5212 11567
7741 5438 7271
7271 5438 7741
5438 7271 7741
12222 4347 11490
4347 11490 12222
11490 4347 12222
10887 6477 8680
8680 6477 10887
6477 8680 10887
10218 1547 3405
1547 3405 10218
3405 1547 10218
8000 3654 7549
7549 3654 8000
3654 7549 8000
14668 2059 13928
13928 2059 14668
2059 13928 14668
14537 4096 7722
4096 7722 14537
7722 4096 14537
4698 2011 11688
2011 4698 11688
11688 2011 4698
7244 13357 14046
13357 7244 14046
14046 7244 13357
12147 2871 7728
2871 7728 12147
7728 2871 12147
7694 5352 7340
7340 5352 7694
5352 7340 7694
8621 1545 3035
3035 1545 8621
1545 3035 8621
374 972 13519
13519 374 972
972 374 13519
9225 2551 14965
2551 9225 14965
14965 2551 9225
4460 1755 7230
7230 1755 4460
1755 4460 7230
14666 2568 9766
2568 9766 14666
9766 2568 14666
2638 8852 13339
8852 2638 13339
13339 2638 8852
14356 5641 11907
11907 5641 14356
5641 11907 14356
12215 3068 11345
3068 11345 12215
11345 3068 12215
6494 9708 14201
9708 6494 14201
14201 6494 9708
9523 9088 10893
9088 9523 10893
10893 9088 9523
6460 4553 14523
14523 4553 6460
4553 6460 14523
5694 4481 10504
4481 5694 10504
10504 4481 5694
5189 2458 12065
12065 2458 5189
2458 5189 12065
5952 8136 12544
12544 5952 8136
8136 5952 12544
9638 6502 9449
9449 6502 9638
6502 9449 9638
8823 4758 6569
6569 4758 8823
4758 6569 8823
5151 3611 9030
3611 5151 9030
9030 3611 5151
4927 13451 14991
13451 4927 14991
14991 4927 13451
14616 3691 10797
10797 3691 14616
3691 10797 14616
6998 995 5570
995 5570 6998
5570 995 6998
6232 1152 6966
6966 1152 6232
1152 6232 6966
13498 6231 12531
12531 6231 13498
6231 12531 13498
8442 6674 9589
6674 8442 9589
9589 6674 8442
6112 4730 10596
10596 4730 6112
4730 6112 10596
13664 7870 8135
8135 7870 13664
7870 8135 13664
12189 2160 11446
11446 2160 12189
2160 11446 12189
13943 1714 11325
1714 11325 13943
11325 1714 13943
308 6035 10356
6035 308 10356
10356 308 6035
560 12116 14473
12116 560 14473
14473 560 12116
13502 10559 11726
11726 10559 13502
10559 11726 13502
5385 1069 11617
11617 1069 5385
1069 5385 11617
871 992 12251
12251 871 992
992 871 12251
13654 6615 9605
6615 9605 13654
9605 6615 13654
12430 391 7072
7072 391 12430
391 7072 12430
6442 325 9844
9844 325 6442
325 6442 9844
11184 2561 7976
2561 7976 11184
7976 2561 11184
8865 3099 12002
3099 8865 12002
12002 3099 8865
9200 3197 5206
5206 3197 9200
3197 5206 9200
4505 2616 9573
2616 4505 9573
9573 2616 4505
14057 1514 13094
1514 13094 14057
13094 1514 14057
13084 705 3359
3359 705 13084
705 3359 13084
512 4427 11267
11267 512 4427
4427 512 11267
8020 12233 14839
14839 8020 12233
12233 8020 14839
5132 9487 10563
10563 5132 9487
9487 5132 10563
5711 1888 8780
8780 1888 5711
1888 5711 8780
13302 5740 9366
5740 9366 13302
9366 5740 13302
7726 445 9808
9808 445 7726
445 7726 9808
2140 8929 12877
8929 2140 12877
12877 2140 8929
9953 44 9696
9696 44 9953
