271 636 916
636 271 916
916 271 636
495 726 758
758 495 726
726 495 758
1465 350 841
350 841 1465
841 350 1465
467 44 960
44 467 960
960 44 467
1345 166 927
927 166 1345
166 927 1345
282 294 1384
1384 282 294
294 282 1384
481 260 1349
1349 260 481
260 481 1349
443 188 508
508 188 443
188 443 508
1113 946 1209
1209 946 1113
946 1113 1209
793 199 641
199 641 793
641 199 793
473 250 472
250 472 473
472 250 473
1310 31 1112
1112 31 1310
31 1112 1310
720 470 1484
1484 470 720
470 720 1484
1453 103 303
303 103 1453
103 303 1453
370 221 792
792 221 370
221 370 792
164 1411 1451
1451 164 1411
1411 164 1451
715 620 1354
620 715 1354
1354 620 715
1030 268 1438
268 1030 1438
1438 268 1030
653 123 402
123 402 653
402 123 653
222 313 1115
313 222 1115
1115 222 313
592 182 516
182 516 592
516 182 592
1401 536 1012
1012 536 1401
536 1012 1401
169 436 1216
436 169 1216
1216 169 436
1275 202 1343
1343 202 1275
202 1275 1343
688 862 1307
1307 688 862
862 688 1307
1321 497 1081
497 1081 1321
1081 497 1321
1340 941 976
976 941 1340
941 976 1340
441 1327 1449
1327 441 1449
1449 441 1327
791 2 476
476 2 791
2 476 791
1456 165 1038
165 1038 1456
1038 165 1456
1215 19 1064
19 1064 1215
1064 19 1215
1410 183 1383
1383 183 1410
183 1383 1410
950 231 1318
231 950 1318
1318 231 950
725 287 834
287 725 834
834 287 725
628 81 1180
81 628 1180
1180 81 628
850 716 1268
1268 716 850
716 850 1268
874 168 173
168 173 874
173 168 874
881 45 372
372 45 881
45 372 881
1075 265 913
913 265 1075
265 913 1075
108 119 177
177 108 119
119 108 177
1299 135 698
135 698 1299
698 135 1299
625 423 1381
423 625 1381
1381 423 625
1409 860 873
873 860 1409
860 873 1409
947 444 611
444 611 947
611 444 947
1392 387 899
899 387 1392
387 899 1392
1219 10 844
10 844 1219
844 10 1219
179 491 1151
1151 179 491
491 179 1151
1421 382 1207
382 1207 1421
1207 382 1421
1399 347 1257
1257 347 1399
347 1257 1399
151 240 477
240 151 477
477 151 240
435 741 1412
1412 435 741
741 435 1412
610 1035 1146
1035 610 1146
1146 610 1035
1252 416 1319
1319 416 1252
416 1252 1319
225 1091 1165
1091 225 1165
1165 225 1091
1127 1272 1344
1344 1127 1272
1272 1127 1344
544 284 914
914 284 544
284 544 914
660 257 706
257 660 706
706 257 660
1301 987 1346
987 1301 1346
1346 987 1301
217 598 1072
1072 217 598
598 217 1072
829 253 1218
253 829 1218
1218 253 829
296 613 1293
613 296 1293
1293 296 613
810 98 1400
98 810 1400
1400 98 810
1220 1050 1249
1249 1050 1220
1050 1220 1249
325 865 958
958 325 865
865 325 958
1357 60 1230
1230 60 1357
60 1230 1357
52 67 727
67 52 727
727 52 67
1017 787 1080
1080 787 1017
787 1017 1080
774 995 1147
995 774 1147
1147 774 995
517 30 1225
30 517 1225
1225 30 517
378 541 971
541 378 971
971 378 541
609 59 825
59 609 825
825 59 609
955 494 1379
494 955 1379
1379 494 955
1235 762 1205
762 1205 1235
1205 762 1235
982 326 895
326 895 982
895 326 982
685 377 1026
1026 377 685
377 685 1026
414 624 1358
624 414 1358
1358 414 624
1097 95 1031
95 1031 1097
1031 95 1097
1342 66 532
532 66 1342
66 532 1342
475 593 654
593 475 654
654 475 593
988 82 401
401 82 988
82 401 988
501 1044 1435
1044 501 1435
1435 501 1044
41 597 630
597 41 630
630 41 597
576 5 1121
1121 5 576
5 576 1121
755 599 1240
599 755 1240
1240 599 755
114 545 1398
545 114 1398
1398 114 545
80 153 1085
153 80 1085
1085 80 153
767 180 920
180 767 920
920 180 767
768 54 1023
54 768 1023
1023 54 768
1422 99 1420
99 1420 1422
1420 99 1422
1078 606 677
677 606 1078
606 677 1078
1158 626 1446
1446 626 1158
626 1158 1446
324 847 1262
1262 324 847
847 324 1262
374 262 530
530 262 374
262 374 530
371 945 1195
945 371 1195
1195 371 945
1339 269 549
549 269 1339
269 549 1339
406 88 601
88 406 601
601 88 406
393 956 1184
956 393 1184
1184 393 956
338 241 948
241 338 948
948 241 338
1408 237 1493
237 1408 1493
1493 237 1408
1004 587 1136
1136 587 1004
587 1004 1136
1476 318 505
505 318 1476
318 505 1476
989 398 1378
1378 398 989
398 989 1378
1336 692 820
820 692 1336
692 820 1336
923 233 1194
1194 233 923
233 923 1194
904 133 1040
1040 133 904
133 904 1040
488 728 1068
1068 488 728
728 488 1068
1159 344 1211
344 1159 1211
1211 344 1159
504 839 1208
839 504 1208
1208 504 839
749 510 1036
1036 510 749
510 749 1036
603 48 273
48 273 603
273 48 603
1011 996 1406
1406 996 1011
996 1011 1406
263 421 1108
1108 263 421
421 263 1108
1137 409 458
458 409 1137
409 458 1137
702 213 807
213 702 807
807 213 702
684 496 1203
1203 496 684
496 684 1203
143 47 1494
1494 47 143
47 143 1494
682 170 1170
170 682 1170
1170 170 682
713 604 1407
604 713 1407
1407 604 713
1256 392 655
392 655 1256
655 392 1256
1141 735 796
735 796 1141
796 735 1141
3 302 661
302 3 661
661 3 302
362 849 888
849 362 888
888 362 849
63 509 1005
509 63 1005
1005 63 509
245 890 1162
1162 245 890
890 245 1162
1270 411 448
448 411 1270
411 448 1270
420 629 826
826 420 629
629 420 826
1315 771 1445
771 1315 1445
1445 771 1315
1174 285 900
285 900 1174
900 285 1174
830 96 1496
96 830 1496
1496 96 830
1255 278 553
553 278 1255
278 553 1255
97 200 379
200 97 379
379 97 200
1258 310 1370
310 1258 1370
1370 310 1258
627 933 991
933 627 991
991 627 933
1284 369 782
782 369 1284
369 782 1284
840 591 902
591 840 902
902 591 840
1229 319 1139
319 1139 1229
1139 319 1229
683 857 1388
857 683 1388
1388 683 857
83 270 1222
270 83 1222
1222 83 270
1014 12 1021
12 1014 1021
1021 12 1014
35 1353 1490
1490 35 1353
1353 35 1490
906 438 1279
438 906 1279
1279 438 906
413 623 788
623 413 788
788 413 623
707 1413 1447
1413 707 1447
1447 707 1413
391 243 279
243 279 391
279 243 391
1497 482 575
482 575 1497
575 482 1497
247 13 1246
1246 13 247
13 247 1246
729 208 454
208 454 729
454 208 729
1350 875 1149
875 1149 1350
1149 875 1350
77 189 209
209 77 189
189 77 209
814 615 1364
615 814 1364
1364 615 814
605 193 272
272 193 605
193 272 605
136 94 525
525 94 136
94 136 525
422 723 1083
723 422 1083
1083 422 723
561 125 1197
125 561 1197
1197 125 561
1167 1013 1227
1227 1013 1167
1013 1167 1227
261 197 1154
197 261 1154
1154 197 261
1479 69 939
939 69 1479
69 939 1479
55 147 668
147 55 668
668 55 147
747 127 364
127 364 747
364 127 747
1439 150 515
150 515 1439
515 150 1439
1067 870 1281
1281 870 1067
870 1067 1281
934 806 974
806 934 974
974 806 934
1047 493 1424
1424 493 1047
493 1047 1424
434 311 1250
311 434 1250
1250 311 434
824 75 513
75 513 824
513 75 824
1157 649 777
649 777 1157
777 649 1157
1224 724 863
863 724 1224
724 863 1224
1477 304 1103
1103 304 1477
304 1103 1477
785 11 249
11 249 785
249 11 785
1110 342 1430
1430 342 1110
342 1110 1430
607 102 619
619 102 607
102 607 619
276 104 773
104 276 773
773 104 276
696 192 1070
192 696 1070
1070 192 696
451 171 797
171 451 797
797 171 451
520 154 1171
154 520 1171
1171 154 520
462 216 578
578 216 462
216 462 578
368 1130 1333
1130 368 1333
1333 368 1130
631 1206 1450
1450 631 1206
1206 631 1450
1003 90 1074
90 1003 1074
1074 90 1003
110 337 1233
337 110 1233
1233 110 337
394 455 1367
1367 394 455
455 394 1367
1092 924 1443
924 1092 1443
1443 924 1092
523 1278 1296
1278 523 1296
1296 523 1278
1093 1193 1478
1478 1093 1193
1193 1093 1478
1348 786 1129
786 1129 1348
1129 786 1348
167 71 1471
71 167 1471
1471 71 167
1114 582 616
616 582 1114
582 616 1114
376 783 1008
783 376 1008
1008 376 783
353 778 1073
778 353 1073
1073 353 778
851 226 1177
1177 226 851
226 851 1177
775 1116 1337
1337 775 1116
1116 775 1337
466 1322 1441
1322 466 1441
1441 466 1322
633 528 656
528 633 656
656 528 633
1119 445 1169
445 1119 1169
1169 445 1119
877 38 638
638 38 877
38 638 877
1363 663 1282
663 1282 1363
1282 663 1363
383 117 1161
1161 117 383
117 383 1161
1285 583 1460
1460 583 1285
583 1285 1460
1488 718 1330
1330 718 1488
718 1330 1488
563 1029 1374
1029 563 1374
1374 563 1029
1290 124 944
944 124 1290
124 944 1290
89 351 381
381 89 351
351 89 381
1428 779 1360
1360 779 1428
779 1360 1428
1264 427 433
433 427 1264
427 433 1264
514 635 1099
1099 514 635
635 514 1099
538 36 832
36 538 832
832 36 538
669 937 1483
937 669 1483
1483 669 937
255 229 559
559 229 255
229 255 559
156 1059 1474
1474 156 1059
1059 156 1474
1288 848 936
848 936 1288
936 848 1288
289 57 959
959 57 289
57 289 959
879 161 1304
1304 161 879
161 879 1304
68 697 738
697 68 738
738 68 697
1458 1277 1311
1277 1311 1458
1311 1277 1458
367 317 1176
317 367 1176
1176 317 367
1032 831 882
882 831 1032
831 882 1032
1276 589 1316
589 1276 1316
1316 589 1276
981 975 1201
975 981 1201
1201 975 981
137 162 335
162 137 335
335 137 162
1287 306 1052
1052 306 1287
306 1052 1287
122 426 1371
1371 122 426
426 122 1371
389 910 1303
1303 389 910
910 389 1303
412 540 562
562 412 540
540 412 562
816 584 1427
584 816 1427
1427 584 816
1060 722 1244
1244 722 1060
722 1060 1244
1191 928 1053
928 1053 1191
1053 928 1191
808 1138 1356
1138 808 1356
1356 808 1138
323 288 1331
1331 288 323
288 323 1331
132 205 802
802 132 205
205 132 802
1082 757 1186
1186 757 1082
757 1082 1186
384 836 1480
1480 384 836
836 384 1480
596 511 968
511 596 968
968 511 596
705 594 686
594 686 705
686 594 705
1223 327 1431
1431 327 1223
327 1223 1431
480 425 818
818 425 480
425 480 818
935 992 1025
1025 935 992
992 935 1025
908 461 1042
1042 461 908
461 908 1042
1239 343 564
564 343 1239
343 564 1239
1309 410 1393
1393 410 1309
410 1309 1393
954 230 321
230 321 954
321 230 954
1386 1200 1440
1200 1386 1440
1440 1200 1386
1391 295 671
295 671 1391
671 295 1391
1472 219 1425
1425 219 1472
219 1425 1472
336 483 744
744 336 483
483 336 744
819 239 1253
1253 239 819
239 819 1253
640 366 471
366 471 640
471 366 640
759 662 765
765 662 759
662 759 765
674 91 1329
1329 91 674
91 674 1329
1470 1181 1362
1181 1362 1470
1362 1181 1470
1294 932 1175
1175 932 1294
932 1175 1294
449 1066 1144
1066 449 1144
1144 449 1066
809 907 1071
907 809 1071
1071 809 907
1232 546 979
979 546 1232
546 979 1232
524 440 1335
1335 440 524
440 524 1335
752 846 1024
846 752 1024
1024 752 846
560 750 1002
1002 560 750
750 560 1002
346 1094 1361
1094 346 1361
1361 346 1094
539 178 521
178 521 539
521 178 539
1469 163 1352
1352 163 1469
163 1352 1469
51 667 1320
667 51 1320
1320 51 667
160 138 772
772 138 160
138 160 772
711 853 1187
1187 711 853
853 711 1187
617 201 833
833 201 617
201 617 833
429 734 940
734 429 940
940 429 734
868 1365 1455
1455 868 1365
1365 868 1455
1404 56 1419
1419 56 1404
56 1404 1419
647 695 1164
1164 647 695
695 647 1164
703 404 789
404 703 789
789 404 703
1063 29 1313
29 1063 1313
1313 29 1063
1334 277 316
277 316 1334
316 277 1334
1183 550 822
550 822 1183
822 550 1183
1034 1163 1375
1163 1034 1375
1375 1034 1163
852 360 753
360 753 852
753 360 852
149 120 691
691 120 149
120 149 691
84 185 542
185 84 542
542 84 185
283 557 804
557 283 804
804 283 557
579 218 990
990 218 579
218 579 990
101 558 815
815 101 558
558 101 815
1237 437 1155
437 1155 1237
1155 437 1237
548 588 1150
588 548 1150
1150 548 588
1010 566 1189
566 1010 1189
1189 566 1010
142 293 1261
1261 142 293
293 142 1261
1056 155 590
590 155 1056
155 590 1056
1213 743 1452
1452 743 1213
743 1213 1452
248 286 460
460 248 286
286 248 460
878 418 1069
1069 418 878
418 878 1069
1251 252 764
764 252 1251
252 764 1251
861 527 892
527 861 892
892 527 861
1305 869 1414
869 1305 1414
1414 869 1305
349 681 1204
681 349 1204
1204 349 681
1016 158 855
855 158 1016
158 855 1016
1457 144 876
144 876 1457
876 144 1457
618 770 1306
1306 618 770
770 618 1306
665 256 1156
256 665 1156
1156 256 665
1088 632 977
977 632 1088
632 977 1088
1234 1124 1355
1355 1124 1234
1124 1234 1355
92 799 1104
1104 92 799
799 92 1104
574 1143 1395
1395 574 1143
1143 574 1395
463 223 363
363 223 463
223 363 463
1096 905 1117
905 1096 1117
1117 905 1096
1058 339 1283
1283 339 1058
339 1058 1283
1495 898 1128
898 1128 1495
1128 898 1495
1049 329 457
329 457 1049
457 329 1049
1190 650 972
650 972 1190
972 650 1190
234 299 1442
299 234 1442
1442 234 299
352 1338 1464
1464 352 1338
1338 352 1464
424 266 969
266 424 969
969 266 424
345 79 354
354 79 345
79 345 354
500 474 621
474 500 621
621 474 500
18 1018 1179
1018 18 1179
1179 18 1018
1095 551 1291
551 1095 1291
1291 551 1095
1416 73 1466
73 1416 1466
1466 73 1416
887 184 1437
1437 184 887
184 887 1437
53 859 1463
859 53 1463
1463 53 859
965 733 856
733 856 965
856 733 965
1324 399 708
399 708 1324
708 399 1324
843 805 1210
1210 805 843
805 843 1210
891 358 1057
1057 358 891
358 891 1057
1076 7 776
776 7 1076
7 776 1076
736 27 314
27 314 736
314 27 736
210 487 1228
487 210 1228
1228 210 487
86 348 1289
348 86 1289
1289 86 348
140 407 951
407 140 951
951 140 407
798 417 534
417 534 798
534 417 798
701 670 1007
670 701 1007
1007 670 701
709 459 484
459 484 709
484 459 709
244 1188 1273
1188 244 1273
1273 244 1188
800 320 1118
1118 320 800
320 800 1118
1033 507 1462
507 1033 1462
1462 507 1033
254 1019 1027
1019 254 1027
1027 254 1019
522 28 1001
28 522 1001
1001 28 522
942 359 1402
1402 359 942
359 942 1402
925 16 64
16 64 925
64 16 925
26 742 1436
1436 26 742
742 26 1436
1403 107 821
821 107 1403
107 821 1403
554 1142 1248
1248 554 1142
1142 554 1248
1475 740 1265
1265 740 1475
740 1265 1475
929 957 962
962 929 957
957 929 962
894 174 1039
174 894 1039
1039 174 894
1214 396 911
911 396 1214
396 911 1214
980 469 867
469 867 980
867 469 980
901 780 1055
1055 780 901
780 901 1055
1102 32 784
784 32 1102
32 784 1102
365 130 341
130 341 365
341 130 365
1500 1077 1269
1269 1077 1500
1077 1269 1500
917 146 356
356 146 917
146 356 917
658 330 519
519 330 658
330 519 658
721 1298 1418
1298 721 1418
1418 721 1298
766 464 1009
1009 464 766
464 766 1009
602 479 570
479 570 602
570 479 602
1090 24 1122
24 1090 1122
1122 24 1090
966 529 1000
529 966 1000
1000 529 966
756 215 1111
1111 215 756
215 756 1111
109 33 961
961 33 109
33 109 961
694 428 1459
1459 428 694
428 694 1459
1238 85 100
100 85 1238
85 100 1238
281 246 322
246 281 322
322 246 281
1247 235 673
673 235 1247
235 673 1247
115 258 952
258 115 952
952 115 258
74 21 1172
21 74 1172
1172 21 74
751 228 502
228 502 751
502 228 751
1254 1221 1359
1359 1221 1254
1221 1254 1359
1048 1 50
1 50 1048
50 1 1048
307 714 1417
714 307 1417
1417 307 714
1317 1292 1380
1380 1292 1317
1292 1317 1380
134 485 679
485 134 679
679 134 485
328 468 492
468 328 492
492 328 468
984 176 1314
1314 176 984
176 984 1314
17 1020 1473
1020 17 1473
1473 17 1020
1086 274 1041
274 1041 1086
1041 274 1086
1385 1226 1241
1226 1241 1385
1241 1226 1385
8 997 1126
1126 8 997
997 8 1126
251 731 1486
731 251 1486
1486 251 731
666 93 1389
1389 93 666
93 666 1389
518 141 1394
1394 141 518
141 518 1394
717 190 1491
190 717 1491
1491 190 717
388 1006 1271
1006 388 1271
1271 388 1006
452 1263 1444
1444 452 1263
1263 452 1444
1217 4 1202
1202 4 1217
4 1202 1217
61 1372 1482
1372 61 1482
1482 61 1372
690 415 1054
1054 415 690
415 690 1054
212 880 1105
1105 212 880
880 212 1105
191 446 1173
446 191 1173
1173 191 446
196 207 1125
207 196 1125
1125 196 207
157 220 953
220 157 953
953 157 220
1166 922 1274
1274 922 1166
922 1166 1274
181 949 1498
1498 181 949
949 181 1498
790 46 211
46 211 790
211 46 790
14 116 1061
116 14 1061
1061 14 116
390 39 1461
39 390 1461
1461 39 390
1266 897 1454
897 1266 1454
1454 897 1266
1046 893 1101
1101 893 1046
893 1046 1101
573 456 1037
1037 456 573
456 573 1037
312 43 1015
1015 43 312
43 312 1015
994 506 568
568 506 994
506 568 994
993 828 896
896 828 993
828 896 993
1132 106 884
884 106 1132
106 884 1132
1366 227 1415
227 1366 1415
1415 227 1366
1295 62 198
62 198 1295
198 62 1295
332 652 1300
652 332 1300
1300 332 652
970 732 986
732 970 986
986 732 970
926 309 858
858 309 926
309 858 926
1267 357 1109
357 1109 1267
1109 357 1267
1192 1120 1135
1135 1120 1192
1120 1135 1192
1087 232 1429
1429 232 1087
232 1087 1429
195 581 903
581 195 903
903 195 581
634 842 1140
842 634 1140
1140 634 842
1433 113 121
113 121 1433
121 113 1433
1487 567 999
999 567 1487
567 999 1487
1373 315 739
315 739 1373
739 315 1373
498 644 781
781 498 644
644 498 781
65 710 838
838 65 710
710 65 838
1326 672 1369
1369 672 1326
672 1326 1369
1242 431 964
431 964 1242
964 431 1242
1347 886 1148
1148 886 1347
886 1148 1347
1198 9 585
585 9 1198
9 585 1198
637 748 837
837 637 748
748 637 837
646 395 614
614 395 646
395 614 646
267 803 1481
803 267 1481
1481 267 803
37 600 1432
600 37 1432
1432 37 600
259 761 1297
1297 259 761
761 259 1297
763 432 1382
432 763 1382
1382 432 763
1390 571 998
571 998 1390
998 571 1390
1045 453 921
453 921 1045
921 453 1045
206 490 931
931 206 490
490 206 931
719 40 745
745 40 719
40 719 745
565 159 305
305 159 565
159 305 565
331 361 397
397 331 361
361 331 397
1280 355 405
405 355 1280
355 405 1280
297 301 730
301 297 730
730 297 301
1448 687 973
687 973 1448
973 687 1448
1377 1231 1426
1426 1231 1377
1231 1377 1426
447 34 1098
34 447 1098
1098 34 447
1152 639 704
639 704 1152
704 639 1152
380 885 1405
1405 380 885
885 380 1405
871 76 675
675 76 871
76 675 871
938 866 985
866 938 985
985 866 938
1351 224 1131
224 1131 1351
1131 224 1351
1182 111 1043
111 1043 1182
1043 111 1182
145 49 238
49 145 238
238 49 145
442 512 889
889 442 512
512 442 889
643 555 1328
1328 555 643
555 643 1328
291 403 845
845 291 403
403 291 845
918 70 214
214 70 918
70 214 918
943 128 1153
1153 128 943
128 943 1153
963 608 645
645 608 963
608 645 963
1022 503 1308
503 1022 1308
1308 503 1022
659 499 586
499 586 659
586 499 659
533 264 699
264 533 699
699 264 533
912 478 1145
478 912 1145
1145 478 912
242 298 1286
298 242 1286
1286 242 298
194 678 1084
1084 194 678
678 194 1084
1485 292 1243
1243 292 1485
292 1243 1485
817 419 1341
1341 419 817
419 817 1341
300 175 622
175 300 622
622 175 300
689 577 1212
577 689 1212
1212 577 689
1312 87 375
87 375 1312
375 87 1312
531 676 915
915 531 676
676 531 915
450 408 1051
408 450 1051
1051 408 450
236 204 1178
1178 204 236
204 236 1178
657 1434 1489
1434 657 1489
1489 657 1434
1236 340 612
340 612 1236
612 340 1236
15 172 680
680 15 172
172 15 680
1302 1245 1260
1260 1245 1302
1245 1260 1302
1062 373 1259
373 1062 1259
1259 373 1062
187 543 1123
543 187 1123
1123 187 543
1133 385 1199
385 1133 1199
1199 385 1133
400 812 1492
1492 400 812
812 400 1492
1467 486 967
486 967 1467
967 486 1467
537 794 1100
794 537 1100
1100 537 794
642 872 1185
872 642 1185
1185 642 872
526 465 978
465 526 978
978 465 526
801 22 769
769 22 801
22 769 801
1423 864 1325
864 1325 1423
1325 864 1423
6 139 1106
139 6 1106
1106 6 139
1368 386 1499
1499 386 1368
386 1368 1499
835 126 203
203 126 835
126 203 835
1396 25 569
569 25 1396
25 569 1396
152 58 1387
1387 58 152
58 152 1387
131 648 1089
1089 131 648
648 131 1089
1065 275 823
823 275 1065
275 823 1065
651 105 547
547 105 651
105 547 651
42 595 1376
595 42 1376
1376 42 595
930 78 737
78 737 930
737 78 930
1168 909 1107
909 1107 1168
1107 909 1168
334 535 1196
1196 334 535
535 334 1196
23 572 827
572 23 827
827 23 572
811 333 1397
333 811 1397
1397 333 811
795 72 712
712 72 795
72 712 795
118 556 700
700 118 556
556 118 700
1134 290 1468
1468 290 1134
290 1134 1468
439 430 746
746 430 439
430 439 746
760 919 1323
919 760 1323
1323 760 919
489 20 983
983 20 489
20 489 983
552 1028 1079
1079 552 1028
1028 552 1079
754 186 580
186 580 754
580 186 754
148 112 883
883 112 148
112 148 883
280 664 813
664 280 813
813 280 664
1160 308 854
854 308 1160
308 854 1160
693 129 1332
129 693 1332
1332 129 693
