41958 76987 107952
107952 41958 76987
76987 41958 107952
88745 80846 125847
125847 80846 88745
80846 88745 125847
109710 43913 91443
91443 43913 109710
43913 91443 109710
51018 44350 105750
44350 51018 105750
105750 44350 51018
136684 31392 142139
31392 136684 142139
142139 31392 136684
104324 5715 115695
5715 104324 115695
115695 5715 104324
27533 1670 130034
1670 27533 130034
130034 1670 27533
118712 86885 112285
86885 112285 118712
112285 86885 118712
57495 10359 95319
10359 57495 95319
95319 10359 57495
22214 13161 78539
13161 22214 78539
78539 13161 22214
79436 104381 132585
104381 79436 132585
132585 79436 104381
141667 17794 141254
17794 141254 141667
141254 17794 141667
47219 51796 86251
51796 47219 86251
86251 47219 51796
29356 128531 133023
133023 29356 128531
128531 29356 133023
57507 17711 134820
134820 17711 57507
17711 57507 134820
139658 100736 147997
147997 100736 139658
100736 139658 147997
104782 22290 36291
22290 36291 104782
36291 22290 104782
90152 31959 104200
104200 31959 90152
31959 90152 104200
148408 22586 47221
47221 22586 148408
22586 47221 148408
18962 92173 96069
92173 18962 96069
96069 18962 92173
85863 33625 133130
133130 33625 85863
33625 85863 133130
54071 26381 137206
26381 54071 137206
137206 26381 54071
73745 81054 100605
81054 73745 100605
100605 73745 81054
132502 32753 35508
35508 32753 132502
32753 35508 132502
16847 40974 57720
57720 16847 40974
40974 16847 57720
139010 33209 66899
66899 33209 139010
33209 66899 139010
96528 18997 144019
18997 96528 144019
144019 18997 96528
111063 53016 57370
57370 53016 111063
53016 57370 111063
109136 54094 100251
100251 54094 109136
54094 100251 109136
69867 86690 99312
86690 69867 99312
99312 69867 86690
40352 87130 103821
103821 40352 87130
87130 40352 103821
17289 88551 149388
88551 17289 149388
149388 17289 88551
48983 93831 133473
93831 48983 133473
133473 48983 93831
101942 11716 129448
129448 11716 101942
11716 101942 129448
106288 111102 139561
139561 106288 111102
111102 106288 139561
93248 34164 95062
34164 93248 95062
95062 34164 93248
10036 123145 136422
123145 10036 136422
136422 10036 123145
34341 67997 132487
132487 34341 67997
67997 34341 132487
148417 112342 140910
112342 140910 148417
140910 112342 148417
83051 8127 96227
96227 8127 83051
8127 83051 96227
10343 53238 99965
53238 10343 99965
99965 10343 53238
119425 54956 80247
54956 80247 119425
80247 54956 119425
54713 64533 106082
64533 54713 106082
106082 54713 64533
14518 86119 138190
138190 14518 86119
86119 14518 138190
91415 5921 63903
63903 5921 91415
5921 63903 91415
9374 55179 96705
96705 9374 55179
55179 9374 96705
25744 4650 32490
32490 4650 25744
4650 25744 32490
93804 48200 78024
48200 78024 93804
78024 48200 93804
86089 17769 97933
97933 17769 86089
17769 86089 97933
140530 127822 138672
127822 138672 140530
138672 127822 140530
6568 22938 46137
22938 6568 46137
46137 6568 22938
79066 22357 24070
24070 22357 79066
22357 24070 79066
12681 46086 62892
46086 12681 62892
62892 12681 46086
47025 37937 45866
37937 45866 47025
45866 37937 47025
122367 45371 74626
74626 45371 122367
45371 74626 122367
74932 112403 147223
112403 74932 147223
147223 74932 112403
31858 114545 134151
114545 31858 134151
134151 31858 114545
103162 35581 47381
35581 47381 103162
47381 35581 103162
49286 89610 103987
103987 49286 89610
89610 49286 103987
96562 39394 123641
123641 39394 96562
39394 96562 123641
97328 31602 143241
31602 97328 143241
143241 31602 97328
10991 3029 64227
3029 10991 64227
64227 3029 10991
149908 14078 121598
121598 14078 149908
14078 121598 149908
145572 8653 62685
8653 62685 145572
62685 8653 145572
77845 128563 139088
139088 77845 128563
128563 77845 139088
144587 84307 132778
132778 84307 144587
84307 132778 144587
66155 30968 108603
30968 66155 108603
108603 30968 66155
130219 45723 77257
45723 77257 130219
77257 45723 130219
139763 141425 143644
141425 139763 143644
143644 139763 141425
102092 36576 74468
74468 36576 102092
36576 74468 102092
115031 86273 100097
100097 86273 115031
86273 100097 115031
123208 76187 91370
91370 76187 123208
76187 91370 123208
52013 101100 133679
133679 52013 101100
101100 52013 133679
119605 19106 92782
19106 92782 119605
92782 19106 119605
145389 21610 94763
21610 94763 145389
94763 21610 145389
109339 108558 116878
116878 108558 109339
108558 109339 116878
37829 27865 74255
27865 37829 74255
74255 27865 37829
71737 19311 34139
34139 19311 71737
19311 34139 71737
33951 33228 122197
122197 33228 33951
33228 33951 122197
142278 128082 130328
130328 128082 142278
128082 130328 142278
94438 11911 70052
11911 70052 94438
70052 11911 94438
97705 67514 135364
67514 97705 135364
135364 67514 97705
98104 91412 107476
91412 98104 107476
107476 91412 98104
71361 14674 149445
149445 14674 71361
14674 71361 149445
47518 21872 65845
21872 47518 65845
65845 21872 47518
47807 56396 74615
74615 47807 56396
56396 47807 74615
66655 86234 124656
124656 66655 86234
86234 66655 124656
141708 32901 83403
83403 32901 141708
32901 83403 141708
38059 11463 144897
11463 38059 144897
144897 11463 38059
86850 6987 148865
6987 86850 148865
148865 6987 86850
51519 1982 83127
1982 51519 83127
83127 1982 51519
114476 23613 49565
49565 23613 114476
23613 49565 114476
121101 138171 140434
138171 121101 140434
140434 121101 138171
115661 68063 139301
139301 68063 115661
68063 115661 139301
124774 82970 100042
82970 100042 124774
100042 82970 124774
100817 5435 149683
5435 100817 149683
149683 5435 100817
141282 85913 148493
85913 141282 148493
148493 85913 141282
66451 70756 118124
118124 66451 70756
70756 66451 118124
19505 10319 146225
146225 10319 19505
10319 19505 146225
127011 15308 75305
75305 15308 127011
15308 75305 127011
29036 15861 143689
143689 15861 29036
15861 29036 143689
12094 40111 148660
148660 12094 40111
40111 12094 148660
113579 1545 49443
49443 1545 113579
1545 49443 113579
29939 72940 148407
72940 29939 148407
148407 29939 72940
138639 83886 136729
83886 136729 138639
136729 83886 138639
10070 23394 96976
23394 10070 96976
96976 10070 23394
15333 2622 43587
2622 15333 43587
43587 2622 15333
50227 3107 89893
3107 50227 89893
89893 3107 50227
130962 96823 108853
108853 96823 130962
96823 108853 130962
15453 4187 123587
4187 15453 123587
123587 4187 15453
64259 96308 124936
96308 64259 124936
124936 64259 96308
8498 3676 103843
103843 3676 8498
3676 8498 103843
132359 82281 92790
92790 82281 132359
82281 92790 132359
62301 5984 63486
63486 5984 62301
5984 62301 63486
78084 117009 148682
148682 78084 117009
117009 78084 148682
95022 16716 98743
98743 16716 95022
16716 95022 98743
8855 137636 147602
137636 8855 147602
147602 8855 137636
131504 14407 98456
98456 14407 131504
14407 98456 131504
107989 62052 84117
84117 62052 107989
62052 84117 107989
28485 75174 118030
118030 28485 75174
75174 28485 118030
103397 59822 137179
137179 59822 103397
59822 103397 137179
27577 4586 103479
103479 4586 27577
4586 27577 103479
148061 41867 126779
41867 126779 148061
126779 41867 148061
32752 68358 91189
68358 32752 91189
91189 32752 68358
47437 299 73614
299 47437 73614
73614 299 47437
148224 68429 123696
68429 123696 148224
123696 68429 148224
42221 42229 88629
88629 42221 42229
42229 42221 88629
69482 55777 111537
111537 55777 69482
55777 69482 111537
14226 18408 134150
134150 14226 18408
18408 14226 134150
7974 60355 118668
60355 7974 118668
118668 7974 60355
90124 94298 103159
103159 90124 94298
94298 90124 103159
100576 32513 34592
32513 34592 100576
34592 32513 100576
145852 70234 97137
70234 97137 145852
97137 70234 145852
44680 76512 83747
83747 44680 76512
76512 44680 83747
36213 37858 145112
145112 36213 37858
37858 36213 145112
139229 36397 86323
36397 86323 139229
86323 36397 139229
39882 36765 133963
133963 36765 39882
36765 39882 133963
2336 81804 116234
81804 2336 116234
116234 2336 81804
144745 20330 118545
20330 118545 144745
118545 20330 144745
144504 1063 67202
1063 67202 144504
67202 1063 144504
78445 60110 95377
95377 60110 78445
60110 78445 95377
32056 12891 60614
12891 32056 60614
60614 12891 32056
21022 85112 87159
85112 21022 87159
87159 21022 85112
76951 47575 49947
49947 47575 76951
47575 49947 76951
142568 51716 89192
51716 89192 142568
89192 51716 142568
91678 20767 107599
107599 20767 91678
20767 91678 107599
102811 38367 54524
54524 38367 102811
38367 54524 102811
18016 89766 91423
91423 18016 89766
89766 18016 91423
35784 37715 144381
144381 35784 37715
37715 35784 144381
133871 28091 128871
128871 28091 133871
28091 128871 133871
15488 66085 148585
66085 15488 148585
148585 15488 66085
31991 64123 138595
64123 31991 138595
138595 31991 64123
33381 25546 88729
25546 33381 88729
88729 25546 33381
134473 17609 137446
17609 134473 137446
137446 17609 134473
74230 1378 117445
1378 74230 117445
117445 1378 74230
20202 492 5444
5444 492 20202
492 5444 20202
69570 67497 121658
67497 69570 121658
121658 67497 69570
120482 13447 39613
39613 13447 120482
13447 39613 120482
60190 147724 148094
148094 60190 147724
147724 60190 148094
10462 91190 92882
92882 10462 91190
91190 10462 92882
62558 4511 63180
63180 4511 62558
4511 62558 63180
74874 115415 131556
115415 74874 131556
131556 74874 115415
125273 14936 116371
116371 14936 125273
14936 116371 125273
66313 11631 52033
11631 52033 66313
52033 11631 66313
60619 96243 113192
96243 60619 113192
113192 60619 96243
49496 73486 136350
73486 49496 136350
136350 49496 73486
8250 112382 147723
147723 8250 112382
112382 8250 147723
53141 80392 87175
80392 53141 87175
87175 53141 80392
72161 110394 110422
110422 72161 110394
110394 72161 110422
129172 10678 104174
104174 10678 129172
10678 104174 129172
120899 51858 66938
51858 66938 120899
66938 51858 120899
147702 32798 128886
32798 128886 147702
128886 32798 147702
86670 136057 142497
136057 86670 142497
142497 86670 136057
1169 71902 129978
129978 1169 71902
71902 1169 129978
48608 77031 113509
113509 48608 77031
77031 48608 113509
136034 120027 132239
132239 120027 136034
120027 132239 136034
11226 42955 99535
42955 11226 99535
99535 11226 42955
145128 74564 88286
88286 74564 145128
74564 88286 145128
17958 31496 86437
86437 17958 31496
31496 17958 86437
147371 62680 93870
93870 62680 147371
62680 93870 147371
39377 51201 132581
132581 39377 51201
51201 39377 132581
63101 54174 82114
82114 54174 63101
54174 63101 82114
107029 7353 9713
9713 7353 107029
7353 9713 107029
36268 64722 116916
64722 36268 116916
116916 36268 64722
45212 81355 144681
81355 45212 144681
144681 45212 81355
118954 4596 117950
4596 117950 118954
117950 4596 118954
122157 90939 140857
140857 90939 122157
90939 122157 140857
7315 112517 112743
112517 7315 112743
112743 7315 112517
13515 35010 141976
35010 13515 141976
141976 13515 35010
35008 20482 97187
97187 20482 35008
20482 35008 97187
45775 123271 129565
129565 45775 123271
123271 45775 129565
78364 15814 18848
18848 15814 78364
15814 18848 78364
23374 52510 125406
52510 23374 125406
125406 23374 52510
108618 37224 85884
85884 37224 108618
37224 85884 108618
16025 3917 108954
3917 16025 108954
108954 3917 16025
110031 15028 89205
89205 15028 110031
15028 89205 110031
47400 13560 104099
104099 13560 47400
13560 47400 104099
90453 132137 141693
132137 90453 141693
141693 90453 132137
48573 118950 147164
118950 48573 147164
147164 48573 118950
70263 2095 126841
2095 70263 126841
126841 2095 70263
52428 2944 79711
79711 2944 52428
2944 52428 79711
102555 44844 68231
68231 44844 102555
44844 68231 102555
136802 21360 35072
21360 35072 136802
35072 21360 136802
18453 95305 118477
95305 18453 118477
118477 18453 95305
27750 32146 122349
122349 27750 32146
32146 27750 122349
105337 132114 138917
138917 105337 132114
132114 105337 138917
44837 41253 105185
41253 44837 105185
105185 41253 44837
64863 76994 133520
133520 64863 76994
76994 64863 133520
17775 119898 125255
125255 17775 119898
119898 17775 125255
66310 54901 121155
54901 66310 121155
121155 54901 66310
69289 91562 98292
98292 69289 91562
91562 69289 98292
82020 8143 41002
8143 41002 82020
41002 8143 82020
130464 91378 100888
91378 100888 130464
100888 91378 130464
20862 98605 147951
98605 20862 147951
147951 20862 98605
67086 32765 35416
32765 35416 67086
35416 32765 67086
127144 32465 122814
32465 122814 127144
122814 32465 127144
33341 18562 135116
18562 33341 135116
135116 18562 33341
47837 92445 121118
121118 47837 92445
92445 47837 121118
61605 90542 138282
138282 61605 90542
90542 61605 138282
68981 15358 144565
144565 15358 68981
15358 68981 144565
120914 10380 146524
146524 10380 120914
10380 120914 146524
107650 8269 133201
8269 107650 133201
133201 8269 107650
9722 47736 71002
47736 9722 71002
71002 9722 47736
107533 100208 127993
100208 107533 127993
127993 100208 107533
36852 56537 109896
109896 36852 56537
56537 36852 109896
117008 16344 101046
101046 16344 117008
16344 101046 117008
11359 890 139650
139650 890 11359
890 11359 139650
21856 85733 119615
119615 21856 85733
85733 21856 119615
21366 88337 143076
143076 21366 88337
88337 21366 143076
79540 92392 107176
107176 79540 92392
92392 79540 107176
4720 73808 107920
73808 4720 107920
107920 4720 73808
50060 47168 105497
47168 50060 105497
105497 47168 50060
81490 12024 119212
119212 12024 81490
12024 81490 119212
94744 98451 100298
98451 94744 100298
100298 94744 98451
125741 42062 127213
42062 125741 127213
127213 42062 125741
23753 43740 75080
75080 23753 43740
43740 23753 75080
85996 126083 137698
126083 85996 137698
137698 85996 126083
140326 47554 61234
61234 47554 140326
47554 61234 140326
100368 49718 88961
49718 88961 100368
88961 49718 100368
22304 67173 139461
67173 22304 139461
139461 22304 67173
120152 5065 30100
5065 30100 120152
30100 5065 120152
124814 68590 86211
86211 68590 124814
68590 86211 124814
147938 64992 100621
64992 100621 147938
100621 64992 147938
132571 18653 102551
18653 102551 132571
102551 18653 132571
103954 40185 115343
115343 40185 103954
40185 103954 115343
60080 92751 97373
97373 60080 92751
92751 60080 97373
124623 66236 111744
66236 111744 124623
111744 66236 124623
145505 77953 110656
77953 110656 145505
110656 77953 145505
90820 65917 147444
147444 65917 90820
65917 90820 147444
30640 70851 71000
71000 30640 70851
70851 30640 71000
141654 11430 75168
75168 11430 141654
11430 75168 141654
62542 23080 101876
23080 62542 101876
101876 23080 62542
23515 7688 51619
51619 7688 23515
7688 23515 51619
245 18344 103391
103391 245 18344
18344 245 103391
41062 47055 89901
47055 41062 89901
89901 41062 47055
57090 57641 107338
107338 57090 57641
57641 57090 107338
106467 64945 89448
89448 64945 106467
64945 89448 106467
132202 68832 74049
68832 74049 132202
74049 68832 132202
9265 38102 39250
38102 9265 39250
39250 9265 38102
121059 9294 78279
78279 9294 121059
9294 78279 121059
140494 53882 67777
67777 53882 140494
53882 67777 140494
100354 129973 146707
146707 100354 129973
129973 100354 146707
91492 105931 122672
105931 91492 122672
122672 91492 105931
23335 27469 31687
27469 23335 31687
31687 23335 27469
82804 18872 104325
104325 18872 82804
18872 82804 104325
5149 44879 86415
86415 5149 44879
44879 5149 86415
131105 68976 81352
81352 68976 131105
68976 81352 131105
25279 8800 21680
8800 21680 25279
21680 8800 25279
144101 21248 113356
21248 113356 144101
113356 21248 144101
121637 72683 126714
72683 121637 126714
126714 72683 121637
19815 3218 147046
3218 19815 147046
147046 3218 19815
92925 61256 128929
128929 61256 92925
61256 92925 128929
16526 4577 57807
4577 16526 57807
57807 4577 16526
148122 54551 78404
78404 54551 148122
54551 78404 148122
3217 62066 101472
62066 3217 101472
101472 3217 62066
5027 28486 110938
28486 5027 110938
110938 5027 28486
147134 32596 140810
32596 140810 147134
140810 32596 147134
23987 90415 145278
145278 23987 90415
90415 23987 145278
88056 15215 86458
86458 15215 88056
15215 86458 88056
13163 14430 98970
14430 13163 98970
98970 13163 14430
110864 86892 94694
86892 94694 110864
94694 86892 110864
83442 79689 142472
79689 83442 142472
142472 79689 83442
27836 106616 124884
106616 27836 124884
124884 27836 106616
114296 72758 148633
72758 114296 148633
148633 72758 114296
23693 71093 99713
71093 23693 99713
99713 23693 71093
42026 82805 95810
82805 42026 95810
95810 42026 82805
123141 67121 82034
82034 67121 123141
67121 82034 123141
28978 83890 107807
83890 28978 107807
107807 28978 83890
98922 23710 141193
141193 23710 98922
23710 98922 141193
95496 40903 94951
94951 40903 95496
40903 94951 95496
60306 59554 144358
59554 60306 144358
144358 59554 60306
7063 32026 45880
45880 7063 32026
32026 7063 45880
147884 11951 22226
22226 11951 147884
11951 22226 147884
28083 43435 50716
43435 28083 50716
50716 28083 43435
102954 17678 148317
148317 17678 102954
17678 102954 148317
28272 59307 128047
128047 28272 59307
59307 28272 128047
100101 300 50438
50438 300 100101
300 50438 100101
39318 48804 102315
102315 39318 48804
48804 39318 102315
15931 95795 148015
148015 15931 95795
95795 15931 148015
91155 8176 91755
8176 91155 91755
91755 8176 91155
124946 29878 105708
29878 105708 124946
105708 29878 124946
115582 13017 95146
13017 95146 115582
95146 13017 115582
61152 5320 61512
61512 5320 61152
5320 61152 61512
117467 9391 101275
101275 9391 117467
9391 101275 117467
166 23622 49132
23622 166 49132
49132 166 23622
48517 53915 112391
53915 48517 112391
112391 48517 53915
91299 4179 7632
4179 7632 91299
7632 4179 91299
95710 55753 133168
55753 95710 133168
133168 55753 95710
118201 9800 141307
141307 9800 118201
9800 118201 141307
43470 27198 74323
74323 27198 43470
27198 43470 74323
59514 24004 113058
24004 59514 113058
113058 24004 59514
130365 13473 40760
13473 40760 130365
40760 13473 130365
109318 78234 140999
78234 109318 140999
140999 78234 109318
136374 52681 73662
52681 73662 136374
73662 52681 136374
141324 4307 12758
4307 12758 141324
12758 4307 141324
127582 30795 99998
99998 30795 127582
30795 99998 127582
19802 125030 145297
125030 19802 145297
145297 19802 125030
80519 104079 128634
128634 80519 104079
104079 80519 128634
82630 9603 91259
91259 9603 82630
9603 82630 91259
136308 9931 59475
59475 9931 136308
9931 59475 136308
47880 61368 101134
61368 47880 101134
101134 47880 61368
17849 35847 82467
82467 17849 35847
35847 17849 82467
125559 84561 106052
106052 84561 125559
84561 106052 125559
69504 12371 99245
99245 12371 69504
12371 69504 99245
94733 50616 103199
50616 94733 103199
103199 50616 94733
117492 102615 133689
133689 102615 117492
102615 117492 133689
41380 142739 147194
147194 41380 142739
142739 41380 147194
112530 57957 104631
104631 57957 112530
57957 104631 112530
135179 39451 143622
143622 39451 135179
39451 135179 143622
120450 998 106335
106335 998 120450
998 106335 120450
91944 36258 88219
88219 36258 91944
36258 88219 91944
15612 48850 112873
48850 15612 112873
112873 15612 48850
101776 85742 88868
88868 85742 101776
85742 88868 101776
17978 40242 102829
102829 17978 40242
40242 17978 102829
46147 66547 76062
76062 46147 66547
66547 46147 76062
88405 7391 136911
136911 7391 88405
7391 88405 136911
17123 77107 100202
77107 17123 100202
100202 17123 77107
15019 91367 124391
124391 15019 91367
91367 15019 124391
148998 999 70729
999 70729 148998
70729 999 148998
136424 77739 123757
77739 123757 136424
123757 77739 136424
125445 19504 106084
19504 106084 125445
106084 19504 125445
42736 18924 124823
18924 42736 124823
124823 18924 42736
68076 57839 74469
57839 68076 74469
74469 57839 68076
42280 27445 33006
27445 33006 42280
33006 27445 42280
140453 24733 147298
147298 24733 140453
24733 140453 147298
143164 17815 19999
19999 17815 143164
17815 19999 143164
49660 29020 113914
29020 49660 113914
113914 29020 49660
14534 27809 64287
27809 14534 64287
64287 14534 27809
147640 60465 132316
60465 132316 147640
132316 60465 147640
40074 85005 128879
85005 40074 128879
128879 40074 85005
64959 78123 86971
86971 64959 78123
78123 64959 86971
60729 18643 101735
18643 60729 101735
101735 18643 60729
10447 72175 107440
107440 10447 72175
72175 10447 107440
77874 72862 101290
101290 72862 77874
72862 77874 101290
20861 94761 141962
141962 20861 94761
94761 20861 141962
61821 53905 86284
86284 53905 61821
53905 61821 86284
47500 87312 134589
87312 47500 134589
134589 47500 87312
100294 66896 129083
129083 66896 100294
66896 100294 129083
47225 25595 72000
25595 47225 72000
72000 25595 47225
85445 15942 21403
15942 21403 85445
21403 15942 85445
37362 36405 106725
106725 36405 37362
36405 37362 106725
31172 32977 83273
32977 31172 83273
83273 31172 32977
67808 23894 90268
90268 23894 67808
23894 67808 90268
16271 120721 142982
120721 16271 142982
142982 16271 120721
29773 25629 57176
25629 29773 57176
57176 25629 29773
35386 13367 96921
13367 35386 96921
96921 13367 35386
44935 88698 102373
88698 44935 102373
102373 44935 88698
66302 76473 138666
76473 66302 138666
138666 66302 76473
1788 16256 137829
16256 1788 137829
137829 1788 16256
140546 6712 76956
6712 76956 140546
76956 6712 140546
56196 100026 100495
100495 56196 100026
100026 56196 100495
136091 3270 6036
3270 6036 136091
6036 3270 136091
97246 13527 62677
13527 62677 97246
62677 13527 97246
54596 23340 97215
23340 54596 97215
97215 23340 54596
25416 5512 17975
5512 17975 25416
17975 5512 25416
65 72401 138337
72401 65 138337
138337 65 72401
134302 52353 77975
77975 52353 134302
52353 77975 134302
117254 33647 70387
33647 70387 117254
70387 33647 117254
31044 63474 105204
63474 31044 105204
105204 31044 63474
142074 36464 97695
97695 36464 142074
36464 97695 142074
44015 69776 89666
69776 44015 89666
89666 44015 69776
23403 61471 79045
61471 23403 79045
79045 23403 61471
85167 48814 148988
48814 85167 148988
148988 48814 85167
58795 19898 105908
19898 58795 105908
105908 19898 58795
73673 66932 88856
88856 66932 73673
66932 73673 88856
76859 45747 141382
45747 76859 141382
141382 45747 76859
111379 6885 44705
44705 6885 111379
6885 44705 111379
98023 44162 58461
44162 58461 98023
58461 44162 98023
81410 39050 103542
39050 81410 103542
103542 39050 81410
18910 8160 132755
8160 18910 132755
132755 8160 18910
58853 94619 113694
113694 58853 94619
94619 58853 113694
10324 71315 75680
71315 10324 75680
75680 10324 71315
29260 62169 96229
62169 29260 96229
96229 29260 62169
142268 68371 129468
68371 129468 142268
129468 68371 142268
114560 119899 122829
122829 114560 119899
119899 114560 122829
147247 76489 101786
76489 101786 147247
101786 76489 147247
121504 117928 133252
133252 117928 121504
117928 121504 133252
117565 45553 98333
98333 45553 117565
45553 98333 117565
36087 52998 57457
57457 36087 52998
52998 36087 57457
72681 6053 140865
140865 6053 72681
6053 72681 140865
96850 13047 96145
13047 96145 96850
96145 13047 96850
95150 26825 110483
26825 95150 110483
110483 26825 95150
38105 45425 87598
45425 38105 87598
87598 38105 45425
102537 101064 147252
147252 101064 102537
101064 102537 147252
68341 23090 106782
23090 68341 106782
106782 23090 68341
39649 21577 36207
36207 21577 39649
21577 36207 39649
54538 27611 82202
82202 27611 54538
27611 54538 82202
54578 37215 67444
67444 37215 54578
37215 54578 67444
11313 6892 105895
105895 6892 11313
6892 11313 105895
84532 41593 90005
90005 41593 84532
41593 84532 90005
87623 83590 141172
83590 87623 141172
141172 83590 87623
93145 27515 144241
144241 27515 93145
27515 93145 144241
44089 19233 107472
19233 44089 107472
107472 19233 44089
16932 104080 136088
104080 16932 136088
136088 16932 104080
40376 19850 63669
63669 19850 40376
19850 40376 63669
121160 9165 40019
40019 9165 121160
9165 40019 121160
83502 24405 37385
37385 24405 83502
24405 37385 83502
93551 37991 71337
37991 71337 93551
71337 37991 93551
93082 113225 143154
143154 93082 113225
113225 93082 143154
100290 40635 103180
103180 40635 100290
40635 100290 103180
109893 60011 61070
60011 61070 109893
61070 60011 109893
55586 118025 132455
132455 55586 118025
118025 55586 132455
106428 45190 100024
100024 45190 106428
45190 100024 106428
21855 5216 71397
71397 5216 21855
5216 21855 71397
148314 14042 70879
70879 14042 148314
14042 70879 148314
146851 46549 88096
88096 46549 146851
46549 88096 146851
36884 17313 145219
17313 36884 145219
145219 17313 36884
104311 54541 135460
135460 54541 104311
54541 104311 135460
31493 25059 89683
25059 31493 89683
89683 25059 31493
131233 59107 111748
59107 111748 131233
111748 59107 131233
44025 60755 132339
132339 44025 60755
60755 44025 132339
134215 91718 107833
91718 107833 134215
107833 91718 134215
88256 62887 98109
98109 62887 88256
62887 88256 98109
41518 113164 134620
113164 41518 134620
134620 41518 113164
91593 1894 26091
1894 26091 91593
26091 1894 91593
117417 111894 123206
111894 117417 123206
123206 111894 117417
57296 16234 143180
16234 57296 143180
143180 16234 57296
7886 39636 117933
117933 7886 39636
39636 7886 117933
129350 8479 112911
112911 8479 129350
8479 112911 129350
85486 116941 139617
139617 85486 116941
116941 85486 139617
90176 18303 118882
118882 18303 90176
18303 90176 118882
81600 60672 91543
60672 81600 91543
91543 60672 81600
140860 84706 134205
134205 84706 140860
84706 134205 140860
100391 9537 86539
86539 9537 100391
9537 86539 100391
95171 16979 107170
107170 16979 95171
16979 95171 107170
117789 45029 95771
45029 95771 117789
95771 45029 117789
147201 45792 132861
45792 132861 147201
132861 45792 147201
91927 20009 133861
133861 20009 91927
20009 91927 133861
71096 48377 88809
48377 71096 88809
88809 48377 71096
22812 8569 65533
8569 22812 65533
65533 8569 22812
39021 58146 85418
85418 39021 58146
58146 39021 85418
10643 35077 111096
111096 10643 35077
35077 10643 111096
57311 21778 142555
21778 57311 142555
142555 21778 57311
15830 17923 89905
89905 15830 17923
17923 15830 89905
27522 13056 130420
13056 27522 130420
130420 13056 27522
81938 20235 115055
115055 20235 81938
20235 81938 115055
134751 33918 39124
33918 39124 134751
39124 33918 134751
122986 21534 57524
57524 21534 122986
21534 57524 122986
15585 70740 73306
73306 15585 70740
70740 15585 73306
2291 78016 78040
78040 2291 78016
78016 2291 78040
58818 73845 92940
73845 58818 92940
92940 58818 73845
76209 101906 109232
101906 76209 109232
109232 76209 101906
26859 90992 111739
90992 26859 111739
111739 26859 90992
90034 40707 129842
129842 40707 90034
40707 90034 129842
60285 125775 146061
146061 60285 125775
125775 60285 146061
102949 9441 85341
9441 85341 102949
85341 9441 102949
5436 98166 124441
124441 5436 98166
98166 5436 124441
8166 122635 125974
122635 8166 125974
125974 8166 122635
36801 68786 130258
130258 36801 68786
68786 36801 130258
17616 698 26407
26407 698 17616
698 17616 26407
9414 59661 101707
59661 9414 101707
101707 9414 59661
30689 4177 94510
94510 4177 30689
4177 30689 94510
34899 95093 140437
140437 34899 95093
95093 34899 140437
144822 35758 142839
142839 35758 144822
35758 142839 144822
149957 20247 40746
20247 40746 149957
40746 20247 149957
14034 33842 74648
74648 14034 33842
33842 14034 74648
37806 4196 56231
4196 37806 56231
56231 4196 37806
111071 23009 42031
42031 23009 111071
23009 42031 111071
105069 56118 94321
94321 56118 105069
56118 94321 105069
108370 98136 133192
133192 98136 108370
98136 108370 133192
11745 63927 95569
63927 11745 95569
95569 11745 63927
54764 72679 142544
72679 54764 142544
142544 54764 72679
144564 85435 97315
85435 97315 144564
97315 85435 144564
103565 37078 68200
68200 37078 103565
37078 68200 103565
15881 80029 91879
91879 15881 80029
80029 15881 91879
86838 29012 60544
29012 60544 86838
60544 29012 86838
82198 23348 71121
71121 23348 82198
23348 71121 82198
97390 20195 144611
20195 97390 144611
144611 20195 97390
141183 44716 88665
88665 44716 141183
44716 88665 141183
91899 132777 146762
132777 91899 146762
146762 91899 132777
86091 73012 133213
133213 73012 86091
73012 86091 133213
122134 8504 52908
8504 52908 122134
52908 8504 122134
146312 95067 134704
95067 134704 146312
134704 95067 146312
17634 8145 91280
91280 8145 17634
8145 17634 91280
83741 26939 138166
26939 83741 138166
138166 26939 83741
143401 15563 77716
15563 77716 143401
77716 15563 143401
71581 37537 90905
37537 71581 90905
90905 37537 71581
50803 93255 120628
120628 50803 93255
93255 50803 120628
110745 45884 83644
83644 45884 110745
45884 83644 110745
90006 36160 76058
36160 76058 90006
76058 36160 90006
26068 95581 100926
100926 26068 95581
95581 26068 100926
140003 117901 120542
117901 120542 140003
120542 117901 140003
96904 46378 116368
46378 96904 116368
116368 46378 96904
93310 62179 89921
89921 62179 93310
62179 89921 93310
2349 66870 129704
129704 2349 66870
66870 2349 129704
90433 6405 111061
6405 90433 111061
111061 6405 90433
121481 55146 129424
129424 55146 121481
55146 121481 129424
116374 96122 110149
96122 110149 116374
110149 96122 116374
52589 97198 120071
120071 52589 97198
97198 52589 120071
117016 64781 145766
145766 64781 117016
64781 117016 145766
144576 47356 144649
47356 144576 144649
144649 47356 144576
21805 92160 106259
106259 21805 92160
92160 21805 106259
121305 95825 138790
138790 95825 121305
95825 121305 138790
101460 28240 45357
45357 28240 101460
28240 45357 101460
144674 13518 95445
95445 13518 144674
13518 95445 144674
108461 21240 25974
25974 21240 108461
21240 25974 108461
75875 7550 34903
7550 34903 75875
34903 7550 75875
57595 27374 77509
27374 57595 77509
77509 27374 57595
39264 126930 137009
126930 39264 137009
137009 39264 126930
142798 95283 97311
95283 97311 142798
97311 95283 142798
95689 5355 146252
146252 5355 95689
5355 95689 146252
46832 9065 134147
134147 9065 46832
9065 46832 134147
95834 28119 58347
58347 28119 95834
28119 58347 95834
93773 74488 99197
99197 74488 93773
74488 93773 99197
23316 90526 94260
94260 23316 90526
90526 23316 94260
148915 17294 37081
17294 37081 148915
37081 17294 148915
106443 68693 76653
68693 76653 106443
76653 68693 106443
110974 38841 146443
38841 110974 146443
146443 38841 110974
49370 27491 90845
27491 49370 90845
90845 27491 49370
37545 44760 90293
90293 37545 44760
44760 37545 90293
83266 41178 149508
41178 83266 149508
149508 41178 83266
1195 30468 131837
30468 1195 131837
131837 1195 30468
99728 13421 97350
13421 97350 99728
97350 13421 99728
88143 93766 124059
124059 88143 93766
93766 88143 124059
56214 57780 94352
94352 56214 57780
57780 56214 94352
11449 100090 147040
147040 11449 100090
100090 11449 147040
81419 17784 51960
17784 51960 81419
51960 17784 81419
105071 27395 75549
27395 75549 105071
75549 27395 105071
85617 48264 87648
87648 48264 85617
48264 85617 87648
42794 42903 127884
127884 42794 42903
42903 42794 127884
93521 31945 142706
142706 31945 93521
31945 93521 142706
120697 101396 143091
143091 101396 120697
101396 120697 143091
38422 52586 149705
52586 38422 149705
149705 38422 52586
40896 2264 94981
94981 2264 40896
2264 40896 94981
41519 50629 101180
101180 41519 50629
50629 41519 101180
55068 39658 50565
39658 50565 55068
50565 39658 55068
68888 52228 110704
110704 52228 68888
52228 68888 110704
59578 10155 107067
107067 10155 59578
10155 59578 107067
132714 135415 142964
135415 132714 142964
142964 132714 135415
49071 28561 115053
28561 49071 115053
115053 28561 49071
133489 71569 93774
93774 71569 133489
71569 93774 133489
145023 104879 144622
104879 144622 145023
144622 104879 145023
7813 83493 86113
83493 7813 86113
86113 7813 83493
119288 65755 67512
65755 67512 119288
67512 65755 119288
3075 20638 98655
98655 3075 20638
20638 3075 98655
120361 46505 59857
59857 46505 120361
46505 59857 120361
33696 11442 94326
11442 33696 94326
94326 11442 33696
109355 10570 89943
89943 10570 109355
10570 89943 109355
119602 95107 131140
95107 119602 131140
131140 95107 119602
62026 62039 85960
85960 62026 62039
62039 62026 85960
120333 16619 40058
16619 40058 120333
40058 16619 120333
32348 115473 133524
133524 32348 115473
115473 32348 133524
79301 102595 140493
102595 79301 140493
140493 79301 102595
138513 17485 77071
77071 17485 138513
17485 77071 138513
63353 128986 138143
138143 63353 128986
128986 63353 138143
59573 93743 101880
93743 59573 101880
101880 59573 93743
43750 96329 117239
117239 43750 96329
96329 43750 117239
123520 9022 119386
9022 119386 123520
119386 9022 123520
131391 48433 89238
89238 48433 131391
48433 89238 131391
7051 27593 112277
27593 7051 112277
112277 7051 27593
50473 74113 97932
74113 50473 97932
97932 50473 74113
37023 112378 129127
112378 37023 129127
129127 37023 112378
33635 75364 105184
105184 33635 75364
75364 33635 105184
14776 27499 76416
76416 14776 27499
27499 14776 76416
8241 6703 144589
144589 6703 8241
6703 8241 144589
39990 45677 63087
63087 39990 45677
45677 39990 63087
81499 17584 92065
17584 81499 92065
92065 17584 81499
89480 5078 128820
128820 5078 89480
5078 89480 128820
9808 65756 70433
65756 9808 70433
70433 9808 65756
126885 72931 81769
72931 81769 126885
81769 72931 126885
8148 136845 137332
137332 8148 136845
136845 8148 137332
36358 102290 126527
126527 36358 102290
102290 36358 126527
121614 20433 120539
20433 120539 121614
120539 20433 121614
131622 2672 96974
2672 96974 131622
96974 2672 131622
58786 6666 85376
6666 58786 85376
85376 6666 58786
102709 26778 74577
26778 74577 102709
74577 26778 102709
83125 38686 84780
38686 83125 84780
84780 38686 83125
98890 80905 139124
139124 80905 98890
80905 98890 139124
4595 63759 136062
136062 4595 63759
63759 4595 136062
47631 24784 40192
40192 24784 47631
24784 40192 47631
135862 135154 146320
146320 135154 135862
135154 135862 146320
6062 61785 92020
92020 6062 61785
61785 6062 92020
16016 24296 73627
73627 16016 24296
24296 16016 73627
15246 89935 114224
114224 15246 89935
89935 15246 114224
104830 7763 123442
7763 104830 123442
123442 7763 104830
145083 140361 144556
144556 140361 145083
140361 144556 145083
14672 72351 141217
141217 14672 72351
72351 14672 141217
79552 23496 145025
145025 23496 79552
23496 79552 145025
101593 73517 109326
73517 101593 109326
109326 73517 101593
74283 30835 37798
37798 30835 74283
30835 37798 74283
21626 57710 119073
119073 21626 57710
57710 21626 119073
141145 61688 130445
61688 130445 141145
130445 61688 141145
16551 80499 92340
92340 16551 80499
80499 16551 92340
30830 5028 65149
65149 5028 30830
5028 30830 65149
35775 20295 69278
20295 35775 69278
69278 20295 35775
46153 132508 134254
134254 46153 132508
132508 46153 134254
111001 8341 50195
8341 50195 111001
50195 8341 111001
109979 44867 86174
44867 86174 109979
86174 44867 109979
10450 168 109126
168 10450 109126
109126 168 10450
141781 126520 138618
126520 138618 141781
138618 126520 141781
39176 36050 141739
141739 36050 39176
36050 39176 141739
85956 80164 95537
80164 85956 95537
95537 80164 85956
141493 74889 96643
96643 74889 141493
74889 96643 141493
3536 39976 87481
87481 3536 39976
39976 3536 87481
132998 27123 61285
61285 27123 132998
27123 61285 132998
97321 47165 118666
118666 47165 97321
47165 97321 118666
85157 78466 110430
110430 78466 85157
78466 85157 110430
101821 33712 99600
99600 33712 101821
33712 99600 101821
64609 31795 131834
31795 64609 131834
131834 31795 64609
734 38814 141677
141677 734 38814
38814 734 141677
64075 59919 98118
59919 64075 98118
98118 59919 64075
143118 95308 118288
95308 118288 143118
118288 95308 143118
53845 132551 148628
148628 53845 132551
132551 53845 148628
16909 3703 51298
3703 16909 51298
51298 3703 16909
89991 59905 123737
59905 89991 123737
123737 59905 89991
128168 54925 107919
54925 107919 128168
107919 54925 128168
96407 59913 94804
94804 59913 96407
59913 94804 96407
16662 41057 82898
41057 16662 82898
82898 16662 41057
107485 95550 133874
95550 107485 133874
133874 95550 107485
68825 96386 130767
96386 68825 130767
130767 68825 96386
57612 50615 56274
56274 50615 57612
50615 56274 57612
8570 58838 95095
58838 8570 95095
95095 8570 58838
132892 37644 71688
71688 37644 132892
37644 71688 132892
81473 15188 16694
16694 15188 81473
15188 16694 81473
129142 79415 143651
143651 79415 129142
79415 129142 143651
115645 31782 76643
31782 76643 115645
76643 31782 115645
120213 18425 92005
18425 92005 120213
92005 18425 120213
86155 79799 145904
79799 86155 145904
145904 79799 86155
104565 2700 110299
2700 104565 110299
110299 2700 104565
75671 30865 77598
77598 30865 75671
30865 75671 77598
7903 40067 144413
144413 7903 40067
40067 7903 144413
44531 93166 126579
126579 44531 93166
93166 44531 126579
91233 57497 88409
57497 88409 91233
88409 57497 91233
111814 34113 55444
55444 34113 111814
34113 55444 111814
120992 76700 117128
76700 117128 120992
117128 76700 120992
125675 54103 131104
131104 54103 125675
54103 125675 131104
135854 98355 131505
98355 131505 135854
131505 98355 135854
18551 32242 133013
133013 18551 32242
32242 18551 133013
59804 5285 72205
5285 59804 72205
72205 5285 59804
25935 112697 123424
123424 25935 112697
112697 25935 123424
60476 80051 142089
142089 60476 80051
80051 60476 142089
74024 78945 124440
124440 74024 78945
78945 74024 124440
107043 18875 74135
74135 18875 107043
18875 74135 107043
8027 58238 61438
61438 8027 58238
58238 8027 61438
93459 63340 139129
139129 63340 93459
63340 93459 139129
85604 43058 148119
148119 43058 85604
43058 85604 148119
54591 74409 132748
74409 54591 132748
132748 54591 74409
89762 2207 2335
2335 2207 89762
2207 2335 89762
74302 31661 144708
31661 74302 144708
144708 31661 74302
136229 121716 133309
133309 121716 136229
121716 133309 136229
8513 15373 36699
15373 8513 36699
36699 8513 15373
67144 33225 78505
78505 33225 67144
33225 67144 78505
121138 74248 107196
107196 74248 121138
74248 107196 121138
144303 109479 134290
109479 134290 144303
134290 109479 144303
72838 71112 112384
112384 71112 72838
71112 72838 112384
118472 69851 124258
124258 69851 118472
69851 118472 124258
116107 21634 114690
21634 114690 116107
114690 21634 116107
68316 69976 98813
98813 68316 69976
69976 68316 98813
94172 74737 149598
74737 94172 149598
149598 74737 94172
33808 19648 74657
19648 33808 74657
74657 19648 33808
72667 15551 24463
24463 15551 72667
15551 24463 72667
26981 35392 62243
35392 26981 62243
62243 26981 35392
149624 35038 118878
35038 118878 149624
118878 35038 149624
55947 58036 118169
58036 55947 118169
118169 55947 58036
123237 60219 74127
74127 60219 123237
60219 74127 123237
21615 63494 102754
102754 21615 63494
63494 21615 102754
4785 27073 63818
63818 4785 27073
27073 4785 63818
63606 49665 97206
97206 49665 63606
49665 63606 97206
90276 80699 108851
80699 90276 108851
108851 80699 90276
48380 125810 144084
125810 48380 144084
144084 48380 125810
147232 58935 120097
120097 58935 147232
58935 120097 147232
53017 100246 130439
130439 53017 100246
100246 53017 130439
134191 53327 106903
53327 106903 134191
106903 53327 134191
57897 67087 110606
67087 57897 110606
110606 57897 67087
35545 86960 94989
94989 35545 86960
86960 35545 94989
141908 22166 135623
22166 135623 141908
135623 22166 141908
131084 36803 132213
36803 131084 132213
132213 36803 131084
25405 50295 61429
50295 25405 61429
61429 25405 50295
52405 36595 139521
36595 52405 139521
139521 36595 52405
98831 11597 38530
38530 11597 98831
11597 38530 98831
137441 72030 93604
72030 93604 137441
93604 72030 137441
114410 16209 69948
16209 69948 114410
69948 16209 114410
146913 14221 20951
20951 14221 146913
14221 20951 146913
48613 24652 119969
24652 48613 119969
119969 24652 48613
32487 79840 108012
108012 32487 79840
79840 32487 108012
140350 97330 109036
97330 109036 140350
109036 97330 140350
111981 59663 119006
59663 111981 119006
119006 59663 111981
107349 11894 109524
109524 11894 107349
11894 107349 109524
31963 45570 101618
45570 31963 101618
101618 31963 45570
101749 8218 122095
8218 101749 122095
122095 8218 101749
104541 61506 77946
61506 77946 104541
77946 61506 104541
112295 104818 132675
104818 112295 132675
132675 104818 112295
104296 46719 66292
66292 46719 104296
46719 66292 104296
56426 9500 95831
9500 56426 95831
95831 9500 56426
60246 133754 149785
133754 60246 149785
149785 60246 133754
29854 51714 78094
78094 29854 51714
51714 29854 78094
146542 15614 145355
145355 15614 146542
15614 145355 146542
103441 112654 130846
112654 103441 130846
130846 103441 112654
64939 84040 133237
84040 64939 133237
