42035 70422 116493
70422 42035 116493
116493 42035 70422
128794 37188 110876
110876 37188 128794
37188 110876 128794
55027 57047 70268
70268 55027 57047
57047 55027 70268
83961 110539 142703
110539 83961 142703
142703 83961 110539
122854 93687 124740
124740 93687 122854
93687 122854 124740
112207 42221 91755
91755 42221 112207
42221 91755 112207
54429 34019 98542
34019 54429 98542
98542 34019 54429
37395 29962 84190
29962 37395 84190
84190 29962 37395
27832 7165 100408
100408 7165 27832
7165 27832 100408
62559 96707 144904
144904 62559 96707
96707 62559 144904
85434 16290 87469
16290 85434 87469
87469 16290 85434
86797 35067 79203
79203 35067 86797
35067 79203 86797
69106 65836 128432
128432 65836 69106
65836 69106 128432
12112 29388 73416
73416 12112 29388
29388 12112 73416
116903 33151 136101
33151 116903 136101
136101 33151 116903
100143 27930 107043
107043 27930 100143
27930 100143 107043
22175 46774 46870
46870 22175 46774
46774 22175 46870
92882 47987 122489
47987 92882 122489
122489 47987 92882
104981 71438 77169
71438 77169 104981
77169 71438 104981
16889 67263 125149
125149 16889 67263
67263 16889 125149
21016 52924 123541
52924 21016 123541
123541 21016 52924
25138 23254 125998
23254 25138 125998
125998 23254 25138
130942 15397 120123
120123 15397 130942
15397 120123 130942
67193 84921 135087
135087 67193 84921
84921 67193 135087
89585 106122 139235
139235 89585 106122
106122 89585 139235
32762 44636 51050
44636 32762 51050
51050 32762 44636
92591 123302 126054
123302 92591 126054
126054 92591 123302
8030 36280 110330
110330 8030 36280
36280 8030 110330
50272 46342 46427
46342 46427 50272
46427 46342 50272
8551 63936 114739
114739 8551 63936
63936 8551 114739
15986 33698 57073
57073 15986 33698
33698 15986 57073
122492 13513 22635
22635 13513 122492
13513 22635 122492
8788 5348 116209
116209 5348 8788
5348 8788 116209
129979 34625 70783
70783 34625 129979
34625 70783 129979
42379 102232 133514
133514 42379 102232
102232 42379 133514
109129 41774 95991
95991 41774 109129
41774 95991 109129
39873 48169 61425
61425 39873 48169
48169 39873 61425
105485 31010 76740
76740 31010 105485
31010 76740 105485
93710 94452 122448
94452 93710 122448
122448 93710 94452
74066 44701 64141
64141 44701 74066
44701 64141 74066
141378 144822 145266
144822 141378 145266
145266 141378 144822
108143 19275 146660
19275 108143 146660
146660 19275 108143
92012 1972 86966
1972 86966 92012
86966 1972 92012
7938 7442 126626
7442 7938 126626
126626 7442 7938
130695 9969 80596
9969 80596 130695
80596 9969 130695
122132 79133 121654
121654 79133 122132
79133 121654 122132
25838 5916 10032
5916 10032 25838
10032 5916 25838
77824 5525 120201
5525 77824 120201
120201 5525 77824
113366 61505 70443
61505 70443 113366
70443 61505 113366
73216 101706 125670
101706 73216 125670
125670 73216 101706
16513 32219 119043
32219 16513 119043
119043 16513 32219
91486 24271 53732
24271 53732 91486
53732 24271 91486
91477 137778 148396
137778 91477 148396
148396 91477 137778
107745 54200 79383
54200 79383 107745
79383 54200 107745
133224 9326 128280
128280 9326 133224
9326 128280 133224
108825 42603 137658
42603 108825 137658
137658 42603 108825
464 36752 92348
92348 464 36752
36752 464 92348
128243 79767 115399
79767 115399 128243
115399 79767 128243
41203 14685 76376
76376 14685 41203
14685 41203 76376
644 10492 133206
10492 644 133206
133206 644 10492
96529 9958 76956
76956 9958 96529
9958 76956 96529
7623 52998 137654
52998 7623 137654
137654 7623 52998
60767 23754 62807
62807 23754 60767
23754 60767 62807
35409 17285 87149
17285 35409 87149
87149 17285 35409
149180 46115 80016
46115 80016 149180
80016 46115 149180
84058 4152 41595
4152 41595 84058
41595 4152 84058
127320 23413 40202
23413 40202 127320
40202 23413 127320
127619 114832 137972
114832 127619 137972
137972 114832 127619
38899 51913 76426
51913 38899 76426
76426 38899 51913
96588 51329 145769
51329 96588 145769
145769 51329 96588
13827 32328 124086
32328 13827 124086
124086 13827 32328
27885 8340 40648
8340 27885 40648
40648 8340 27885
148037 6814 17693
17693 6814 148037
6814 17693 148037
96311 21490 30013
30013 21490 96311
21490 30013 96311
55866 70260 98761
70260 55866 98761
98761 55866 70260
102551 2168 119523
2168 102551 119523
119523 2168 102551
16902 136942 142643
142643 16902 136942
136942 16902 142643
91042 18384 90204
90204 18384 91042
18384 90204 91042
46412 25376 34142
34142 25376 46412
25376 34142 46412
125873 28010 79253
79253 28010 125873
28010 79253 125873
127246 11757 148044
11757 127246 148044
148044 11757 127246
49511 29701 38895
29701 38895 49511
38895 29701 49511
129593 56849 71866
71866 56849 129593
56849 71866 129593
134768 125421 143681
125421 134768 143681
143681 125421 134768
61147 93268 100734
93268 61147 100734
100734 61147 93268
40954 7145 23784
7145 23784 40954
23784 7145 40954
50245 69740 75780
69740 50245 75780
75780 50245 69740
99773 12083 82318
12083 82318 99773
82318 12083 99773
119361 15586 109011
15586 109011 119361
109011 15586 119361
46024 66615 124097
66615 46024 124097
124097 46024 66615
19953 19414 64321
19414 19953 64321
64321 19414 19953
149538 53248 131944
131944 53248 149538
53248 131944 149538
44156 3225 147639
3225 44156 147639
147639 3225 44156
43472 5197 139605
139605 5197 43472
5197 43472 139605
140770 104017 142413
104017 140770 142413
142413 104017 140770
136485 60791 65950
60791 65950 136485
65950 60791 136485
95666 33422 67269
33422 67269 95666
67269 33422 95666
21844 34682 128109
128109 21844 34682
34682 21844 128109
32022 40325 44034
44034 32022 40325
40325 32022 44034
124833 46142 126462
126462 46142 124833
46142 124833 126462
98226 29059 85239
29059 85239 98226
85239 29059 98226
1670 18588 139514
139514 1670 18588
18588 1670 139514
11959 101977 103942
101977 11959 103942
103942 11959 101977
116348 128420 143701
128420 116348 143701
143701 116348 128420
20419 99171 108344
99171 20419 108344
108344 20419 99171
7458 31367 55351
31367 7458 55351
55351 7458 31367
36572 82615 88611
88611 36572 82615
82615 36572 88611
28737 119799 140583
119799 28737 140583
140583 28737 119799
133842 1140 65304
1140 65304 133842
65304 1140 133842
106343 97191 121925
121925 97191 106343
97191 106343 121925
121262 33937 142973
33937 121262 142973
142973 33937 121262
76610 14817 144034
14817 76610 144034
144034 14817 76610
72334 85877 87084
87084 72334 85877
85877 72334 87084
65970 37807 46825
46825 37807 65970
37807 46825 65970
70397 52331 81936
81936 52331 70397
52331 70397 81936
96875 60104 69028
60104 69028 96875
69028 60104 96875
69724 20669 73523
20669 69724 73523
73523 20669 69724
22809 6274 42330
6274 22809 42330
42330 6274 22809
138580 107638 134039
107638 134039 138580
134039 107638 138580
83780 48594 67915
48594 67915 83780
67915 48594 83780
122009 14074 104174
104174 14074 122009
14074 104174 122009
120101 44763 104583
104583 44763 120101
44763 104583 120101
18424 20451 111525
20451 18424 111525
111525 18424 20451
4404 33355 113762
33355 4404 113762
113762 4404 33355
96169 13909 137335
13909 96169 137335
137335 13909 96169
149041 53050 113834
113834 53050 149041
53050 113834 149041
71506 72158 124703
124703 71506 72158
72158 71506 124703
145481 1755 83138
83138 1755 145481
1755 83138 145481
49516 22921 138444
22921 49516 138444
138444 22921 49516
130137 76946 137632
137632 76946 130137
76946 130137 137632
32332 35803 104205
104205 32332 35803
35803 32332 104205
46184 63370 99782
63370 46184 99782
99782 46184 63370
27946 58848 139454
58848 27946 139454
139454 27946 58848
60158 47764 137351
47764 60158 137351
137351 47764 60158
25765 86464 114004
86464 25765 114004
114004 25765 86464
95664 68693 103627
68693 95664 103627
103627 68693 95664
126232 18213 120998
18213 120998 126232
120998 18213 126232
91823 47184 64074
47184 64074 91823
64074 47184 91823
101598 44399 101552
44399 101552 101598
101552 44399 101598
10387 95096 106746
95096 10387 106746
106746 10387 95096
120021 14067 63718
14067 63718 120021
63718 14067 120021
96637 11006 83132
11006 83132 96637
83132 11006 96637
48644 7391 135170
7391 48644 135170
135170 7391 48644
48757 137251 137899
137899 48757 137251
137251 48757 137899
47188 124669 138975
124669 47188 138975
138975 47188 124669
1214 34322 67609
67609 1214 34322
34322 1214 67609
17762 93571 148587
93571 17762 148587
148587 17762 93571
22429 29714 54976
54976 22429 29714
29714 22429 54976
111209 50978 145692
50978 111209 145692
145692 50978 111209
45316 99821 100691
99821 45316 100691
100691 45316 99821
55823 78085 125382
125382 55823 78085
78085 55823 125382
123097 102901 141808
102901 123097 141808
141808 102901 123097
60446 26357 132394
26357 60446 132394
132394 26357 60446
116226 9762 71800
71800 9762 116226
9762 71800 116226
41513 42990 58182
42990 41513 58182
58182 41513 42990
8921 40925 112244
112244 8921 40925
40925 8921 112244
144474 29219 55322
55322 29219 144474
29219 55322 144474
70356 13298 94258
13298 70356 94258
94258 13298 70356
124817 30141 62823
30141 62823 124817
62823 30141 124817
111042 60657 141589
141589 60657 111042
60657 111042 141589
7230 30109 117539
30109 7230 117539
117539 7230 30109
90138 19849 46711
46711 19849 90138
19849 46711 90138
124989 23930 50233
50233 23930 124989
23930 50233 124989
26486 73237 94233
73237 26486 94233
94233 26486 73237
28460 39287 143759
39287 28460 143759
143759 28460 39287
130527 77931 79445
79445 77931 130527
77931 79445 130527
89958 2803 99775
2803 89958 99775
99775 2803 89958
26360 4277 73822
4277 26360 73822
73822 4277 26360
133347 40828 46910
46910 40828 133347
40828 46910 133347
115858 121111 146216
146216 115858 121111
121111 115858 146216
84785 2376 39932
2376 39932 84785
39932 2376 84785
6258 25245 83874
25245 6258 83874
83874 6258 25245
128565 62645 90640
90640 62645 128565
62645 90640 128565
80667 49076 135617
135617 49076 80667
49076 80667 135617
103720 127741 145542
127741 103720 145542
145542 103720 127741
147285 53698 149729
149729 53698 147285
53698 147285 149729
26745 69594 87569
69594 26745 87569
87569 26745 69594
107951 70874 74618
74618 70874 107951
70874 74618 107951
66351 36961 141889
36961 66351 141889
141889 36961 66351
25458 72313 91778
91778 25458 72313
72313 25458 91778
86173 20771 71975
71975 20771 86173
20771 71975 86173
736 91271 142179
91271 736 142179
142179 736 91271
93262 92317 139174
139174 92317 93262
92317 93262 139174
65558 16943 115621
115621 16943 65558
16943 65558 115621
122302 35945 122044
122044 35945 122302
35945 122044 122302
95786 14621 29088
14621 29088 95786
29088 14621 95786
83064 15432 38311
38311 15432 83064
15432 38311 83064
6595 41470 133640
41470 6595 133640
133640 6595 41470
24997 75840 133287
133287 24997 75840
75840 24997 133287
80050 52704 69488
69488 52704 80050
52704 69488 80050
81630 6924 111997
6924 81630 111997
111997 6924 81630
144358 19045 145051
19045 144358 145051
145051 19045 144358
92437 50722 70023
70023 50722 92437
50722 70023 92437
23755 87357 145897
145897 23755 87357
87357 23755 145897
5128 7645 11500
11500 5128 7645
7645 5128 11500
7469 1299 89496
89496 1299 7469
1299 7469 89496
18782 36873 44361
36873 18782 44361
44361 18782 36873
79799 46397 130756
46397 79799 130756
130756 46397 79799
100480 38999 134831
134831 38999 100480
38999 100480 134831
8523 44304 70541
44304 8523 70541
70541 8523 44304
131192 53797 105918
105918 53797 131192
53797 105918 131192
24993 35390 132308
132308 24993 35390
35390 24993 132308
114270 46233 112268
112268 46233 114270
46233 112268 114270
125367 25461 80939
80939 25461 125367
25461 80939 125367
60487 54885 95044
95044 54885 60487
54885 60487 95044
26316 8445 43127
8445 26316 43127
43127 8445 26316
62134 41521 67929
67929 41521 62134
41521 62134 67929
89010 9569 21152
9569 21152 89010
21152 9569 89010
61868 70937 121784
70937 61868 121784
121784 61868 70937
12901 54951 62331
54951 12901 62331
62331 12901 54951
21993 60081 87522
60081 21993 87522
87522 21993 60081
28557 6275 84218
84218 6275 28557
6275 28557 84218
22338 83551 105543
105543 22338 83551
83551 22338 105543
116038 7354 105192
105192 7354 116038
7354 105192 116038
136130 36774 78077
78077 36774 136130
36774 78077 136130
48584 77316 88905
88905 48584 77316
77316 48584 88905
2602 105991 142798
142798 2602 105991
105991 2602 142798
81147 85293 123927
123927 81147 85293
85293 81147 123927
19607 38271 63018
38271 19607 63018
63018 19607 38271
44583 68 73753
73753 68 44583
68 44583 73753
134491 818 146948
818 134491 146948
146948 818 134491
102725 125518 138713
125518 102725 138713
138713 102725 125518
129051 28632 36538
36538 28632 129051
28632 36538 129051
108800 25017 104588
104588 25017 108800
25017 104588 108800
1265 64276 147499
64276 1265 147499
147499 1265 64276
145941 14919 124618
14919 124618 145941
124618 14919 145941
2234 22757 93274
22757 2234 93274
93274 2234 22757
117238 41954 99401
99401 41954 117238
41954 99401 117238
76340 45405 140852
45405 76340 140852
140852 45405 76340
1132 28589 120504
28589 1132 120504
120504 1132 28589
40991 129985 136500
129985 40991 136500
136500 40991 129985
7125 124 122537
122537 124 7125
124 7125 122537
111945 46908 95806
95806 46908 111945
46908 95806 111945
124344 31387 84234
84234 31387 124344
31387 84234 124344
133872 127723 132784
132784 127723 133872
127723 132784 133872
137852 96112 103429
96112 103429 137852
103429 96112 137852
114709 48497 65460
48497 65460 114709
65460 48497 114709
47170 86662 99020
86662 47170 99020
99020 47170 86662
54419 12745 107186
12745 54419 107186
107186 12745 54419
53347 16653 20022
20022 16653 53347
16653 20022 53347
15086 117940 120426
117940 15086 120426
120426 15086 117940
83280 94924 105083
94924 83280 105083
105083 83280 94924
82826 126043 127688
126043 82826 127688
127688 82826 126043
32009 14373 106712
106712 14373 32009
14373 32009 106712
138893 64305 145067
145067 64305 138893
64305 138893 145067
98586 71806 87641
87641 71806 98586
71806 87641 98586
73320 39215 128522
128522 39215 73320
39215 73320 128522
36782 15782 80040
15782 36782 80040
80040 15782 36782
45868 96090 136429
96090 45868 136429
136429 45868 96090
33613 4916 133957
133957 4916 33613
4916 33613 133957
77808 84688 147419
147419 77808 84688
84688 77808 147419
140268 37528 142754
37528 140268 142754
142754 37528 140268
61137 127661 138861
127661 61137 138861
138861 61137 127661
89710 18631 63759
18631 63759 89710
63759 18631 89710
127769 2196 40978
40978 2196 127769
2196 40978 127769
50400 28853 87952
87952 28853 50400
28853 50400 87952
11507 48971 84235
48971 11507 84235
84235 11507 48971
101014 11200 45811
45811 11200 101014
11200 45811 101014
64780 64946 119366
64946 64780 119366
119366 64780 64946
33312 11404 89311
89311 11404 33312
11404 33312 89311
109730 1815 57024
1815 57024 109730
57024 1815 109730
4537 91089 131851
91089 4537 131851
131851 4537 91089
69481 2294 136954
2294 69481 136954
136954 2294 69481
13887 26822 100368
100368 13887 26822
26822 13887 100368
22232 5694 6736
5694 6736 22232
6736 5694 22232
51713 5046 51590
5046 51590 51713
51590 5046 51713
10321 11913 34168
34168 10321 11913
11913 10321 34168
453 2148 60096
60096 453 2148
2148 453 60096
54402 67287 89779
67287 54402 89779
89779 54402 67287
86545 5671 131829
131829 5671 86545
5671 86545 131829
21861 99110 139386
99110 21861 139386
139386 21861 99110
126439 48541 140860
140860 48541 126439
48541 126439 140860
144839 18902 92512
92512 18902 144839
18902 92512 144839
26502 30875 91379
91379 26502 30875
30875 26502 91379
32952 25220 130391
130391 25220 32952
25220 32952 130391
100549 6246 93523
6246 93523 100549
93523 6246 100549
106941 51870 54543
51870 54543 106941
54543 51870 106941
4657 100747 126388
126388 4657 100747
100747 4657 126388
83657 101922 134539
101922 83657 134539
134539 83657 101922
119768 15949 109063
109063 15949 119768
15949 109063 119768
15445 31983 71410
31983 15445 71410
71410 15445 31983
8371 27433 112227
112227 8371 27433
27433 8371 112227
43452 18951 32835
18951 32835 43452
32835 18951 43452
22078 40795 41240
41240 22078 40795
40795 22078 41240
66227 63188 94367
94367 63188 66227
63188 66227 94367
50889 33473 77424
77424 33473 50889
33473 50889 77424
10840 63683 130294
63683 10840 130294
130294 10840 63683
22079 12872 31651
12872 22079 31651
31651 12872 22079
117267 67062 139258
139258 67062 117267
67062 117267 139258
121294 66070 84545
84545 66070 121294
66070 84545 121294
22871 41401 130492
130492 22871 41401
41401 22871 130492
57622 87047 111290
87047 57622 111290
111290 57622 87047
103885 65410 104813
65410 103885 104813
104813 65410 103885
94424 79759 109162
109162 79759 94424
79759 94424 109162
134758 26638 91208
91208 26638 134758
26638 91208 134758
6177 28093 94285
94285 6177 28093
28093 6177 94285
33616 63118 138061
63118 33616 138061
138061 33616 63118
47129 19331 113711
113711 19331 47129
19331 47129 113711
9864 67961 117436
67961 9864 117436
117436 9864 67961
3462 36681 41527
41527 3462 36681
36681 3462 41527
90866 27276 107175
27276 90866 107175
107175 27276 90866
23567 40457 71326
71326 23567 40457
40457 23567 71326
77043 73112 144743
144743 73112 77043
73112 77043 144743
9268 3278 38260
3278 9268 38260
38260 3278 9268
15653 63693 73209
73209 15653 63693
63693 15653 73209
57824 127233 147886
147886 57824 127233
127233 57824 147886
9865 55131 72651
72651 9865 55131
55131 9865 72651
29164 109339 128583
109339 29164 128583
128583 29164 109339
26413 73667 138178
73667 26413 138178
138178 26413 73667
27713 19676 52744
52744 19676 27713
19676 27713 52744
63008 75507 91387
75507 63008 91387
91387 63008 75507
99242 20615 122285
20615 99242 122285
122285 20615 99242
25834 6830 66989
66989 6830 25834
6830 25834 66989
94492 27753 54169
54169 27753 94492
27753 54169 94492
73184 27118 74034
74034 27118 73184
27118 73184 74034
113879 5188 38941
38941 5188 113879
5188 38941 113879
36249 60359 81647
81647 36249 60359
60359 36249 81647
7040 65301 94450
94450 7040 65301
65301 7040 94450
118838 23687 134776
23687 118838 134776
134776 23687 118838
88953 16038 52928
16038 52928 88953
52928 16038 88953
142143 19377 44612
44612 19377 142143
19377 44612 142143
121407 111613 141417
141417 111613 121407
111613 121407 141417
5045 61683 148200
61683 5045 148200
148200 5045 61683
72583 64653 118482
118482 64653 72583
64653 72583 118482
81566 45325 128162
45325 81566 128162
128162 45325 81566
147404 53069 137724
53069 137724 147404
137724 53069 147404
110792 78965 87354
78965 87354 110792
87354 78965 110792
101340 118345 147015
118345 101340 147015
147015 101340 118345
138706 62621 66023
66023 62621 138706
62621 66023 138706
20836 113924 143917
143917 20836 113924
113924 20836 143917
95368 76945 107648
76945 95368 107648
107648 76945 95368
16226 7268 134505
7268 16226 134505
134505 7268 16226
46351 49132 139537
139537 46351 49132
49132 46351 139537
122551 14249 115429
115429 14249 122551
14249 115429 122551
133468 39909 67710
67710 39909 133468
39909 67710 133468
9823 17581 24470
17581 9823 24470
24470 9823 17581
82569 55356 111229
111229 55356 82569
55356 82569 111229
116179 7103 122758
122758 7103 116179
7103 116179 122758
9873 91531 143674
91531 9873 143674
143674 9873 91531
104816 49238 146687
146687 49238 104816
49238 104816 146687
119574 81674 146094
146094 81674 119574
81674 119574 146094
115380 41987 131092
131092 41987 115380
41987 115380 131092
38364 111598 126616
126616 38364 111598
111598 38364 126616
25810 9986 18629
9986 18629 25810
18629 9986 25810
46405 69192 130113
69192 46405 130113
130113 46405 69192
90256 54315 63574
54315 63574 90256
63574 54315 90256
112105 70754 144967
144967 70754 112105
70754 112105 144967
56709 68994 145942
145942 56709 68994
68994 56709 145942
30789 18002 96649
18002 30789 96649
96649 18002 30789
95540 43143 132092
132092 43143 95540
43143 95540 132092
29118 44640 86750
44640 29118 86750
86750 29118 44640
11561 20875 36234
36234 11561 20875
20875 11561 36234
148421 6259 56248
6259 56248 148421
56248 6259 148421
90120 96216 104991
96216 90120 104991
104991 90120 96216
80383 26050 143151
26050 80383 143151
143151 26050 80383
84861 111066 123124
123124 84861 111066
111066 84861 123124
16423 81238 146122
146122 16423 81238
81238 16423 146122
137356 74607 75059
75059 74607 137356
74607 75059 137356
97898 45183 105068
105068 45183 97898
45183 97898 105068
102392 7481 16545
16545 7481 102392
7481 16545 102392
20905 79222 83758
79222 20905 83758
83758 20905 79222
143905 2794 138772
138772 2794 143905
2794 138772 143905
79243 60849 94522
94522 60849 79243
60849 79243 94522
142659 74977 141101
74977 141101 142659
141101 74977 142659
136978 108649 112887
112887 108649 136978
108649 112887 136978
82752 9744 127915
127915 9744 82752
9744 82752 127915
139332 83549 115760
115760 83549 139332
83549 115760 139332
122419 114436 141678
114436 122419 141678
141678 114436 122419
80529 30783 46792
30783 46792 80529
46792 30783 80529
105587 5050 47039
47039 5050 105587
5050 47039 105587
101920 67828 107592
107592 67828 101920
67828 101920 107592
44205 52725 141908
141908 44205 52725
52725 44205 141908
137114 75299 101221
75299 101221 137114
101221 75299 137114
51526 25149 93482
25149 51526 93482
93482 25149 51526
29880 48648 67144
67144 29880 48648
48648 29880 67144
45547 31891 63816
63816 31891 45547
31891 45547 63816
26377 109954 146221
146221 26377 109954
109954 26377 146221
128473 41687 56129
41687 56129 128473
56129 41687 128473
35369 9551 87907
9551 35369 87907
87907 9551 35369
146171 6172 33950
33950 6172 146171
6172 33950 146171
132564 19325 41163
19325 41163 132564
41163 19325 132564
21675 28525 130172
28525 21675 130172
130172 21675 28525
9098 12579 139632
139632 9098 12579
12579 9098 139632
84098 40904 132218
132218 40904 84098
40904 84098 132218
14181 35668 57852
57852 14181 35668
35668 14181 57852
80586 26750 128590
26750 80586 128590
128590 26750 80586
1869 3103 114634
114634 1869 3103
3103 1869 114634
16505 44966 91434
44966 16505 91434
91434 16505 44966
46585 509 54471
509 46585 54471
54471 509 46585
122252 92366 99033
99033 92366 122252
92366 99033 122252
20159 78326 140494
78326 20159 140494
140494 20159 78326
88877 101843 145723
145723 88877 101843
101843 88877 145723
122603 27381 77182
27381 77182 122603
77182 27381 122603
80157 34404 63320
63320 34404 80157
34404 63320 80157
130507 1464 137752
137752 1464 130507
1464 130507 137752
144138 72507 112378
72507 112378 144138
112378 72507 144138
112569 19080 149174
149174 19080 112569
19080 112569 149174
8889 110451 112906
112906 8889 110451
110451 8889 112906
106852 61573 115504
61573 106852 115504
115504 61573 106852
36512 1144 28045
28045 1144 36512
1144 28045 36512
122676 47353 98278
98278 47353 122676
47353 98278 122676
133073 5755 78449
5755 78449 133073
78449 5755 133073
42352 31321 43942
43942 31321 42352
31321 42352 43942
50362 22538 68795
22538 50362 68795
68795 22538 50362
3912 130963 140277
130963 3912 140277
140277 3912 130963
26355 3392 9355
9355 3392 26355
3392 9355 26355
89559 11632 82393
82393 11632 89559
11632 82393 89559
69739 121235 144184
144184 69739 121235
121235 69739 144184
35517 42034 141322
42034 35517 141322
141322 35517 42034
134221 23505 41599
41599 23505 134221
23505 41599 134221
144033 5701 108034
108034 5701 144033
5701 108034 144033
30313 53513 90031
90031 30313 53513
53513 30313 90031
25133 80326 91192
80326 25133 91192
91192 25133 80326
41293 60316 96053
60316 41293 96053
96053 41293 60316
101456 35297 65674
35297 65674 101456
65674 35297 101456
96003 104433 129465
104433 96003 129465
129465 96003 104433
56879 36723 81528
36723 56879 81528
81528 36723 56879
61913 33042 140371
140371 33042 61913
33042 61913 140371
74043 39576 79404
79404 39576 74043
39576 74043 79404
122843 13671 136556
136556 13671 122843
13671 122843 136556
55503 26845 31345
31345 26845 55503
26845 31345 55503
40052 1086 77200
77200 1086 40052
1086 40052 77200
42794 10379 121398
10379 42794 121398
121398 10379 42794
129060 133723 141936
141936 129060 133723
133723 129060 141936
16931 100191 116719
116719 16931 100191
100191 16931 116719
15024 105451 132281
132281 15024 105451
105451 15024 132281
58788 33428 90820
90820 33428 58788
33428 58788 90820
19657 65163 74245
74245 19657 65163
65163 19657 74245
89628 2249 44335
2249 44335 89628
44335 2249 89628
28265 5273 73865
73865 5273 28265
5273 28265 73865
40438 55028 84194
84194 40438 55028
55028 40438 84194
39520 79900 95226
79900 39520 95226
95226 39520 79900
20352 129925 139347
139347 20352 129925
129925 20352 139347
104787 70472 86763
86763 70472 104787
70472 86763 104787
5708 26836 46894
26836 5708 46894
46894 5708 26836
111580 184 53212
184 53212 111580
53212 184 111580
99923 120649 149037
120649 99923 149037
149037 99923 120649
103563 66032 70444
66032 70444 103563
70444 66032 103563
44724 68499 141429
68499 44724 141429
141429 44724 68499
92511 101707 113876
113876 92511 101707
101707 92511 113876
141713 7476 91626
7476 91626 141713
91626 7476 141713
115233 70854 133859
133859 70854 115233
70854 115233 133859
42597 7593 95964
95964 7593 42597
7593 42597 95964
63431 9538 27397
27397 9538 63431
9538 27397 63431
563 20706 42807
42807 563 20706
20706 563 42807
95128 3791 69873
69873 3791 95128
3791 69873 95128
81267 29386 122868
122868 29386 81267
29386 81267 122868
6581 43982 115968
115968 6581 43982
43982 6581 115968
115748 108419 144085
108419 115748 144085
144085 108419 115748
44036 75332 97856
75332 44036 97856
97856 44036 75332
39059 29744 36759
36759 29744 39059
29744 36759 39059
97908 89709 145310
89709 97908 145310
145310 89709 97908
44515 72105 107066
107066 44515 72105
72105 44515 107066
86829 96862 147542
96862 86829 147542
147542 86829 96862
1253 13002 134739
13002 1253 134739
134739 1253 13002
106333 25404 130816
130816 25404 106333
25404 106333 130816
47343 10080 98727
98727 10080 47343
10080 47343 98727
114522 28801 58993
58993 28801 114522
28801 58993 114522
149757 108390 117860
117860 108390 149757
108390 117860 149757
48184 60939 115402
115402 48184 60939
60939 48184 115402
52341 100484 144040
100484 52341 144040
144040 52341 100484
66691 20748 147794
147794 20748 66691
20748 66691 147794
121624 5773 73612
73612 5773 121624
5773 73612 121624
147179 63878 70229
70229 63878 147179
63878 70229 147179
57893 34522 138888
138888 34522 57893
34522 57893 138888
133995 46535 52877
52877 46535 133995
46535 52877 133995
63048 115599 116326
115599 63048 116326
116326 63048 115599
23705 21800 87134
21800 23705 87134
87134 21800 23705
5745 28952 69220
69220 5745 28952
28952 5745 69220
53339 28104 117131
28104 53339 117131
117131 28104 53339
90458 37660 107144
107144 37660 90458
37660 90458 107144
5012 10145 83550
10145 5012 83550
83550 5012 10145
102576 61123 128979
128979 61123 102576
61123 102576 128979
130090 50505 53180
53180 50505 130090
50505 53180 130090
113469 139458 139885
139458 113469 139885
139885 113469 139458
38545 27286 47119
27286 38545 47119
47119 27286 38545
139615 21203 41022
21203 41022 139615
41022 21203 139615
401 18946 114377
114377 401 18946
18946 401 114377
57592 80576 111442
80576 57592 111442
111442 57592 80576
143111 46281 111996
46281 111996 143111
111996 46281 143111
44108 32592 130768
130768 32592 44108
32592 44108 130768
32 89765 104566
89765 32 104566
104566 32 89765
49598 76704 112296
112296 49598 76704
76704 49598 112296
16536 106426 137165
106426 16536 137165
137165 16536 106426
140580 15079 63612
15079 63612 140580
63612 15079 140580
32959 77675 96957
96957 32959 77675
77675 32959 96957
22130 105359 140993
105359 22130 140993
140993 22130 105359
15970 1028 14330
1028 14330 15970
14330 1028 15970
24044 53258 136650
53258 24044 136650
136650 24044 53258
141631 33193 112771
112771 33193 141631
33193 112771 141631
87344 39723 108282
108282 39723 87344
39723 87344 108282
18365 21335 90894
21335 18365 90894
90894 18365 21335
11270 93141 141498
141498 11270 93141
93141 11270 141498
71646 3330 28459
3330 28459 71646
28459 3330 71646
141238 15965 114684
15965 114684 141238
114684 15965 141238
110132 39541 71368
71368 39541 110132
39541 71368 110132
70480 15700 78659
15700 70480 78659
78659 15700 70480
9361 48082 109281
109281 9361 48082
48082 9361 109281
1634 10906 134261
134261 1634 10906
10906 1634 134261
66101 11912 110856
11912 66101 110856
110856 11912 66101
5468 14088 19395
19395 5468 14088
14088 5468 19395
30054 32871 71262
71262 30054 32871
32871 30054 71262
119339 20071 136814
136814 20071 119339
20071 119339 136814
114486 40515 113722
113722 40515 114486
40515 113722 114486
26799 76390 110720
110720 26799 76390
76390 26799 110720
146674 102452 116501
102452 116501 146674
116501 102452 146674
22211 24689 77982
24689 22211 77982
77982 22211 24689
63273 37281 55318
37281 55318 63273
55318 37281 63273
64602 55223 124196
55223 64602 124196
124196 55223 64602
40041 32944 46901
46901 32944 40041
32944 40041 46901
2022 43703 93924
93924 2022 43703
43703 2022 93924
8061 10001 89576
89576 8061 10001
10001 8061 89576
39989 56660 102979
56660 39989 102979
102979 39989 56660
101287 56527 60339
60339 56527 101287
56527 60339 101287
13470 14960 55453
55453 13470 14960
14960 13470 55453
8373 11015 73164
11015 8373 73164
73164 8373 11015
7055 16814 49815
49815 7055 16814
16814 7055 49815
110767 32039 57330
57330 32039 110767
32039 57330 110767
79358 84523 119992
119992 79358 84523
84523 79358 119992
79080 71857 149783
71857 79080 149783
149783 71857 79080
116570 53446 106220
53446 106220 116570
106220 53446 116570
108338 126529 146428
146428 108338 126529
126529 108338 146428
59569 62443 112172
112172 59569 62443
62443 59569 112172
77454 138179 145435
145435 77454 138179
138179 77454 145435
39132 52567 71761
52567 39132 71761
71761 39132 52567
120234 28064 146975
146975 28064 120234
28064 120234 146975
80862 141126 149687
141126 80862 149687
149687 80862 141126
30456 86641 92249
86641 30456 92249
92249 30456 86641
79053 17537 129699
17537 79053 129699
129699 17537 79053
118164 125939 139477
139477 118164 125939
125939 118164 139477
31072 5167 66686
5167 31072 66686
66686 5167 31072
113146 13551 140244
13551 113146 140244
140244 13551 113146
48237 547 129359
547 48237 129359
129359 547 48237
135095 18118 111305
111305 18118 135095
18118 111305 135095
18957 18287 23271
18287 18957 23271
23271 18287 18957
54638 34457 70811
34457 54638 70811
70811 34457 54638
139629 24891 134292
24891 134292 139629
134292 24891 139629
67691 77037 104917
104917 67691 77037
77037 67691 104917
115189 7367 140025
7367 115189 140025
140025 7367 115189
42350 6719 118557
118557 6719 42350
6719 42350 118557
63802 27465 57614
27465 57614 63802
57614 27465 63802
142980 80361 98791
80361 98791 142980
98791 80361 142980
61409 18818 130944
130944 18818 61409
18818 61409 130944
148333 263 136400
263 136400 148333
136400 263 148333
29971 36168 102030
102030 29971 36168
36168 29971 102030
11676 30148 110821
110821 11676 30148
30148 11676 110821
96035 25454 32348
32348 25454 96035
25454 32348 96035
130708 40271 73686
73686 40271 130708
40271 73686 130708
80438 21381 29629
21381 29629 80438
29629 21381 80438
10623 50339 126867
50339 10623 126867
126867 10623 50339
119602 12760 149235
149235 12760 119602
12760 119602 149235
74250 59279 81107
81107 59279 74250
59279 74250 81107
20322 68237 108318
68237 20322 108318
108318 20322 68237
27123 43464 104994
104994 27123 43464
43464 27123 104994
77104 14033 119671
14033 77104 119671
119671 14033 77104
5738 32259 76589
32259 5738 76589
76589 5738 32259
33464 57510 118764
57510 33464 118764
118764 33464 57510
29949 8816 73711
8816 29949 73711
73711 8816 29949
29331 40815 98571
40815 29331 98571
98571 29331 40815
105180 23612 95055
95055 23612 105180
23612 95055 105180
112791 73049 78253
78253 73049 112791
73049 78253 112791
124204 7935 72297
7935 72297 124204
72297 7935 124204
129398 9933 100628
100628 9933 129398
9933 100628 129398
110429 48853 62402
48853 62402 110429
62402 48853 110429
96854 112435 120970
112435 96854 120970
120970 96854 112435
99157 139530 148219
139530 99157 148219
148219 99157 139530
72987 46026 122610
46026 72987 122610
122610 46026 72987
104020 70052 110531
70052 104020 110531
110531 70052 104020
133641 19128 66320
66320 19128 133641
19128 66320 133641
146294 4881 145104
4881 145104 146294
145104 4881 146294
55701 7422 36151
36151 7422 55701
7422 36151 55701
98519 117921 129778
117921 98519 129778
129778 98519 117921
117316 75019 90154
90154 75019 117316
75019 90154 117316
122344 114391 130919
114391 122344 130919
130919 114391 122344
54005 49265 144700
49265 54005 144700
144700 49265 54005
52831 2756 21306
21306 2756 52831
2756 21306 52831
47200 31708 54268
54268 31708 47200
31708 47200 54268
131849 49711 92426
49711 92426 131849
92426 49711 131849
106593 44650 46481
44650 46481 106593
46481 44650 106593
50623 85571 123885
85571 50623 123885
123885 50623 85571
124055 89762 147288
147288 89762 124055
89762 124055 147288
125784 37001 64714
37001 64714 125784
64714 37001 125784
40405 75535 127620
75535 40405 127620
127620 40405 75535
135591 1216 78042
1216 78042 135591
78042 1216 135591
144761 70525 74808
70525 74808 144761
74808 70525 144761
108481 14410 100585
14410 100585 108481
100585 14410 108481
42119 110807 126437
110807 42119 126437
126437 42119 110807
134226 42527 100217
42527 100217 134226
100217 42527 134226
12364 36199 127205
127205 12364 36199
36199 12364 127205
67084 66215 104811
66215 67084 104811
104811 66215 67084
122387 44637 68980
44637 68980 122387
68980 44637 122387
134824 19082 74242
74242 19082 134824
19082 74242 134824
121728 114528 139597
139597 114528 121728
114528 121728 139597
124006 33007 75287
75287 33007 124006
33007 75287 124006
137962 72969 107818
107818 72969 137962
72969 107818 137962
34743 13639 118752
13639 34743 118752
118752 13639 34743
69342 42204 118578
118578 42204 69342
42204 69342 118578
125150 45377 131328
45377 125150 131328
131328 45377 125150
147797 34490 130398
130398 34490 147797
34490 130398 147797
80487 44033 135550
135550 44033 80487
44033 80487 135550
25253 67445 81593
67445 25253 81593
81593 25253 67445
30588 29277 36242
29277 30588 36242
36242 29277 30588
12557 32655 34326
34326 12557 32655
32655 12557 34326
13946 91362 119421
91362 13946 119421
119421 13946 91362
100075 79662 118417
79662 100075 118417
118417 79662 100075
63957 2232 29682
2232 29682 63957
29682 2232 63957
22408 61317 98697
98697 22408 61317
61317 22408 98697
16758 15666 25884
25884 15666 16758
15666 16758 25884
78389 3271 20539
20539 3271 78389
3271 20539 78389
130538 33746 80692
80692 33746 130538
33746 80692 130538
12523 87452 129447
129447 12523 87452
87452 12523 129447
128923 23788 133416
23788 128923 133416
133416 23788 128923
145056 67293 72946
72946 67293 145056
67293 72946 145056
128875 10496 61019
61019 10496 128875
10496 61019 128875
63079 44258 137014
44258 63079 137014
137014 44258 63079
9082 94411 118940
118940 9082 94411
94411 9082 118940
43158 16140 26024
16140 26024 43158
26024 16140 43158
89785 3142 47034
47034 3142 89785
3142 47034 89785
136519 53857 120111
120111 53857 136519
53857 120111 136519
111237 1940 59033
1940 59033 111237
59033 1940 111237
50588 39276 119314
119314 39276 50588
39276 50588 119314
109167 76151 97293
76151 97293 109167
97293 76151 109167
141764 16101 61078
61078 16101 141764
16101 61078 141764
89137 99036 107557
99036 89137 107557
107557 89137 99036
82148 90491 124862
124862 82148 90491
90491 82148 124862
4896 4442 82223
4442 4896 82223
82223 4442 4896
3152 77787 114196
77787 3152 114196
114196 3152 77787
904 52147 149765
52147 904 149765
149765 904 52147
39153 59256 108774
59256 39153 108774
108774 39153 59256
113581 24462 125525
24462 113581 125525
125525 24462 113581
109161 51978 64957
64957 51978 109161
51978 64957 109161
143358 55144 80014
80014 55144 143358
55144 80014 143358
50026 61685 144727
61685 50026 144727
144727 50026 61685
48636 40989 57987
57987 40989 48636
40989 48636 57987
120597 72774 114086
114086 72774 120597
72774 114086 120597
119233 17684 35305
35305 17684 119233
17684 35305 119233
45097 57218 127097
57218 45097 127097
127097 45097 57218
145285 63628 63710
63710 63628 145285
63628 63710 145285
128886 34629 131019
34629 128886 131019
131019 34629 128886
104745 51271 66311
51271 66311 104745
66311 51271 104745
42971 112147 116046
112147 42971 116046
116046 42971 112147
49496 96982 143351
96982 49496 143351
143351 49496 96982
142181 39675 127020
39675 127020 142181
127020 39675 142181
46690 35775 93750
35775 46690 93750
93750 35775 46690
47907 40517 110986
40517 47907 110986
110986 40517 47907
675 109632 138517
109632 675 138517
138517 675 109632
134951 6255 50458
50458 6255 134951
6255 50458 134951
23212 4221 12636
4221 12636 23212
12636 4221 23212
149745 76931 115267
115267 76931 149745
76931 115267 149745
26535 94202 130036
94202 26535 130036
130036 26535 94202
76007 15452 42974
15452 42974 76007
42974 15452 76007
144365 6720 62635
62635 6720 144365
6720 62635 144365
20975 12452 50970
50970 12452 20975
12452 20975 50970
59091 80770 89157
80770 59091 89157
89157 59091 80770
81905 12913 38817
12913 38817 81905
38817 12913 81905
31363 6612 12651
6612 12651 31363
12651 6612 31363
12648 52592 84663
84663 12648 52592
52592 12648 84663
75834 22400 107396
107396 22400 75834
22400 75834 107396
2744 78527 95352
78527 2744 95352
95352 2744 78527
86482 1796 45270
1796 45270 86482
45270 1796 86482
88533 95661 135067
135067 88533 95661
95661 88533 135067
131966 7746 138157
7746 131966 138157
138157 7746 131966
26960 20957 113365
20957 26960 113365
113365 20957 26960
2025 8093 73483
8093 2025 73483
73483 2025 8093
2531 31858 115434
31858 2531 115434
115434 2531 31858
100731 60349 103706
60349 100731 103706
103706 60349 100731
63900 13566 33466
33466 13566 63900
13566 33466 63900
143192 51598 134181
51598 134181 143192
134181 51598 143192
125649 12343 65043
65043 12343 125649
12343 65043 125649
24538 6484 35427
6484 24538 35427
35427 6484 24538
128234 9704 88467
9704 88467 128234
88467 9704 128234
81720 64803 65437
64803 65437 81720
65437 64803 81720
27497 18755 119228
18755 27497 119228
119228 18755 27497
99496 45666 69723
45666 69723 99496
69723 45666 99496
23764 7809 48583
7809 23764 48583
48583 7809 23764
61668 106510 142902
142902 61668 106510
106510 61668 142902
3914 17352 49774
49774 3914 17352
17352 3914 49774
112328 91777 132553
91777 112328 132553
132553 91777 112328
3656 22209 75809
75809 3656 22209
22209 3656 75809
13891 7292 133539
133539 7292 13891
7292 13891 133539
147507 26036 92711
26036 92711 147507
92711 26036 147507
92027 83957 109944
83957 92027 109944
109944 83957 92027
137800 4262 131047
4262 131047 137800
131047 4262 137800
232 74225 115096
115096 232 74225
74225 232 115096
72263 8317 13250
13250 8317 72263
8317 13250 72263
80567 43566 112023
43566 80567 112023
112023 43566 80567
118985 1091 71097
1091 71097 118985
71097 1091 118985
48399 56752 118911
56752 48399 118911
118911 48399 56752
137095 60003 121447
121447 60003 137095
60003 121447 137095
34247 47066 142992
47066 34247 142992
142992 34247 47066
130876 28073 76196
28073 76196 130876
76196 28073 130876
107405 47945 94427
94427 47945 107405
47945 94427 107405
4482 101135 107391
101135 4482 107391
107391 4482 101135
147732 51113 92680
51113 92680 147732
92680 51113 147732
17961 87527 102801
102801 17961 87527
87527 17961 102801
33083 106121 112517
112517 33083 106121
106121 33083 112517
99664 27132 91575
91575 27132 99664
27132 91575 99664
64861 102984 107698
107698 64861 102984
102984 64861 107698
108497 40735 64083
64083 40735 108497
40735 64083 108497
30861 48540 69613
48540 30861 69613
69613 30861 48540
102404 35489 72529
35489 72529 102404
72529 35489 102404
138455 79637 82402
79637 82402 138455
82402 79637 138455
24484 48095 116691
48095 24484 116691
116691 24484 48095
10666 77690 110154
110154 10666 77690
77690 10666 110154
143489 3538 120731
3538 120731 143489
120731 3538 143489
27500 47529 52321
47529 27500 52321
52321 27500 47529
121337 57209 143431
57209 121337 143431
143431 57209 121337
5230 10719 91122
91122 5230 10719
10719 5230 91122
40643 62381 76844
76844 40643 62381
62381 40643 76844
40074 5855 19735
19735 5855 40074
5855 19735 40074
108327 19922 31232
31232 19922 108327
19922 31232 108327
70711 6269 130426
130426 6269 70711
6269 70711 130426
101297 13232 134297
13232 101297 134297
134297 13232 101297
81918 132952 138942
