1108 839 1468
1468 839 1108
839 1108 1468
1306 644 933
644 933 1306
933 644 1306
932 233 1242
1242 233 932
233 932 1242
582 589 992
992 582 589
589 582 992
1181 210 1420
210 1181 1420
1420 210 1181
3 765 777
777 3 765
765 3 777
542 1221 1222
1221 542 1222
1222 542 1221
437 1179 1374
1179 437 1374
1374 437 1179
930 706 778
778 706 930
706 778 930
1089 310 712
712 310 1089
310 712 1089
490 202 1439
202 490 1439
1439 202 490
785 79 591
591 79 785
79 591 785
265 963 1199
1199 265 963
963 265 1199
1497 337 929
929 337 1497
337 929 1497
1409 707 1396
707 1396 1409
1396 707 1409
116 293 343
343 116 293
293 116 343
800 469 886
886 469 800
469 800 886
495 435 701
435 495 701
701 435 495
312 40 710
710 40 312
40 312 710
1255 560 1367
1367 560 1255
560 1255 1367
1267 942 1186
1186 942 1267
942 1186 1267
899 702 714
714 702 899
702 714 899
1080 608 853
608 853 1080
853 608 1080
1324 62 973
973 62 1324
62 973 1324
1485 271 1151
271 1151 1485
1151 271 1485
444 923 1258
1258 444 923
923 444 1258
292 798 1369
1369 292 798
798 292 1369
1159 496 1480
1480 496 1159
496 1159 1480
455 368 715
368 455 715
715 368 455
1311 296 470
470 296 1311
296 470 1311
1499 208 877
208 877 1499
877 208 1499
937 64 87
87 64 937
64 87 937
892 516 1154
516 892 1154
1154 516 892
1325 1359 1440
1440 1325 1359
1359 1325 1440
378 823 1415
823 378 1415
1415 378 823
1389 413 688
413 688 1389
688 413 1389
621 1237 1250
1237 621 1250
1250 621 1237
588 74 1193
1193 74 588
74 588 1193
1270 500 983
500 983 1270
983 500 1270
135 595 597
597 135 595
595 135 597
819 119 127
127 119 819
119 127 819
824 346 1133
346 824 1133
1133 346 824
619 103 1284
1284 103 619
103 619 1284
1411 624 727
624 727 1411
727 624 1411
286 183 186
183 186 286
186 183 286
826 885 1355
1355 826 885
885 826 1355
623 698 1167
1167 623 698
698 623 1167
1273 164 601
601 164 1273
164 601 1273
1031 1006 1319
1006 1031 1319
1319 1006 1031
1076 26 1463
26 1076 1463
1463 26 1076
1293 412 884
412 884 1293
884 412 1293
446 849 1296
849 446 1296
1296 446 849
952 258 1405
258 952 1405
1405 258 952
1342 166 982
982 166 1342
166 982 1342
1232 803 1187
803 1187 1232
1187 803 1232
81 165 1111
1111 81 165
165 81 1111
578 197 1216
197 578 1216
1216 197 578
38 384 746
384 38 746
746 38 384
894 758 827
827 758 894
758 827 894
59 71 910
910 59 71
71 59 910
917 321 327
321 327 917
327 321 917
1110 514 1184
514 1110 1184
1184 514 1110
909 572 924
924 572 909
572 909 924
840 78 1477
1477 78 840
78 840 1477
867 449 675
449 675 867
675 449 867
1239 669 1434
1434 669 1239
669 1239 1434
622 749 1099
749 622 1099
1099 622 749
946 400 1452
400 946 1452
1452 400 946
876 649 742
649 742 876
742 649 876
1371 478 1178
478 1178 1371
1178 478 1371
533 298 397
298 397 533
397 298 533
348 752 1356
1356 348 752
752 348 1356
564 637 1348
637 564 1348
1348 564 637
342 895 1393
1393 342 895
895 342 1393
1047 161 888
888 161 1047
161 888 1047
957 17 1017
1017 17 957
17 957 1017
100 670 1390
1390 100 670
670 100 1390
10 179 948
179 10 948
948 10 179
159 766 1323
1323 159 766
766 159 1323
530 837 998
837 530 998
998 530 837
635 501 663
663 501 635
501 635 663
753 537 645
645 537 753
537 645 753
194 231 1160
231 194 1160
1160 194 231
1281 261 616
261 616 1281
616 261 1281
1122 722 1059
722 1059 1122
1059 722 1122
18 807 1309
807 18 1309
1309 18 807
187 748 1341
748 187 1341
1341 187 748
1462 845 1343
1343 845 1462
845 1343 1462
656 75 213
213 75 656
75 213 656
802 51 1437
1437 51 802
51 802 1437
657 521 738
738 521 657
521 657 738
1214 585 976
585 976 1214
976 585 1214
528 35 147
147 35 528
35 147 528
870 1248 1431
1431 870 1248
1248 870 1431
1183 199 832
832 199 1183
199 832 1183
372 432 1265
432 372 1265
1265 372 432
31 971 1069
971 31 1069
1069 31 971
1195 914 1494
1494 914 1195
914 1195 1494
287 95 612
612 95 287
95 287 612
1354 266 1422
266 1354 1422
1422 266 1354
309 754 928
928 309 754
754 309 928
252 139 1426
1426 139 252
139 252 1426
979 242 724
242 724 979
724 242 979
270 583 1392
583 270 1392
1392 270 583
1057 757 1295
757 1057 1295
1295 757 1057
1322 30 898
30 898 1322
898 30 1322
1467 816 1165
816 1165 1467
1165 816 1467
1279 294 322
322 294 1279
294 322 1279
1449 104 1368
104 1368 1449
1368 104 1449
1219 163 251
163 251 1219
251 163 1219
865 1004 1067
1067 865 1004
1004 865 1067
1238 1194 1210
1210 1194 1238
1194 1210 1238
1303 58 1331
58 1303 1331
1331 58 1303
1347 398 1291
398 1291 1347
1291 398 1347
1085 1040 1218
1040 1085 1218
1218 1040 1085
1338 673 1070
673 1070 1338
1070 673 1338
1327 515 1162
515 1162 1327
1162 515 1327
931 901 1073
901 931 1073
1073 901 931
940 86 639
86 639 940
639 86 940
267 1113 1459
1113 267 1459
1459 267 1113
1083 739 1399
1399 739 1083
739 1083 1399
704 349 425
425 349 704
349 425 704
1383 89 1107
1107 89 1383
89 1107 1383
863 1171 1453
1453 863 1171
1171 863 1453
225 248 848
248 225 848
848 225 248
921 833 881
881 833 921
833 881 921
679 149 1353
1353 149 679
149 679 1353
4 615 1436
615 4 1436
1436 4 615
250 459 659
659 250 459
459 250 659
151 1127 1318
1127 151 1318
1318 151 1127
763 543 686
686 543 763
543 686 763
1445 247 354
354 247 1445
247 354 1445
112 718 1102
718 112 1102
1102 112 718
253 665 1144
1144 253 665
665 253 1144
1340 628 674
628 674 1340
674 628 1340
579 1050 1132
1050 579 1132
1132 579 1050
466 703 1078
1078 466 703
703 466 1078
986 308 768
308 768 986
768 308 986
404 24 192
192 24 404
24 192 404
257 44 1028
1028 44 257
44 257 1028
1174 498 1398
1398 498 1174
498 1174 1398
934 654 821
821 654 934
654 821 934
725 291 1005
291 725 1005
1005 291 725
1126 182 989
989 182 1126
182 989 1126
126 820 1042
1042 126 820
820 126 1042
889 912 1192
912 889 1192
1192 889 912
1362 1140 1483
1140 1362 1483
1483 1140 1362
562 117 835
835 117 562
117 562 835
331 191 1287
191 331 1287
1287 191 331
787 1286 1350
1286 787 1350
1350 787 1286
1487 228 1092
228 1092 1487
1092 228 1487
476 568 606
606 476 568
568 476 606
212 494 1190
494 212 1190
1190 212 494
234 184 1363
1363 184 234
184 234 1363
547 1024 1276
1024 547 1276
1276 547 1024
1235 114 557
114 557 1235
557 114 1235
467 115 279
279 115 467
115 279 467
487 604 1158
604 487 1158
1158 487 604
220 177 825
177 220 825
825 177 220
1312 420 838
838 420 1312
420 838 1312
1033 376 1491
376 1033 1491
1491 376 1033
399 879 1177
879 399 1177
1177 399 879
762 6 991
991 6 762
6 762 991
1337 911 1010
1010 911 1337
911 1010 1337
1330 508 711
508 711 1330
711 508 1330
902 574 1429
1429 574 902
574 902 1429
866 519 571
519 571 866
571 519 866
883 523 1124
523 883 1124
1124 523 883
1458 369 538
369 538 1458
538 369 1458
226 730 1451
1451 226 730
730 226 1451
662 575 858
575 662 858
858 575 662
904 241 1095
1095 241 904
241 904 1095
1456 456 497
456 497 1456
497 456 1456
1435 49 1123
1123 49 1435
49 1123 1435
288 1136 1406
1406 288 1136
1136 288 1406
1455 1419 1482
1419 1455 1482
1482 1419 1455
315 340 1407
340 315 1407
1407 315 340
565 614 676
676 565 614
614 565 676
828 440 607
607 440 828
440 607 828
891 836 1029
1029 836 891
836 891 1029
1373 482 1488
1488 482 1373
482 1373 1488
381 439 736
439 381 736
736 381 439
685 77 1170
77 685 1170
1170 77 685
1366 907 1251
907 1251 1366
1251 907 1366
761 808 1038
1038 761 808
808 761 1038
513 193 1230
1230 193 513
193 513 1230
988 201 733
201 733 988
733 201 988
1062 780 830
780 830 1062
830 780 1062
915 544 994
544 915 994
994 544 915
1305 1034 1457
1034 1305 1457
1457 1034 1305
1025 767 1001
767 1001 1025
1001 767 1025
993 154 776
154 776 993
776 154 993
532 8 584
584 8 532
8 532 584
140 602 961
602 140 961
961 140 602
158 339 791
339 158 791
791 158 339
76 54 871
871 54 76
54 76 871
418 353 1046
353 418 1046
1046 353 418
1116 181 1129
1129 181 1116
181 1116 1129
1408 91 741
741 91 1408
91 741 1408
276 350 843
350 276 843
843 276 350
352 46 493
493 46 352
46 352 493
525 110 394
394 110 525
110 394 525
447 822 887
822 447 887
887 447 822
1264 319 576
576 319 1264
319 576 1264
1425 960 1464
1464 960 1425
960 1425 1464
1189 461 506
461 506 1189
506 461 1189
804 423 468
468 423 804
423 468 804
137 122 424
122 137 424
424 122 137
28 409 1418
1418 28 409
409 28 1418
433 1203 1217
1203 433 1217
1217 433 1203
1493 1022 1096
1096 1022 1493
1022 1096 1493
719 427 1346
427 719 1346
1346 427 719
900 323 471
471 323 900
323 471 900
392 1109 1225
1109 392 1225
1225 392 1109
132 586 947
586 132 947
947 132 586
609 65 860
860 65 609
65 609 860
484 57 790
790 57 484
57 484 790
389 23 1272
1272 23 389
23 389 1272
1442 499 817
499 817 1442
817 499 1442
32 22 944
22 32 944
944 22 32
1152 552 1298
1298 552 1152
552 1152 1298
215 355 951
355 215 951
951 215 355
85 539 751
539 85 751
751 85 539
1351 812 1261
812 1261 1351
1261 812 1351
797 268 284
268 284 797
284 268 797
620 1018 1262
1018 620 1262
1262 620 1018
958 509 1012
1012 509 958
509 958 1012
13 16 453
453 13 16
16 13 453
325 720 1039
720 325 1039
1039 325 720
1484 1246 1360
1246 1360 1484
1360 1246 1484
145 169 264
169 145 264
264 145 169
34 570 1224
570 34 1224
1224 34 570
1357 410 1332
1332 410 1357
410 1332 1357
955 941 974
974 941 955
941 955 974
171 861 1035
1035 171 861
861 171 1035
1365 626 1060
1060 626 1365
626 1060 1365
320 504 631
631 320 504
504 320 631
1260 893 1128
1128 893 1260
893 1128 1260
69 647 1412
647 69 1412
1412 69 647
661 393 1339
1339 393 661
393 661 1339
36 580 965
965 36 580
580 36 965
1335 111 731
731 111 1335
111 731 1335
1345 617 666
617 666 1345
666 617 1345
936 813 954
813 936 954
954 813 936
1204 1254 1358
1254 1204 1358
1358 1204 1254
314 953 1321
1321 314 953
953 314 1321
1030 390 1336
390 1030 1336
1336 390 1030
1226 747 1300
747 1226 1300
1300 747 1226
1364 507 771
771 507 1364
507 771 1364
363 684 1495
1495 363 684
684 363 1495
925 113 1058
1058 113 925
113 925 1058
37 98 916
916 37 98
98 37 916
176 277 1313
277 176 1313
1313 176 277
908 1055 1098
1055 908 1098
1098 908 1055
73 254 553
553 73 254
254 73 553
1037 650 692
692 650 1037
650 692 1037
7 328 414
328 7 414
414 7 328
27 102 436
436 27 102
102 27 436
632 618 1401
1401 618 632
618 632 1401
1380 977 1146
1146 977 1380
977 1146 1380
387 120 1103
120 387 1103
1103 120 387
47 367 735
735 47 367
367 47 735
874 88 682
682 88 874
88 682 874
1150 627 691
691 627 1150
627 691 1150
524 222 997
222 524 997
997 222 524
996 338 1249
1249 338 996
338 996 1249
1053 949 1207
1207 949 1053
949 1053 1207
842 92 1093
92 842 1093
1093 92 842
959 383 1387
1387 383 959
383 959 1387
852 638 1077
1077 638 852
638 852 1077
1243 978 1143
978 1143 1243
1143 978 1243
419 162 829
829 162 419
162 419 829
545 774 984
774 545 984
984 545 774
144 178 1117
178 144 1117
1117 144 178
1074 52 273
273 52 1074
52 273 1074
118 326 1112
326 118 1112
1112 118 326
660 1052 1079
1052 660 1079
1079 660 1052
1051 259 694
259 694 1051
694 259 1051
1090 256 1231
256 1090 1231
1231 256 1090
783 850 1066
850 783 1066
1066 783 850
1326 786 967
967 786 1326
786 967 1326
53 255 1476
1476 53 255
255 53 1476
526 206 773
206 526 773
773 206 526
630 357 531
531 357 630
357 531 630
443 1134 1428
1134 443 1428
1428 443 1134
1469 1013 1228
1013 1228 1469
1228 1013 1469
216 224 981
981 216 224
224 216 981
407 429 520
520 407 429
429 407 520
1268 510 1410
1410 510 1268
510 1268 1410
809 779 1011
1011 779 809
779 809 1011
1125 454 1478
1478 454 1125
454 1125 1478
128 1015 1054
1054 128 1015
1015 128 1054
1297 818 1229
818 1229 1297
1229 818 1297
175 358 360
358 175 360
360 175 358
236 2 1465
2 236 1465
1465 2 236
1256 345 1317
345 1256 1317
1317 345 1256
1417 846 854
846 854 1417
854 846 1417
1474 56 245
245 56 1474
56 245 1474
1200 160 815
160 815 1200
815 160 1200
551 1082 1206
1082 551 1206
1206 551 1082
195 48 406
406 48 195
48 195 406
729 485 566
566 485 729
485 566 729
968 697 1156
1156 697 968
697 968 1156
1161 717 1259
1259 717 1161
717 1161 1259
769 125 1197
1197 125 769
125 769 1197
1202 283 734
734 283 1202
283 734 1202
1334 491 770
491 770 1334
770 491 1334
744 1084 1257
1084 744 1257
1257 744 1084
1299 29 200
200 29 1299
29 200 1299
249 72 794
72 249 794
794 72 249
371 452 479
479 371 452
452 371 479
1208 651 966
651 966 1208
966 651 1208
42 237 463
237 42 463
463 42 237
970 130 646
130 646 970
646 130 970
1438 84 755
755 84 1438
84 755 1438
1196 172 1007
1007 172 1196
172 1007 1196
502 153 690
153 502 690
690 153 502
1470 668 1157
1157 668 1470
668 1157 1470
462 636 1253
1253 462 636
636 462 1253
969 851 1498
851 969 1498
1498 851 969
1023 438 1274
438 1023 1274
1274 438 1023
477 121 1041
121 477 1041
1041 121 477
1395 402 1315
1315 402 1395
402 1315 1395
380 680 1172
1172 380 680
680 380 1172
290 1049 1094
1094 290 1049
1049 290 1094
841 1036 1168
1168 841 1036
1036 841 1168
431 1145 1430
1430 431 1145
1145 431 1430
445 1277 1403
1403 445 1277
1277 445 1403
375 1106 1454
1454 375 1106
1106 375 1454
1275 1182 1316
1182 1275 1316
1316 1182 1275
133 672 972
672 133 972
972 133 672
732 805 1282
1282 732 805
805 732 1282
1320 262 388
262 388 1320
388 262 1320
33 465 1086
465 33 1086
1086 33 465
330 305 1048
1048 305 330
305 330 1048
1061 613 1137
613 1061 1137
1137 613 1061
364 39 150
39 150 364
150 39 364
1169 170 1164
170 1164 1169
1164 170 1169
174 205 1130
205 174 1130
1130 174 205
356 655 857
857 356 655
655 356 857
143 869 1391
1391 143 869
869 143 1391
1141 1148 1446
1446 1141 1148
1148 1141 1446
811 335 716
716 335 811
335 716 811
1377 83 1266
1266 83 1377
83 1266 1377
1241 605 648
648 605 1241
605 648 1241
1302 775 859
859 775 1302
775 859 1302
1020 634 1402
1402 634 1020
634 1020 1402
1104 14 1385
14 1104 1385
1385 14 1104
980 699 1240
699 980 1240
1240 699 980
417 96 693
96 417 693
693 96 417
903 709 759
759 709 903
709 759 903
269 97 781
97 269 781
781 97 269
784 1088 1097
1088 784 1097
1097 784 1088
124 203 428
428 124 203
203 124 428
9 611 1220
1220 9 611
611 9 1220
1118 223 391
391 223 1118
223 391 1118
1352 408 1120
1120 408 1352
408 1120 1352
5 385 939
939 5 385
385 5 939
157 625 782
625 157 782
782 157 625
1173 474 1378
474 1173 1378
1378 474 1173
25 303 599
599 25 303
303 25 599
643 317 1008
1008 317 643
317 643 1008
396 486 1114
486 396 1114
1114 396 486
50 218 522
218 50 522
522 50 218
188 696 1404
1404 188 696
696 188 1404
1063 1233 1307
1233 1063 1307
1307 1063 1233
764 155 196
155 196 764
196 155 764
351 156 1176
1176 156 351
156 351 1176
592 1289 1479
1479 592 1289
1289 592 1479
1496 511 569
511 569 1496
569 511 1496
480 667 1349
1349 480 667
667 480 1349
1460 555 878
555 878 1460
878 555 1460
897 799 1056
1056 799 897
799 897 1056
451 831 1433
831 451 1433
1433 451 831
1400 61 457
61 457 1400
457 61 1400
847 19 1310
19 847 1310
1310 19 847
99 300 1002
300 99 1002
1002 99 300
168 341 1075
341 168 1075
1075 168 341
814 316 658
316 658 814
658 316 814
1071 415 596
415 596 1071
596 415 1071
1379 1009 1115
1115 1009 1379
1009 1115 1379
434 689 1416
1416 434 689
689 434 1416
1386 211 556
556 211 1386
211 556 1386
460 43 1163
43 460 1163
1163 43 460
235 101 743
101 235 743
743 101 235
1026 221 905
221 905 1026
905 221 1026
1328 148 1361
1361 148 1328
148 1328 1361
1121 306 987
306 987 1121
987 306 1121
272 229 1492
1492 229 272
229 272 1492
906 361 1382
1382 361 906
361 906 1382
1045 1278 1308
1278 1045 1308
1308 1045 1278
873 713 1105
713 873 1105
1105 713 873
1252 740 1486
740 1252 1486
1486 740 1252
1443 377 728
728 377 1443
377 728 1443
344 386 1234
1234 344 386
386 344 1234
324 541 1032
541 324 1032
1032 324 541
489 142 950
142 489 950
950 142 489
990 1101 1185
1101 990 1185
1185 990 1101
173 134 590
134 173 590
590 134 173
318 559 641
559 318 641
641 318 559
301 11 1481
1481 11 301
11 301 1481
1188 536 1269
1269 536 1188
536 1188 1269
333 60 1288
60 333 1288
1288 60 333
708 297 723
297 708 723
723 297 708
593 594 913
913 593 594
594 593 913
882 227 938
938 227 882
227 882 938
129 146 890
890 129 146
146 129 890
12 548 806
548 12 806
806 12 548
1414 401 935
401 935 1414
935 401 1414
1370 421 975
421 975 1370
975 421 1370
1223 332 374
374 332 1223
332 374 1223
1500 472 1285
1285 472 1500
472 1285 1500
295 123 483
123 295 483
483 123 295
896 416 792
416 792 896
792 416 896
1175 535 789
789 535 1175
535 789 1175
1423 152 1100
152 1100 1423
1100 152 1423
82 999 1147
999 82 1147
1147 82 999
872 700 1247
700 872 1247
1247 700 872
964 66 1427
66 964 1427
1427 66 964
788 1244 1421
1421 788 1244
1244 788 1421
664 289 943
289 664 943
943 289 664
359 464 1135
1135 359 464
464 359 1135
1280 204 795
204 795 1280
795 204 1280
1016 518 810
518 810 1016
810 518 1016
1294 214 1087
214 1087 1294
1087 214 1294
919 772 995
772 919 995
995 772 919
382 505 855
505 382 855
855 382 505
671 558 610
610 558 671
558 610 671
1019 1131 1472
1131 1019 1472
1472 1019 1131
750 141 239
141 239 750
239 141 750
640 587 920
587 640 920
920 587 640
1236 90 109
109 90 1236
90 109 1236
365 633 844
844 365 633
633 365 844
1388 1333 1473
1333 1388 1473
1473 1333 1388
1283 473 834
473 834 1283
834 473 1283
475 1271 1475
1475 475 1271
1271 475 1475
603 70 1003
70 603 1003
1003 70 603
567 1091 1447
1447 567 1091
1091 567 1447
945 573 695
573 695 945
695 573 945
721 108 362
108 362 721
362 108 721
880 41 405
41 405 880
405 41 880
1397 527 642
642 527 1397
527 642 1397
285 652 1065
652 285 1065
1065 285 652
190 442 1201
442 190 1201
1201 190 442
1450 681 1211
681 1211 1450
1211 681 1450
1471 448 1205
1205 448 1471
448 1205 1471
1344 926 1301
1301 926 1344
926 1301 1344
334 311 577
311 334 577
577 311 334
1119 1 1376
1 1119 1376
1376 1 1119
1227 209 1490
209 1227 1490
1490 209 1227
1213 45 68
45 68 1213
68 45 1213
67 529 554
554 67 529
529 67 554
411 94 512
512 94 411
94 411 512
20 458 540
458 20 540
540 20 458
563 167 737
167 563 737
737 167 563
985 198 281
198 281 985
281 198 985
1461 105 138
105 138 1461
138 105 1461
430 106 488
106 430 488
488 106 430
1064 1072 1209
1209 1064 1072
1072 1064 1209
492 131 956
131 492 956
956 131 492
1139 278 426
426 278 1139
278 426 1139
1489 275 1212
275 1212 1489
1212 275 1489
441 185 1381
1381 185 441
185 441 1381
1021 274 282
274 282 1021
282 274 1021
1394 80 481
80 481 1394
481 80 1394
1166 875 1138
875 1138 1166
1138 875 1166
705 63 243
63 243 705
243 63 705
1155 238 373
373 238 1155
238 373 1155
219 307 395
307 219 395
395 219 307
581 561 1290
1290 561 581
561 581 1290
1444 180 207
207 180 1444
180 207 1444
1068 329 962
962 329 1068
329 962 1068
801 313 598
313 598 801
598 313 801
304 756 1198
756 304 1198
1198 304 756
550 868 1384
868 550 1384
1384 550 868
760 136 1014
1014 136 760
136 760 1014
1191 517 1448
1448 517 1191
517 1191 1448
246 600 1245
1245 246 600
600 246 1245
1413 240 263
240 263 1413
263 240 1413
422 1263 1441
1263 422 1441
1441 422 1263
678 1329 1424
1424 678 1329
1329 678 1424
745 503 856
503 745 856
856 503 745
336 379 1081
379 336 1081
1081 336 379
1466 1304 1432
1432 1304 1466
1304 1432 1466
1180 862 864
864 862 1180
862 864 1180
549 230 280
280 230 549
230 280 549
450 93 189
93 189 450
189 93 450
1043 1149 1292
1292 1043 1149
1149 1043 1292
1153 366 370
366 370 1153
370 366 1153
677 534 793
534 677 793
793 534 677
1215 15 403
403 15 1215
15 403 1215
629 232 927
927 232 629
232 629 927
687 302 1044
302 687 1044
1044 302 687
299 260 347
347 260 299
260 299 347
796 1000 1142
1142 796 1000
1000 796 1142
55 726 1372
726 55 1372
1372 55 726
217 546 683
546 217 683
683 217 546
653 21 922
21 653 922
922 21 653
1375 1027 1314
1027 1314 1375
1314 1027 1375
918 107 244
107 244 918
244 107 918
