111498 20148 98240
20148 98240 111498
98240 20148 111498
29998 12834 44993
12834 29998 44993
44993 12834 29998
86140 53253 84786
84786 53253 86140
53253 84786 86140
58775 23236 103200
23236 58775 103200
103200 23236 58775
117102 30409 63096
63096 30409 117102
30409 63096 117102
124168 76525 85113
76525 85113 124168
85113 76525 124168
98823 91055 96924
91055 96924 98823
96924 91055 98823
30829 99583 134112
99583 30829 134112
134112 30829 99583
135247 113380 149915
149915 113380 135247
113380 135247 149915
106692 64527 122665
122665 64527 106692
64527 106692 122665
104193 10 55343
10 55343 104193
55343 10 104193
69070 4759 59497
4759 59497 69070
59497 4759 69070
148988 6668 15676
6668 15676 148988
15676 6668 148988
12402 116710 117345
117345 12402 116710
116710 12402 117345
10290 16298 55277
55277 10290 16298
16298 10290 55277
127274 54773 120208
54773 120208 127274
120208 54773 127274
18839 28178 89161
28178 18839 89161
89161 18839 28178
36196 14404 124375
14404 36196 124375
124375 14404 36196
55809 26845 38210
38210 26845 55809
26845 38210 55809
70680 37154 147403
147403 37154 70680
37154 70680 147403
6125 2921 5723
2921 5723 6125
5723 2921 6125
86445 76685 96279
96279 76685 86445
76685 86445 96279
13388 20140 101867
20140 13388 101867
101867 13388 20140
60021 79474 139851
139851 60021 79474
79474 60021 139851
140845 40020 111939
111939 40020 140845
40020 111939 140845
82300 6899 111499
6899 82300 111499
111499 6899 82300
24149 37414 77747
37414 24149 77747
77747 24149 37414
80617 44886 138074
44886 80617 138074
138074 44886 80617
70266 51272 135176
51272 70266 135176
135176 51272 70266
44408 134455 138015
134455 44408 138015
138015 44408 134455
45032 27599 120011
120011 27599 45032
27599 45032 120011
136122 97095 123165
123165 97095 136122
97095 123165 136122
44263 26585 128196
26585 44263 128196
128196 26585 44263
294 80946 81518
81518 294 80946
80946 294 81518
6740 16939 48477
16939 6740 48477
48477 6740 16939
86344 13729 15199
13729 15199 86344
15199 13729 86344
87047 78897 96206
78897 87047 96206
96206 78897 87047
40453 63300 127177
127177 40453 63300
63300 40453 127177
52744 74091 137290
137290 52744 74091
74091 52744 137290
103353 27106 37917
37917 27106 103353
27106 37917 103353
26053 5831 118865
118865 5831 26053
5831 26053 118865
133107 54743 144893
144893 54743 133107
54743 133107 144893
122022 31589 141756
141756 31589 122022
31589 122022 141756
141540 63604 135527
63604 135527 141540
135527 63604 141540
840 29920 48317
29920 840 48317
48317 840 29920
63714 85997 130884
130884 63714 85997
85997 63714 130884
36897 56912 84268
56912 36897 84268
84268 36897 56912
128333 28402 85430
85430 28402 128333
28402 85430 128333
13468 37630 70151
70151 13468 37630
37630 13468 70151
5976 37513 65673
65673 5976 37513
37513 5976 65673
138373 126358 139466
126358 138373 139466
139466 126358 138373
49337 89315 89838
89838 49337 89315
89315 49337 89838
10734 103246 115557
115557 10734 103246
103246 10734 115557
40836 101191 143304
101191 40836 143304
143304 40836 101191
92536 96760 127061
127061 92536 96760
96760 92536 127061
110018 40211 96485
96485 40211 110018
40211 96485 110018
62136 127579 127614
127614 62136 127579
127579 62136 127614
118102 34731 105802
105802 34731 118102
34731 105802 118102
15510 20775 42650
42650 15510 20775
20775 15510 42650
25568 144981 145714
145714 25568 144981
144981 25568 145714
108419 26295 139697
26295 108419 139697
139697 26295 108419
98073 30004 53563
53563 30004 98073
30004 53563 98073
12212 425 33930
33930 425 12212
425 12212 33930
126317 70350 119714
119714 70350 126317
70350 119714 126317
73846 125473 143909
143909 73846 125473
125473 73846 143909
17309 94260 134204
134204 17309 94260
94260 17309 134204
119090 122959 141462
141462 119090 122959
122959 119090 141462
132250 83464 130764
83464 130764 132250
130764 83464 132250
106192 43194 45567
43194 45567 106192
45567 43194 106192
42018 8248 108263
108263 8248 42018
8248 42018 108263
89853 13943 70710
70710 13943 89853
13943 70710 89853
35532 14450 115736
14450 35532 115736
115736 14450 35532
118891 26584 50410
50410 26584 118891
26584 50410 118891
87656 37246 72279
37246 72279 87656
72279 37246 87656
42834 62993 72097
62993 42834 72097
72097 42834 62993
95846 36795 122324
36795 95846 122324
122324 36795 95846
93780 72910 91707
72910 91707 93780
91707 72910 93780
104342 19304 77788
77788 19304 104342
19304 77788 104342
12328 64139 122330
122330 12328 64139
64139 12328 122330
110441 33166 71009
33166 71009 110441
71009 33166 110441
127179 27670 37390
37390 27670 127179
27670 37390 127179
136007 57097 142982
142982 57097 136007
57097 136007 142982
3973 25468 66795
66795 3973 25468
25468 3973 66795
50339 54152 134870
54152 50339 134870
134870 50339 54152
87292 12289 38359
38359 12289 87292
12289 38359 87292
4425 33913 35831
33913 4425 35831
35831 4425 33913
54635 41611 114803
114803 41611 54635
41611 54635 114803
117887 5806 28720
5806 28720 117887
28720 5806 117887
29486 50176 85567
50176 29486 85567
85567 29486 50176
146856 1174 132277
132277 1174 146856
1174 132277 146856
103425 88345 123152
123152 88345 103425
88345 103425 123152
142069 25990 87529
25990 87529 142069
87529 25990 142069
63936 17735 58678
58678 17735 63936
17735 58678 63936
133146 30048 102419
102419 30048 133146
30048 102419 133146
107075 58542 128843
58542 107075 128843
128843 58542 107075
105246 77470 107723
77470 105246 107723
107723 77470 105246
57371 96994 140331
140331 57371 96994
96994 57371 140331
17840 36342 86546
86546 17840 36342
36342 17840 86546
36014 7656 38233
38233 7656 36014
7656 36014 38233
10513 16509 19411
19411 10513 16509
16509 10513 19411
56301 5449 102171
102171 5449 56301
5449 56301 102171
119369 109665 119596
119596 109665 119369
109665 119369 119596
128034 17476 145358
17476 128034 145358
145358 17476 128034
124085 58284 98907
58284 98907 124085
98907 58284 124085
25236 5615 134919
134919 5615 25236
5615 25236 134919
43387 75461 124605
75461 43387 124605
124605 43387 75461
132190 85364 126271
85364 126271 132190
126271 85364 132190
58204 83772 85355
83772 58204 85355
85355 58204 83772
149450 10910 55362
10910 55362 149450
55362 10910 149450
127750 57289 68280
68280 57289 127750
57289 68280 127750
145857 31286 96589
31286 96589 145857
96589 31286 145857
135968 81247 116486
116486 81247 135968
81247 116486 135968
24595 4650 37387
37387 4650 24595
4650 24595 37387
34035 6437 84049
6437 34035 84049
84049 6437 34035
130772 80071 122702
122702 80071 130772
80071 122702 130772
74390 33893 140354
140354 33893 74390
33893 74390 140354
129065 23132 94528
23132 94528 129065
94528 23132 129065
83747 40346 58574
58574 40346 83747
40346 58574 83747
7228 84131 107846
107846 7228 84131
84131 7228 107846
9555 70930 119582
119582 9555 70930
70930 9555 119582
7562 2758 104203
2758 7562 104203
104203 2758 7562
121890 120982 145220
120982 121890 145220
145220 120982 121890
25052 72575 148446
72575 25052 148446
148446 25052 72575
15308 61694 83390
83390 15308 61694
61694 15308 83390
2532 4637 93965
4637 2532 93965
93965 2532 4637
80599 11070 65562
11070 65562 80599
65562 11070 80599
118334 19995 72801
72801 19995 118334
19995 72801 118334
78684 27503 95754
95754 27503 78684
27503 78684 95754
108865 67777 72417
67777 72417 108865
72417 67777 108865
102977 1474 131167
1474 102977 131167
131167 1474 102977
146557 3700 112900
3700 112900 146557
112900 3700 146557
97216 11351 24104
24104 11351 97216
11351 24104 97216
69809 10402 141120
10402 69809 141120
141120 10402 69809
112393 108194 122788
122788 108194 112393
108194 112393 122788
55445 37464 141564
141564 37464 55445
37464 55445 141564
129237 25494 57112
57112 25494 129237
25494 57112 129237
75728 84013 104490
84013 75728 104490
104490 75728 84013
7150 53584 87485
53584 7150 87485
87485 7150 53584
116770 23668 133216
23668 116770 133216
133216 23668 116770
82732 106037 133371
133371 82732 106037
106037 82732 133371
123874 56866 99415
99415 56866 123874
56866 99415 123874
8866 9825 131330
9825 8866 131330
131330 8866 9825
96611 131101 144186
144186 96611 131101
131101 96611 144186
123560 57285 99184
99184 57285 123560
57285 99184 123560
1512 66987 105277
105277 1512 66987
66987 1512 105277
6646 31422 70131
70131 6646 31422
31422 6646 70131
120702 92236 106377
92236 106377 120702
106377 92236 120702
11779 16306 23128
23128 11779 16306
16306 11779 23128
110307 122435 147180
122435 110307 147180
147180 110307 122435
44776 24154 90027
90027 24154 44776
24154 44776 90027
148058 53565 118192
118192 53565 148058
53565 118192 148058
37286 31264 32343
32343 31264 37286
31264 32343 37286
30191 41332 106152
106152 30191 41332
41332 30191 106152
84196 8625 30596
8625 30596 84196
30596 8625 84196
79042 46631 123762
46631 79042 123762
123762 46631 79042
16810 59342 98557
98557 16810 59342
59342 16810 98557
6611 42606 111467
42606 6611 111467
111467 6611 42606
118427 98109 120602
120602 98109 118427
98109 118427 120602
26466 47904 130768
130768 26466 47904
47904 26466 130768
109995 120209 140806
140806 109995 120209
120209 109995 140806
117055 20012 103319
20012 103319 117055
103319 20012 117055
29158 10122 125031
125031 10122 29158
10122 29158 125031
20533 56694 77706
56694 20533 77706
77706 20533 56694
99203 58714 146104
58714 99203 146104
146104 58714 99203
95033 47781 124967
124967 47781 95033
47781 95033 124967
139340 26122 32442
32442 26122 139340
26122 32442 139340
140617 84230 100283
100283 84230 140617
84230 100283 140617
94150 25153 39811
39811 25153 94150
25153 39811 94150
41734 8879 68496
68496 8879 41734
8879 41734 68496
139002 44723 122872
44723 122872 139002
122872 44723 139002
43215 17184 44042
44042 17184 43215
17184 43215 44042
50412 7997 36993
36993 7997 50412
7997 36993 50412
130694 48483 52730
48483 52730 130694
52730 48483 130694
7509 50862 139458
50862 7509 139458
139458 7509 50862
69157 31684 102961
102961 31684 69157
31684 69157 102961
21149 9511 31435
9511 21149 31435
31435 9511 21149
138437 41528 62042
62042 41528 138437
41528 62042 138437
16311 28181 100642
28181 16311 100642
100642 16311 28181
47086 19993 127499
19993 47086 127499
127499 19993 47086
61065 82887 108402
108402 61065 82887
82887 61065 108402
148011 19388 114705
114705 19388 148011
19388 114705 148011
49606 95022 106839
106839 49606 95022
95022 49606 106839
54020 52881 127687
127687 52881 54020
52881 54020 127687
97262 83325 140465
83325 97262 140465
140465 83325 97262
112592 72814 109509
109509 72814 112592
72814 109509 112592
143885 56943 124393
124393 56943 143885
56943 124393 143885
135862 12832 25121
12832 25121 135862
25121 12832 135862
112866 37412 123923
123923 37412 112866
37412 112866 123923
10202 10056 67463
67463 10056 10202
10056 10202 67463
128522 87057 93616
87057 93616 128522
93616 87057 128522
34569 806 75202
75202 806 34569
806 34569 75202
15372 14928 25910
14928 15372 25910
25910 14928 15372
136619 42300 105346
105346 42300 136619
42300 105346 136619
54248 71919 109303
109303 54248 71919
71919 54248 109303
146525 88686 98007
88686 98007 146525
98007 88686 146525
81277 2334 70455
2334 70455 81277
70455 2334 81277
19475 23315 133711
133711 19475 23315
23315 19475 133711
85934 23780 147165
147165 23780 85934
23780 85934 147165
77555 92604 148689
148689 77555 92604
92604 77555 148689
74994 36571 144195
36571 74994 144195
144195 36571 74994
49551 17074 32004
17074 32004 49551
32004 17074 49551
127643 52526 80234
80234 52526 127643
52526 80234 127643
149407 140980 147636
140980 147636 149407
147636 140980 149407
63328 18844 82928
18844 63328 82928
82928 18844 63328
2087 43507 90298
90298 2087 43507
43507 2087 90298
97660 4499 115588
4499 97660 115588
115588 4499 97660
87546 16447 106666
106666 16447 87546
16447 87546 106666
135290 2377 26754
2377 26754 135290
26754 2377 135290
46642 102164 110814
110814 46642 102164
102164 46642 110814
25531 2847 143392
2847 25531 143392
143392 2847 25531
12749 49216 115552
49216 12749 115552
115552 12749 49216
27733 122298 130958
122298 27733 130958
130958 27733 122298
17612 53668 146660
146660 17612 53668
53668 17612 146660
123082 65430 147528
147528 65430 123082
65430 123082 147528
106443 44488 82356
44488 82356 106443
82356 44488 106443
75765 92830 102583
102583 75765 92830
92830 75765 102583
64336 127201 144492
127201 64336 144492
144492 64336 127201
64906 4350 68517
4350 64906 68517
68517 4350 64906
107021 626 72482
72482 626 107021
626 72482 107021
125797 90140 109710
90140 109710 125797
109710 90140 125797
146621 31421 90545
90545 31421 146621
31421 90545 146621
37922 77824 141020
141020 37922 77824
77824 37922 141020
99016 90329 99091
99091 90329 99016
90329 99016 99091
91369 27978 109579
27978 91369 109579
109579 27978 91369
99611 5544 25421
25421 5544 99611
5544 25421 99611
6933 21191 79257
21191 6933 79257
79257 6933 21191
79186 106900 126597
126597 79186 106900
106900 79186 126597
53278 87727 91878
91878 53278 87727
87727 53278 91878
106655 41724 109845
41724 106655 109845
109845 41724 106655
74430 107902 117514
107902 74430 117514
117514 74430 107902
23838 36538 146770
146770 23838 36538
36538 23838 146770
98157 58478 70196
58478 70196 98157
70196 58478 98157
98811 11515 39308
39308 11515 98811
11515 39308 98811
12295 74857 115112
74857 12295 115112
115112 12295 74857
90541 3686 149970
3686 90541 149970
149970 3686 90541
125805 36051 117666
117666 36051 125805
36051 117666 125805
117358 37747 57752
57752 37747 117358
37747 57752 117358
87697 45566 95009
95009 45566 87697
45566 87697 95009
138293 892 71280
892 71280 138293
71280 892 138293
63875 39031 134280
134280 39031 63875
39031 63875 134280
59997 86119 146905
86119 59997 146905
146905 59997 86119
46555 67045 135518
135518 46555 67045
67045 46555 135518
138764 119704 128821
128821 119704 138764
119704 128821 138764
74359 40790 96899
96899 40790 74359
40790 74359 96899
20441 21684 131328
131328 20441 21684
21684 20441 131328
62122 20680 92721
92721 20680 62122
20680 62122 92721
138807 132506 147154
132506 138807 147154
147154 132506 138807
148127 94015 137737
94015 137737 148127
137737 94015 148127
119302 70532 74371
74371 70532 119302
70532 74371 119302
147276 74341 110944
110944 74341 147276
74341 110944 147276
81028 59536 96817
96817 59536 81028
59536 81028 96817
97471 60600 80838
60600 80838 97471
80838 60600 97471
135051 54602 147551
54602 135051 147551
147551 54602 135051
133055 53868 113792
53868 113792 133055
113792 53868 133055
74835 50384 75367
50384 74835 75367
75367 50384 74835
36431 21954 106778
21954 36431 106778
106778 21954 36431
78333 39153 129604
39153 78333 129604
129604 39153 78333
11559 10697 114804
10697 11559 114804
114804 10697 11559
80172 57545 97642
97642 57545 80172
57545 80172 97642
113563 7809 136495
136495 7809 113563
7809 113563 136495
83074 8778 98046
98046 8778 83074
8778 83074 98046
80252 93955 102896
93955 80252 102896
102896 80252 93955
107160 98028 124718
124718 98028 107160
98028 107160 124718
84299 100059 131078
131078 84299 100059
100059 84299 131078
136667 98832 132187
132187 98832 136667
98832 132187 136667
15648 95154 121188
95154 15648 121188
121188 15648 95154
46480 35360 87820
87820 35360 46480
35360 46480 87820
107703 2971 123091
123091 2971 107703
2971 107703 123091
66120 69473 133050
133050 66120 69473
69473 66120 133050
40042 98991 123489
123489 40042 98991
98991 40042 123489
1443 55790 111905
55790 1443 111905
111905 1443 55790
140798 21944 137368
21944 137368 140798
137368 21944 140798
145756 21905 30185
21905 30185 145756
30185 21905 145756
123278 46187 60340
46187 60340 123278
60340 46187 123278
148242 97076 104792
104792 97076 148242
97076 104792 148242
107318 15808 35023
35023 15808 107318
15808 35023 107318
34386 6158 54024
6158 34386 54024
54024 6158 34386
41663 27145 116842
116842 27145 41663
27145 41663 116842
149755 27588 92235
27588 92235 149755
92235 27588 149755
111509 64608 105104
64608 105104 111509
105104 64608 111509
122787 20899 58871
58871 20899 122787
20899 58871 122787
3589 30936 118166
30936 3589 118166
118166 3589 30936
30239 47291 83952
83952 30239 47291
47291 30239 83952
47503 62690 80754
62690 47503 80754
80754 47503 62690
48384 107211 126084
107211 48384 126084
126084 48384 107211
97042 42500 82964
82964 42500 97042
42500 82964 97042
76797 41072 112325
41072 76797 112325
112325 41072 76797
148562 27825 60143
60143 27825 148562
27825 60143 148562
114690 4417 46054
46054 4417 114690
4417 46054 114690
89020 24173 149631
24173 89020 149631
149631 24173 89020
13004 35862 124364
35862 13004 124364
124364 13004 35862
125444 79206 94901
79206 94901 125444
94901 79206 125444
65274 6262 120006
6262 65274 120006
120006 6262 65274
875 16214 74652
74652 875 16214
16214 875 74652
77101 17033 55193
55193 17033 77101
17033 55193 77101
46933 53875 83463
83463 46933 53875
53875 46933 83463
41863 24920 117278
117278 24920 41863
24920 41863 117278
19797 76746 114586
114586 19797 76746
76746 19797 114586
83611 7492 24910
7492 24910 83611
24910 7492 83611
66759 13756 19929
13756 19929 66759
19929 13756 66759
126257 31881 78105
78105 31881 126257
31881 78105 126257
20867 10250 21231
21231 10250 20867
10250 20867 21231
108858 138958 139560
138958 108858 139560
139560 108858 138958
40092 11578 134107
11578 40092 134107
134107 11578 40092
84066 39620 80090
80090 39620 84066
39620 80090 84066
38351 54692 94240
94240 38351 54692
54692 38351 94240
143065 106463 147138
106463 143065 147138
147138 106463 143065
39784 13720 92427
92427 13720 39784
13720 39784 92427
42426 16223 16760
16760 16223 42426
16223 16760 42426
140368 135829 138516
135829 138516 140368
138516 135829 140368
147167 36876 85295
36876 85295 147167
85295 36876 147167
75506 110763 142821
110763 75506 142821
142821 75506 110763
148087 67739 134324
67739 134324 148087
134324 67739 148087
110561 87403 108318
87403 108318 110561
108318 87403 110561
37283 37550 67577
37550 37283 67577
67577 37283 37550
87295 235 72178
235 72178 87295
72178 235 87295
84784 28199 28990
28990 28199 84784
28199 28990 84784
95864 72775 137007
72775 95864 137007
137007 72775 95864
84769 135103 147841
135103 84769 147841
147841 84769 135103
56929 10356 113004
113004 10356 56929
10356 56929 113004
101738 6200 17107
6200 17107 101738
17107 6200 101738
24749 276 58684
58684 276 24749
276 24749 58684
9533 10365 83109
10365 9533 83109
83109 9533 10365
102245 23245 69558
23245 69558 102245
69558 23245 102245
67014 108373 126275
126275 67014 108373
108373 67014 126275
100356 31790 132854
31790 100356 132854
132854 31790 100356
104826 64050 109250
64050 104826 109250
109250 64050 104826
17429 15435 17775
15435 17429 17775
17775 15435 17429
145237 3772 136141
3772 136141 145237
136141 3772 145237
88960 52928 102884
102884 52928 88960
52928 88960 102884
40506 79841 147939
79841 40506 147939
147939 40506 79841
53898 45212 120733
120733 45212 53898
45212 53898 120733
39756 109741 148755
148755 39756 109741
109741 39756 148755
39214 39060 76401
39060 39214 76401
76401 39060 39214
124643 110088 110575
110575 110088 124643
110088 110575 124643
82414 81166 113078
81166 82414 113078
113078 81166 82414
10780 59504 69207
69207 10780 59504
59504 10780 69207
80093 55566 147299
147299 55566 80093
55566 80093 147299
57021 33016 82667
82667 33016 57021
33016 57021 82667
116873 8172 47791
8172 47791 116873
47791 8172 116873
107601 54192 108349
54192 107601 108349
108349 54192 107601
45207 93061 130354
130354 45207 93061
93061 45207 130354
38143 62714 115813
62714 38143 115813
115813 38143 62714
120762 32205 117561
32205 117561 120762
117561 32205 120762
86735 17673 51865
17673 51865 86735
51865 17673 86735
29536 74219 144297
144297 29536 74219
74219 29536 144297
140344 66790 87864
66790 87864 140344
87864 66790 140344
8892 2008 25599
2008 8892 25599
25599 2008 8892
396 104537 105775
104537 396 105775
105775 396 104537
29349 27389 93792
27389 29349 93792
93792 27389 29349
40835 41590 62006
41590 40835 62006
62006 40835 41590
35667 15578 133824
15578 35667 133824
133824 15578 35667
26670 29053 56382
29053 26670 56382
56382 26670 29053
76976 76968 80992
80992 76968 76976
76968 76976 80992
19903 104688 139972
139972 19903 104688
104688 19903 139972
132363 12628 91627
91627 12628 132363
12628 91627 132363
31126 63020 101046
101046 31126 63020
63020 31126 101046
5214 26531 137500
26531 5214 137500
137500 5214 26531
60362 4849 120317
4849 60362 120317
120317 4849 60362
126446 43021 57418
57418 43021 126446
43021 57418 126446
105652 42752 51405
51405 42752 105652
42752 51405 105652
39021 47850 120728
120728 39021 47850
47850 39021 120728
14390 64591 143524
143524 14390 64591
64591 14390 143524
38346 87598 126056
87598 38346 126056
126056 38346 87598
79423 100006 143574
143574 79423 100006
100006 79423 143574
85953 78562 131635
78562 85953 131635
131635 78562 85953
73424 68672 135781
68672 73424 135781
135781 68672 73424
24000 95578 128822
128822 24000 95578
95578 24000 128822
67649 23740 92710
92710 23740 67649
23740 67649 92710
16732 37702 83964
37702 16732 83964
83964 16732 37702
118882 102657 135040
135040 102657 118882
102657 118882 135040
25254 51480 78377
78377 25254 51480
51480 25254 78377
96931 11006 28377
11006 28377 96931
28377 11006 96931
59194 43124 114428
114428 43124 59194
43124 59194 114428
49226 6719 108583
108583 6719 49226
6719 49226 108583
114062 22972 85527
85527 22972 114062
22972 85527 114062
146212 85418 128854
85418 128854 146212
128854 85418 146212
128748 44533 126655
126655 44533 128748
44533 126655 128748
43753 52286 95681
95681 43753 52286
52286 43753 95681
106027 37964 38147
37964 38147 106027
38147 37964 106027
37912 36752 113245
113245 36752 37912
36752 37912 113245
27528 88665 95768
88665 27528 95768
95768 27528 88665
36806 79155 146115
79155 36806 146115
146115 36806 79155
140371 46459 87087
87087 46459 140371
46459 87087 140371
98503 75500 107595
107595 75500 98503
75500 98503 107595
95414 17997 146202
17997 95414 146202
146202 17997 95414
95185 57597 66742
66742 57597 95185
57597 66742 95185
38435 50109 54887
54887 38435 50109
50109 38435 54887
86095 10904 30463
10904 30463 86095
30463 10904 86095
62794 11449 91573
11449 62794 91573
91573 11449 62794
67606 57102 147711
57102 67606 147711
147711 57102 67606
72550 131916 135382
131916 72550 135382
135382 72550 131916
73156 115500 145995
145995 73156 115500
115500 73156 145995
118618 67666 146417
146417 67666 118618
67666 118618 146417
1179 920 27231
920 1179 27231
27231 920 1179
60138 86074 108817
86074 60138 108817
108817 60138 86074
83103 144527 147900
144527 83103 147900
147900 83103 144527
81072 56484 115569
56484 81072 115569
115569 56484 81072
94261 42405 144633
42405 94261 144633
144633 42405 94261
28631 67825 93081
93081 28631 67825
67825 28631 93081
149290 46851 126031
126031 46851 149290
46851 126031 149290
15505 14347 120371
120371 14347 15505
14347 15505 120371
140010 84390 122589
84390 122589 140010
122589 84390 140010
56515 17899 32806
17899 32806 56515
32806 17899 56515
73978 33811 114074
114074 33811 73978
33811 73978 114074
49222 28254 91658
28254 49222 91658
91658 28254 49222
135632 22099 106080
22099 106080 135632
106080 22099 135632
89731 81466 116577
81466 89731 116577
116577 81466 89731
80523 24563 46918
24563 46918 80523
46918 24563 80523
59618 56898 87196
56898 59618 87196
87196 56898 59618
15523 60545 66164
66164 15523 60545
60545 15523 66164
27844 44989 111848
44989 27844 111848
111848 27844 44989
106916 12480 55355
55355 12480 106916
12480 55355 106916
44652 138024 143905
138024 44652 143905
143905 44652 138024
53975 47054 98057
98057 47054 53975
47054 53975 98057
143280 55673 57376
55673 57376 143280
57376 55673 143280
142965 41638 113927
113927 41638 142965
41638 113927 142965
134005 97928 129641
129641 97928 134005
97928 129641 134005
60459 29827 141665
29827 60459 141665
141665 29827 60459
114491 64887 108460
64887 108460 114491
108460 64887 114491
39707 79996 108207
108207 39707 79996
79996 39707 108207
138152 60468 90139
90139 60468 138152
60468 90139 138152
11683 3101 15399
15399 3101 11683
3101 11683 15399
56509 77491 141220
77491 56509 141220
141220 56509 77491
62907 5582 64068
5582 62907 64068
64068 5582 62907
46929 97067 147315
97067 46929 147315
147315 46929 97067
36771 45922 126987
126987 36771 45922
45922 36771 126987
18655 84908 148614
148614 18655 84908
84908 18655 148614
38779 61003 98754
98754 38779 61003
61003 38779 98754
10280 17472 31408
31408 10280 17472
17472 10280 31408
114778 54505 66193
66193 54505 114778
54505 66193 114778
91499 34792 147420
34792 91499 147420
147420 34792 91499
66877 71258 93935
71258 66877 93935
93935 66877 71258
53757 40804 125638
125638 40804 53757
40804 53757 125638
133963 122019 128379
128379 122019 133963
122019 128379 133963
8484 77409 120683
77409 8484 120683
120683 8484 77409
52873 5473 49210
49210 5473 52873
5473 49210 52873
145446 47939 113562
113562 47939 145446
47939 113562 145446
6871 56875 145491
145491 6871 56875
56875 6871 145491
119337 29347 134532
29347 119337 134532
134532 29347 119337
37479 62463 84521
84521 37479 62463
62463 37479 84521
99947 12381 101506
12381 99947 101506
101506 12381 99947
10282 6773 9676
9676 6773 10282
6773 9676 10282
63894 23642 29733
29733 23642 63894
23642 29733 63894
64093 86432 92864
92864 64093 86432
86432 64093 92864
28360 66674 143779
143779 28360 66674
66674 28360 143779
89970 56859 130129
56859 89970 130129
130129 56859 89970
5640 32443 37796
37796 5640 32443
32443 5640 37796
13231 105367 144260
105367 13231 144260
144260 13231 105367
68524 54285 101726
101726 54285 68524
54285 68524 101726
115365 6904 36237
36237 6904 115365
6904 36237 115365
13319 5891 90527
90527 5891 13319
5891 13319 90527
3893 98126 122827
122827 3893 98126
98126 3893 122827
74881 34416 115478
34416 74881 115478
115478 34416 74881
67796 81960 107808
81960 67796 107808
107808 67796 81960
101675 16077 122783
16077 101675 122783
122783 16077 101675
146580 73579 128720
73579 128720 146580
128720 73579 146580
145040 70924 84812
70924 84812 145040
84812 70924 145040
67232 82799 112756
82799 67232 112756
112756 67232 82799
108576 29678 88547
29678 88547 108576
88547 29678 108576
109255 6181 46152
6181 46152 109255
46152 6181 109255
119424 61624 85970
61624 85970 119424
85970 61624 119424
83886 68974 126979
68974 83886 126979
126979 68974 83886
119685 8764 127904
127904 8764 119685
8764 119685 127904
126993 55015 102694
55015 102694 126993
102694 55015 126993
56636 5098 95922
5098 56636 95922
95922 5098 56636
98446 13672 122693
13672 98446 122693
122693 13672 98446
80826 8635 142249
8635 80826 142249
142249 8635 80826
59508 18125 108855
108855 18125 59508
18125 59508 108855
127366 112037 112193
112193 112037 127366
112037 112193 127366
60876 35882 125491
35882 60876 125491
125491 35882 60876
63305 25188 49322
49322 25188 63305
25188 49322 63305
53108 14950 106267
106267 14950 53108
14950 53108 106267
91793 2873 110022
2873 91793 110022
110022 2873 91793
55093 42114 58853
42114 55093 58853
58853 42114 55093
109360 15784 102250
15784 102250 109360
102250 15784 109360
134318 86133 131242
86133 131242 134318
131242 86133 134318
84464 124578 148494
124578 84464 148494
148494 84464 124578
39588 30057 40173
30057 39588 40173
40173 30057 39588
146997 13155 69555
69555 13155 146997
13155 69555 146997
102556 11052 46438
11052 46438 102556
46438 11052 102556
75197 111664 116951
116951 75197 111664
111664 75197 116951
13702 28479 79099
28479 13702 79099
79099 13702 28479
135343 142674 144092
144092 135343 142674
142674 135343 144092
88 7701 44273
7701 88 44273
44273 88 7701
83888 123417 137625
137625 83888 123417
123417 83888 137625
115539 82046 139576
82046 115539 139576
139576 82046 115539
70473 810 14257
14257 810 70473
810 14257 70473
80896 70047 92233
70047 80896 92233
92233 70047 80896
26972 112892 122615
122615 26972 112892
112892 26972 122615
137064 80070 137415
137415 80070 137064
80070 137064 137415
14318 75958 147965
75958 14318 147965
147965 14318 75958
16408 96680 109577
96680 16408 109577
109577 16408 96680
38645 106347 130581
130581 38645 106347
106347 38645 130581
64171 65388 104620
65388 64171 104620
104620 64171 65388
123612 6152 72627
6152 72627 123612
72627 6152 123612
140111 115627 140094
140094 115627 140111
115627 140094 140111
132818 22948 48685
22948 48685 132818
48685 22948 132818
76967 78496 137556
137556 76967 78496
78496 76967 137556
30830 71756 149944
71756 30830 149944
149944 30830 71756
5189 41301 104951
41301 5189 104951
104951 5189 41301
121192 40310 128818
40310 121192 128818
128818 40310 121192
10124 63443 131658
131658 10124 63443
63443 10124 131658
53931 76330 76667
76667 53931 76330
76330 53931 76667
39177 28119 141888
28119 39177 141888
141888 28119 39177
84069 22104 113437
113437 22104 84069
22104 84069 113437
30737 99694 108810
108810 30737 99694
99694 30737 108810
125835 94181 101175
101175 94181 125835
94181 101175 125835
88991 399 52794
52794 399 88991
399 52794 88991
98965 84297 100855
84297 98965 100855
100855 84297 98965
143090 49778 104412
49778 104412 143090
104412 49778 143090
60069 72320 101518
101518 60069 72320
72320 60069 101518
50620 38 68142
38 50620 68142
68142 38 50620
29357 12633 144308
144308 12633 29357
12633 29357 144308
119543 118743 133148
118743 119543 133148
133148 118743 119543
115617 11519 58734
11519 58734 115617
58734 11519 115617
53336 40618 74202
40618 53336 74202
74202 40618 53336
17492 102686 122232
122232 17492 102686
102686 17492 122232
23607 67268 143486
67268 23607 143486
143486 23607 67268
30013 40816 51279
40816 30013 51279
51279 30013 40816
25650 2006 105938
2006 25650 105938
105938 2006 25650
54640 20959 72421
20959 54640 72421
72421 20959 54640
4672 20594 25933
20594 4672 25933
25933 4672 20594
77186 40764 110161
110161 40764 77186
40764 77186 110161
74924 67349 104384
67349 74924 104384
104384 67349 74924
142517 41539 78147
78147 41539 142517
41539 78147 142517
18071 62504 115566
62504 18071 115566
115566 18071 62504
50939 2402 57279
2402 50939 57279
57279 2402 50939
94414 11682 41505
41505 11682 94414
11682 41505 94414
114477 98010 142345
98010 114477 142345
142345 98010 114477
49401 109489 139553
109489 49401 139553
139553 49401 109489
28048 114205 128798
114205 28048 128798
128798 28048 114205
85955 59274 60038
60038 59274 85955
59274 60038 85955
72906 82313 93598
93598 72906 82313
82313 72906 93598
17624 77080 131984
131984 17624 77080
77080 17624 131984
78253 30703 97606
30703 78253 97606
97606 30703 78253
66261 71801 122955
122955 66261 71801
71801 66261 122955
99888 33190 144609
144609 33190 99888
33190 99888 144609
128677 69871 105794
69871 105794 128677
105794 69871 128677
116379 10255 57495
57495 10255 116379
10255 57495 116379
141019 71193 85693
71193 85693 141019
85693 71193 141019
26744 81114 91815
81114 26744 91815
91815 26744 81114
32572 33341 72922
72922 32572 33341
33341 32572 72922
1045 996 111843
996 1045 111843
111843 996 1045
47279 46815 51841
51841 46815 47279
46815 47279 51841
56671 42580 130854
130854 42580 56671
42580 56671 130854
27495 29323 79715
79715 27495 29323
29323 27495 79715
90061 109631 137713
137713 90061 109631
109631 90061 137713
45014 26067 121833
121833 26067 45014
26067 45014 121833
16547 8100 73203
73203 8100 16547
8100 16547 73203
104457 25748 26919
26919 25748 104457
25748 26919 104457
28374 20144 105022
20144 28374 105022
105022 20144 28374
28595 50652 147086
147086 28595 50652
50652 28595 147086
115993 6588 140734
140734 6588 115993
6588 115993 140734
149573 11667 121025
11667 121025 149573
121025 11667 149573
87608 8829 103594
8829 87608 103594
103594 8829 87608
13698 49279 145814
49279 13698 145814
145814 13698 49279
469 103421 132607
132607 469 103421
103421 469 132607
8516 69806 109409
109409 8516 69806
69806 8516 109409
26115 74590 88340
74590 26115 88340
88340 26115 74590
138093 84632 124340
84632 124340 138093
124340 84632 138093
131342 61946 107620
107620 61946 131342
61946 107620 131342
141490 59495 78922
78922 59495 141490
59495 78922 141490
104720 10029 57456
10029 57456 104720
57456 10029 104720
117504 45430 78924
45430 78924 117504
78924 45430 117504
19412 22507 62000
62000 19412 22507
22507 19412 62000
16495 30411 75750
30411 16495 75750
75750 16495 30411
88214 35266 40771
40771 35266 88214
35266 40771 88214
22229 79765 111488
111488 22229 79765
79765 22229 111488
127053 37449 139514
139514 37449 127053
37449 127053 139514
39740 14621 137141
14621 39740 137141
137141 14621 39740
132983 10790 43686
43686 10790 132983
10790 43686 132983
55434 48036 95930
95930 48036 55434
48036 55434 95930
12551 37901 64007
37901 12551 64007
64007 12551 37901
925 9451 57821
57821 925 9451
9451 925 57821
149240 34348 111524
34348 111524 149240
111524 34348 149240
24846 131852 142567
142567 24846 131852
131852 24846 142567
56571 17089 46328
17089 46328 56571
46328 17089 56571
96678 497 12138
12138 497 96678
497 12138 96678
71624 16701 41531
16701 41531 71624
41531 16701 71624
147475 29369 111462
111462 29369 147475
29369 111462 147475
3224 121768 134157
134157 3224 121768
121768 3224 134157
78830 4277 32168
4277 32168 78830
32168 4277 78830
90506 56285 103311
103311 56285 90506
56285 90506 103311
94226 88196 127082
88196 94226 127082
127082 88196 94226
59928 85770 127323
127323 59928 85770
85770 59928 127323
2512 39361 100024
100024 2512 39361
39361 2512 100024
48358 104978 115403
115403 48358 104978
104978 48358 115403
8228 19161 19573
19573 8228 19161
19161 8228 19573
36033 2159 128774
2159 36033 128774
128774 2159 36033
132663 34672 116324
116324 34672 132663
34672 116324 132663
97394 28270 124059
28270 97394 124059
124059 28270 97394
2871 32249 68620
32249 2871 68620
68620 2871 32249
46155 78868 138817
78868 46155 138817
138817 46155 78868
96973 34679 110642
110642 34679 96973
34679 96973 110642
113732 62214 93549
62214 93549 113732
93549 62214 113732
62417 24890 136651
24890 62417 136651
136651 24890 62417
101164 57857 72797
57857 72797 101164
72797 57857 101164
85560 918 40102
918 40102 85560
40102 918 85560
70228 86018 95061
86018 70228 95061
95061 70228 86018
26952 42413 81231
42413 26952 81231
81231 26952 42413
121585 107262 111618
111618 107262 121585
107262 111618 121585
51397 17336 98134
17336 51397 98134
98134 17336 51397
38079 16748 145418
16748 38079 145418
145418 16748 38079
20949 58473 73612
73612 20949 58473
58473 20949 73612
17921 22676 98139
98139 17921 22676
22676 17921 98139
316 27846 79629
79629 316 27846
27846 316 79629
34834 89228 112251
112251 34834 89228
89228 34834 112251
129837 81319 94631
94631 81319 129837
81319 94631 129837
64323 25532 106045
25532 64323 106045
106045 25532 64323
122380 100476 102382
102382 100476 122380
100476 102382 122380
38105 8118 103133
8118 38105 103133
103133 8118 38105
126126 84680 135750
135750 84680 126126
84680 126126 135750
149377 77777 94125
77777 94125 149377
94125 77777 149377
87280 22488 98791
98791 22488 87280
22488 87280 98791
107500 94745 129724
94745 107500 129724
129724 94745 107500
107345 19297 110438
19297 107345 110438
110438 19297 107345
86215 54648 99456
99456 54648 86215
54648 86215 99456
6717 117451 132685
117451 6717 132685
132685 6717 117451
49294 30940 102970
102970 30940 49294
30940 49294 102970
71508 7620 97266
7620 71508 97266
97266 7620 71508
126073 125331 137734
125331 126073 137734
137734 125331 126073
81040 64462 69089
69089 64462 81040
64462 69089 81040
130423 65041 72756
65041 72756 130423
72756 65041 130423
80269 61756 80184
61756 80184 80269
80184 61756 80269
31062 17206 22637
22637 17206 31062
17206 22637 31062
64875 47877 104569
47877 64875 104569
104569 47877 64875
41381 50516 90127
50516 41381 90127
90127 41381 50516
113426 58559 82166
82166 58559 113426
58559 82166 113426
102172 86124 95143
86124 95143 102172
95143 86124 102172
35737 42360 52202
42360 35737 52202
52202 35737 42360
38455 19228 100994
100994 19228 38455
19228 38455 100994
91492 9827 64999
9827 64999 91492
64999 9827 91492
77802 89723 108790
89723 77802 108790
108790 77802 89723
142521 67663 75462
75462 67663 142521
67663 75462 142521
55035 31159 137498
137498 31159 55035
31159 55035 137498
94924 28958 138142
28958 94924 138142
138142 28958 94924
5291 40024 92900
92900 5291 40024
40024 5291 92900
81445 47157 145484
145484 47157 81445
47157 81445 145484
4191 26907 147708
147708 4191 26907
26907 4191 147708
130259 439 110000
110000 439 130259
439 110000 130259
98644 58826 114195
114195 58826 98644
58826 98644 114195
47342 4662 60651
4662 47342 60651
60651 4662 47342
94531 71635 96312
71635 94531 96312
96312 71635 94531
45268 65544 107214
65544 45268 107214
107214 45268 65544
132578 64100 134750
134750 64100 132578
64100 132578 134750
67537 12237 102720
102720 12237 67537
12237 67537 102720
4642 118329 126829
118329 4642 126829
126829 4642 118329
113846 20973 86857
20973 86857 113846
86857 20973 113846
113529 1773 97880
97880 1773 113529
1773 97880 113529
36360 54510 61138
61138 36360 54510
54510 36360 61138
54278 50998 82411
50998 54278 82411
82411 50998 54278
92624 140140 143583
140140 92624 143583
143583 92624 140140
132201 136417 144920
136417 132201 144920
144920 132201 136417
12653 35818 51089
35818 12653 51089
51089 12653 35818
116195 34459 111782
34459 111782 116195
111782 34459 116195
126646 10285 42482
10285 42482 126646
42482 10285 126646
60313 12575 134508
134508 12575 60313
12575 60313 134508
99737 48879 49844
49844 48879 99737
48879 49844 99737
53154 76106 107696
107696 53154 76106
76106 53154 107696
116547 448 132716
132716 448 116547
448 116547 132716
126469 24569 60808
60808 24569 126469
24569 60808 126469
106049 26165 75939
26165 75939 106049
75939 26165 106049
72234 52904 108469
108469 52904 72234
52904 72234 108469
136183 35509 126512
35509 126512 136183
126512 35509 136183
66346 14051 31003
14051 31003 66346
31003 14051 66346
118555 88650 137559
88650 118555 137559
137559 88650 118555
15945 43069 49667
49667 15945 43069
43069 15945 49667
53735 68920 117788
117788 53735 68920
68920 53735 117788
113852 128031 129596
128031 113852 129596
129596 113852 128031
73676 34039 142817
34039 73676 142817
142817 34039 73676
2552 50525 94522
94522 2552 50525
50525 2552 94522
24297 29368 101520
29368 24297 101520
101520 24297 29368
138430 19436 91775
91775 19436 138430
19436 91775 138430
84764 66026 118312
66026 84764 118312
118312 66026 84764
136104 49233 122031
49233 122031 136104
122031 49233 136104
75061 136725 148833
148833 75061 136725
136725 75061 148833
57637 100524 144226
144226 57637 100524
100524 57637 144226
126833 114077 117447
117447 114077 126833
114077 117447 126833
78003 2682 117421
117421 2682 78003
2682 78003 117421
43706 118203 147988
147988 43706 118203
118203 43706 147988
63368 71306 82858
71306 63368 82858
82858 63368 71306
147484 44229 143460
44229 143460 147484
143460 44229 147484
61165 120725 122679
120725 61165 122679
122679 61165 120725
85233 111051 114265
111051 85233 114265
114265 85233 111051
40504 37329 97272
37329 40504 97272
97272 37329 40504
25108 114322 129741
129741 25108 114322
114322 25108 129741
82510 12440 41096
41096 12440 82510
12440 41096 82510
12600 9132 139594
9132 12600 139594
139594 9132 12600
69123 100448 123064
123064 69123 100448
100448 69123 123064
141258 29406 31348
29406 31348 141258
31348 29406 141258
104106 10823 112002
10823 104106 112002
112002 10823 104106
144228 20596 105578
105578 20596 144228
20596 105578 144228
57511 73839 146504
73839 57511 146504
146504 57511 73839
19245 39692 44198
39692 19245 44198
44198 19245 39692
69854 68452 112882
68452 69854 112882
112882 68452 69854
140363 44551 74801
74801 44551 140363
44551 74801 140363
101015 15189 104210
15189 101015 104210
104210 15189 101015
45063 30762 121069
121069 30762 45063
30762 45063 121069
16369 58849 142762
142762 16369 58849
58849 16369 142762
42955 75026 134704
134704 42955 75026
75026 42955 134704
49388 28410 130674
28410 49388 130674
130674 28410 49388
76963 40940 115152
40940 76963 115152
115152 40940 76963
88995 30435 142516
142516 30435 88995
30435 88995 142516
118347 65696 103018
103018 65696 118347
65696 103018 118347
140526 13938 108839
13938 108839 140526
108839 13938 140526
85255 137463 148734
148734 85255 137463
137463 85255 148734
130599 120333 134814
134814 120333 130599
120333 130599 134814
95696 110078 138844
110078 95696 138844
138844 95696 110078
62143 5547 71120
5547 62143 71120
71120 5547 62143
