5858 11696 14805
11696 5858 14805
14805 5858 11696
11708 1762 2554
2554 1762 11708
1762 2554 11708
6624 46 9095
9095 46 6624
46 6624 9095
12304 5757 9497
5757 9497 12304
9497 5757 12304
2415 2278 14849
14849 2278 2415
2278 2415 14849
14164 4923 8570
8570 4923 14164
4923 8570 14164
7691 6729 13202
6729 7691 13202
13202 6729 7691
8732 3903 7992
3903 7992 8732
7992 3903 8732
10220 3927 7650
7650 3927 10220
3927 7650 10220
7665 13047 14143
14143 7665 13047
13047 7665 14143
4290 2880 8255
2880 4290 8255
8255 2880 4290
367 8267 8896
8896 367 8267
8267 367 8896
255 2842 9560
9560 255 2842
2842 255 9560
12473 1613 9102
9102 1613 12473
1613 9102 12473
694 5983 8312
5983 694 8312
8312 694 5983
14917 13069 14274
14274 13069 14917
13069 14274 14917
11683 3083 4746
3083 4746 11683
4746 3083 11683
467 6267 8190
8190 467 6267
6267 467 8190
2222 532 10681
532 2222 10681
10681 532 2222
14631 259 861
259 861 14631
861 259 14631
601 1559 1626
1559 601 1626
1626 601 1559
11676 3010 13517
3010 11676 13517
13517 3010 11676
13696 419 6001
419 6001 13696
6001 419 13696
10745 6219 14744
6219 10745 14744
14744 6219 10745
8644 4976 9607
9607 4976 8644
4976 8644 9607
14252 10298 12517
12517 10298 14252
10298 12517 14252
13329 5527 13250
5527 13250 13329
13250 5527 13329
14317 2522 10333
10333 2522 14317
2522 10333 14317
10459 6408 12366
12366 6408 10459
6408 10459 12366
14012 283 1788
1788 283 14012
283 1788 14012
10627 11651 14331
11651 10627 14331
14331 10627 11651
11930 3434 14992
3434 11930 14992
14992 3434 11930
9086 4494 9297
4494 9086 9297
9297 4494 9086
1146 1839 2796
2796 1146 1839
1839 1146 2796
7999 316 5849
316 5849 7999
5849 316 7999
1596 5247 10623
5247 1596 10623
10623 1596 5247
7212 468 9935
9935 468 7212
468 7212 9935
7611 11276 11318
11318 7611 11276
11276 7611 11318
3174 7157 10769
7157 3174 10769
10769 3174 7157
13675 12102 14286
12102 13675 14286
14286 12102 13675
6731 6514 12706
6514 6731 12706
12706 6514 6731
10641 9538 11863
11863 9538 10641
9538 10641 11863
12470 8972 12401
12401 8972 12470
8972 12401 12470
4212 2635 12347
12347 2635 4212
2635 4212 12347
397 11191 11833
11191 397 11833
11833 397 11191
8568 1156 5787
1156 5787 8568
5787 1156 8568
14210 628 13658
13658 628 14210
628 13658 14210
10245 11182 11969
11969 10245 11182
11182 10245 11969
12642 12550 14726
14726 12550 12642
12550 12642 14726
11280 1842 7033
1842 7033 11280
7033 1842 11280
9197 3420 3621
3420 3621 9197
3621 3420 9197
11664 3543 12533
12533 3543 11664
3543 11664 12533
11690 3601 8011
8011 3601 11690
3601 8011 11690
11174 1687 3547
1687 3547 11174
3547 1687 11174
12052 9271 14437
9271 12052 14437
14437 9271 12052
4352 735 12208
12208 735 4352
735 4352 12208
1671 7143 9933
7143 1671 9933
9933 1671 7143
1855 6659 11774
11774 1855 6659
6659 1855 11774
14430 5798 10895
5798 10895 14430
10895 5798 14430
8783 3718 14766
3718 8783 14766
14766 3718 8783
558 2420 6462
6462 558 2420
2420 558 6462
299 2407 10369
10369 299 2407
2407 299 10369
1578 4250 9159
4250 1578 9159
9159 1578 4250
818 11965 13444
13444 818 11965
11965 818 13444
537 3389 14402
14402 537 3389
3389 537 14402
4816 6164 8607
8607 4816 6164
6164 4816 8607
1093 8763 10127
10127 1093 8763
8763 1093 10127
11060 8657 10408
10408 8657 11060
8657 10408 11060
12125 10643 14103
10643 12125 14103
14103 10643 12125
81 13402 14581
14581 81 13402
13402 81 14581
3080 11957 13376
13376 3080 11957
11957 3080 13376
482 9492 12259
12259 482 9492
9492 482 12259
7136 10370 11872
11872 7136 10370
10370 7136 11872
4391 7797 8120
7797 4391 8120
8120 4391 7797
9189 2578 11594
11594 2578 9189
2578 9189 11594
6497 14009 14540
14009 6497 14540
14540 6497 14009
6817 1917 7814
1917 6817 7814
7814 1917 6817
11747 11088 13639
11088 11747 13639
13639 11088 11747
3871 10850 12450
10850 3871 12450
12450 3871 10850
14682 3371 9697
9697 3371 14682
3371 9697 14682
1232 6464 14212
14212 1232 6464
6464 1232 14212
14709 3140 7103
7103 3140 14709
3140 7103 14709
4621 12383 12857
12383 4621 12857
12857 4621 12383
3298 2794 10858
2794 3298 10858
10858 2794 3298
4745 786 6169
786 4745 6169
6169 786 4745
7540 5844 10104
5844 7540 10104
10104 5844 7540
11124 5610 11973
11973 5610 11124
5610 11124 11973
8030 8106 13795
13795 8030 8106
8106 8030 13795
7869 6155 14014
6155 7869 14014
14014 6155 7869
2176 7713 8826
8826 2176 7713
7713 2176 8826
8665 7967 12811
7967 8665 12811
12811 7967 8665
222 139 11531
139 222 11531
11531 139 222
457 7100 12744
7100 457 12744
12744 457 7100
5434 5034 12030
5034 5434 12030
12030 5034 5434
7231 4534 9997
4534 7231 9997
9997 4534 7231
8276 7446 14109
7446 8276 14109
14109 7446 8276
9681 4003 12844
12844 4003 9681
4003 9681 12844
11810 11136 12920
11136 11810 12920
12920 11136 11810
13734 2815 11335
11335 2815 13734
2815 11335 13734
5332 8686 11657
8686 5332 11657
11657 5332 8686
664 11844 12465
12465 664 11844
11844 664 12465
8932 1787 5482
1787 5482 8932
5482 1787 8932
6368 5667 7454
5667 6368 7454
7454 5667 6368
12764 10739 13852
10739 12764 13852
13852 10739 12764
5818 2015 9244
2015 5818 9244
9244 2015 5818
279 2319 9809
9809 279 2319
2319 279 9809
2379 1404 2081
1404 2081 2379
2081 1404 2379
11843 4040 7466
4040 7466 11843
7466 4040 11843
4357 11874 14773
11874 4357 14773
14773 4357 11874
9229 1725 1871
1871 1725 9229
1725 1871 9229
2341 2461 9252
9252 2341 2461
2461 2341 9252
13229 5039 11515
11515 5039 13229
5039 11515 13229
5411 3447 11028
11028 3447 5411
3447 5411 11028
10692 5248 12164
5248 10692 12164
12164 5248 10692
14585 2230 14834
2230 14585 14834
14834 2230 14585
7487 7632 9821
9821 7487 7632
7632 7487 9821
12194 5091 5883
5091 5883 12194
5883 5091 12194
13897 4447 12684
4447 12684 13897
12684 4447 13897
7616 1803 6436
6436 1803 7616
1803 6436 7616
7311 2442 11762
2442 7311 11762
11762 2442 7311
11186 3624 13738
3624 11186 13738
13738 3624 11186
9632 9204 13905
9204 9632 13905
13905 9204 9632
8853 1488 2469
1488 2469 8853
2469 1488 8853
14267 6194 8775
6194 8775 14267
8775 6194 14267
12862 13139 13976
13976 12862 13139
13139 12862 13976
12466 5001 6434
6434 5001 12466
5001 6434 12466
421 1042 12332
1042 421 12332
12332 421 1042
8156 6559 6763
6763 6559 8156
6559 6763 8156
2200 2956 8462
8462 2200 2956
2956 2200 8462
11181 4618 5490
5490 4618 11181
4618 5490 11181
8676 3916 4287
3916 4287 8676
4287 3916 8676
7981 333 12527
12527 333 7981
333 7981 12527
12371 2717 6761
2717 6761 12371
6761 2717 12371
6666 3199 8332
3199 6666 8332
8332 3199 6666
9652 5672 11615
11615 5672 9652
5672 9652 11615
5525 530 7117
7117 530 5525
530 5525 7117
13410 7613 9564
7613 9564 13410
9564 7613 13410
8361 2869 8381
8381 2869 8361
2869 8361 8381
10468 6211 13390
6211 10468 13390
13390 6211 10468
3758 3536 6868
3536 3758 6868
6868 3536 3758
7519 682 13850
682 7519 13850
13850 682 7519
2922 2862 14969
2862 2922 14969
14969 2862 2922
1014 4145 6419
6419 1014 4145
4145 1014 6419
12756 1772 5430
5430 1772 12756
1772 5430 12756
491 9833 14801
14801 491 9833
9833 491 14801
12495 6296 14127
14127 6296 12495
6296 12495 14127
4068 12 11971
12 4068 11971
11971 12 4068
10775 7338 12487
7338 10775 12487
12487 7338 10775
346 6340 14156
6340 346 14156
14156 346 6340
12234 6208 12142
12142 6208 12234
6208 12142 12234
13033 3855 9099
9099 3855 13033
3855 9099 13033
14687 636 12111
12111 636 14687
636 12111 14687
9118 4350 6283
6283 4350 9118
4350 6283 9118
13050 531 692
531 692 13050
692 531 13050
12522 5211 11642
5211 11642 12522
11642 5211 12522
8874 13322 14326
13322 8874 14326
14326 8874 13322
14188 8609 13012
13012 8609 14188
8609 13012 14188
4079 1665 8973
8973 1665 4079
1665 4079 8973
4476 1825 13272
13272 1825 4476
1825 4476 13272
6906 14119 14803
14803 6906 14119
14119 6906 14803
13618 8069 11470
11470 8069 13618
8069 11470 13618
4952 700 5182
5182 700 4952
700 4952 5182
9379 9780 14159
9780 9379 14159
14159 9379 9780
6926 2055 14940
2055 6926 14940
14940 2055 6926
1278 6661 10591
6661 1278 10591
10591 1278 6661
10313 5073 12432
12432 5073 10313
5073 10313 12432
10223 7083 12946
12946 7083 10223
7083 10223 12946
12493 12003 13821
13821 12003 12493
12003 12493 13821
3149 3115 12023
12023 3115 3149
3115 3149 12023
13154 4188 9438
9438 4188 13154
4188 9438 13154
5040 8210 13965
13965 5040 8210
8210 5040 13965
9128 6203 7134
6203 7134 9128
7134 6203 9128
13751 4245 8039
8039 4245 13751
4245 8039 13751
1017 6025 9704
6025 1017 9704
9704 1017 6025
483 3600 10040
10040 483 3600
3600 483 10040
4022 11699 11754
11699 4022 11754
11754 4022 11699
8024 1004 8712
1004 8024 8712
8712 1004 8024
4589 3991 4611
3991 4589 4611
4611 3991 4589
2011 2043 3357
3357 2011 2043
2043 2011 3357
12244 215 12013
12013 215 12244
215 12013 12244
11687 10857 14281
10857 11687 14281
14281 10857 11687
9902 8865 12170
12170 8865 9902
8865 9902 12170
12816 606 9347
606 9347 12816
9347 606 12816
7695 4569 11207
4569 7695 11207
11207 4569 7695
8054 10328 11153
10328 8054 11153
11153 8054 10328
2643 2898 5765
5765 2643 2898
2898 2643 5765
839 208 1131
1131 208 839
208 839 1131
8284 687 6646
6646 687 8284
687 6646 8284
2680 5288 12320
5288 2680 12320
12320 2680 5288
1015 1663 2910
1663 1015 2910
2910 1015 1663
285 4801 6496
4801 285 6496
6496 285 4801
13347 9943 12262
9943 12262 13347
12262 9943 13347
13346 2877 4540
4540 2877 13346
2877 4540 13346
3310 9595 13071
13071 3310 9595
9595 3310 13071
5471 5583 6569
6569 5471 5583
5583 5471 6569
11267 8689 9521
9521 8689 11267
8689 9521 11267
12358 3998 7577
7577 3998 12358
3998 7577 12358
4138 6974 7301
7301 4138 6974
6974 4138 7301
14307 8941 13743
8941 13743 14307
13743 8941 14307
4672 13342 13641
13641 4672 13342
13342 4672 13641
5493 2254 4846
2254 4846 5493
4846 2254 5493
10579 766 9043
766 9043 10579
9043 766 10579
8755 8757 13576
8757 8755 13576
13576 8755 8757
7621 3932 13595
13595 3932 7621
3932 7621 13595
3549 3696 4319
4319 3549 3696
3696 3549 4319
6842 2017 6520
6520 2017 6842
2017 6520 6842
2029 2814 7324
7324 2029 2814
2814 2029 7324
9474 3816 7722
7722 3816 9474
3816 7722 9474
11865 6242 10580
10580 6242 11865
6242 10580 11865
10933 2556 7510
2556 7510 10933
7510 2556 10933
9765 6206 12298
12298 6206 9765
6206 9765 12298
14778 7237 10133
7237 10133 14778
10133 7237 14778
12808 6353 10003
6353 10003 12808
10003 6353 12808
10855 5548 12398
5548 10855 12398
12398 5548 10855
1118 5217 13721
5217 1118 13721
13721 1118 5217
2886 8956 11061
11061 2886 8956
8956 2886 11061
2013 2964 13011
13011 2013 2964
2964 2013 13011
4493 792 2225
792 2225 4493
2225 792 4493
14711 1097 10550
10550 1097 14711
1097 10550 14711
454 1799 6049
6049 454 1799
1799 454 6049
1459 8387 11402
8387 1459 11402
11402 1459 8387
12121 9655 12698
12698 9655 12121
9655 12121 12698
7032 3101 7915
3101 7032 7915
7915 3101 7032
3585 8773 9788
8773 3585 9788
9788 3585 8773
3495 9217 11037
9217 3495 11037
11037 3495 9217
7313 2310 4652
2310 4652 7313
4652 2310 7313
7905 6161 10851
6161 7905 10851
10851 6161 7905
11268 3773 7804
7804 3773 11268
3773 7804 11268
11538 5635 6377
6377 5635 11538
5635 6377 11538
9778 6252 7248
6252 7248 9778
7248 6252 9778
5531 5180 14934
14934 5180 5531
5180 5531 14934
8592 3257 12654
3257 8592 12654
12654 3257 8592
11801 7325 8942
7325 8942 11801
8942 7325 11801
1349 9650 14862
9650 1349 14862
14862 1349 9650
4759 2972 11568
2972 4759 11568
11568 2972 4759
1428 1556 12554
1556 1428 12554
12554 1428 1556
2935 10135 13811
10135 2935 13811
13811 2935 10135
14347 5539 14899
5539 14347 14899
14899 5539 14347
7041 5459 12929
12929 5459 7041
5459 7041 12929
6093 1973 6704
1973 6093 6704
6704 1973 6093
11387 927 8421
927 8421 11387
8421 927 11387
1414 4771 9598
9598 1414 4771
4771 1414 9598
9692 3512 6652
3512 6652 9692
6652 3512 9692
9985 2729 7942
2729 7942 9985
7942 2729 9985
8553 8871 14279
8871 8553 14279
14279 8553 8871
14672 6733 8408
6733 8408 14672
8408 6733 14672
11371 198 2611
2611 198 11371
198 2611 11371
13921 3483 8698
3483 8698 13921
8698 3483 13921
4367 3963 6330
6330 3963 4367
3963 4367 6330
9376 3650 4435
3650 4435 9376
4435 3650 9376
4016 12859 12961
12859 4016 12961
12961 4016 12859
696 2532 14198
2532 696 14198
14198 696 2532
13157 1197 5797
5797 1197 13157
1197 5797 13157
3075 5624 9431
9431 3075 5624
5624 3075 9431
7808 9476 9591
9476 7808 9591
9591 7808 9476
375 7316 7520
7520 375 7316
7316 375 7520
14229 2836 9574
9574 2836 14229
2836 9574 14229
2878 4230 6356
6356 2878 4230
4230 2878 6356
9472 1026 2849
1026 2849 9472
2849 1026 9472
9736 11479 12088
11479 9736 12088
12088 9736 11479
13169 3478 7076
7076 3478 13169
3478 7076 13169
13788 6468 7453
7453 6468 13788
6468 7453 13788
8684 13018 14421
13018 8684 14421
14421 8684 13018
7411 1550 2422
1550 2422 7411
2422 1550 7411
238 623 14824
14824 238 623
623 238 14824
14324 407 2839
407 2839 14324
2839 407 14324
4546 3147 10119
10119 3147 4546
3147 4546 10119
9984 1684 10100
10100 1684 9984
1684 9984 10100
7545 1242 2110
2110 1242 7545
1242 2110 7545
8744 2137 2741
2741 2137 8744
2137 2741 8744
10345 7443 13203
13203 7443 10345
7443 10345 13203
10909 393 5944
393 5944 10909
5944 393 10909
10410 3295 9063
9063 3295 10410
3295 9063 10410
7050 1619 12439
1619 7050 12439
12439 1619 7050
5558 2727 7581
2727 5558 7581
7581 2727 5558
13843 4162 11902
4162 11902 13843
11902 4162 13843
13056 1704 6097
1704 6097 13056
6097 1704 13056
9136 8331 11681
11681 8331 9136
8331 9136 11681
9221 7251 14505
7251 9221 14505
14505 7251 9221
2630 3057 14543
14543 2630 3057
3057 2630 14543
11367 9146 10086
9146 10086 11367
10086 9146 11367
14914 3607 11120
11120 3607 14914
3607 11120 14914
10494 1993 3176
1993 3176 10494
3176 1993 10494
3620 6035 11618
11618 3620 6035
6035 3620 11618
10598 3740 14291
3740 10598 14291
14291 3740 10598
1328 1594 10396
1594 1328 10396
10396 1328 1594
7363 350 1986
1986 350 7363
350 1986 7363
2091 13111 14872
14872 2091 13111
13111 2091 14872
13181 6645 8041
6645 8041 13181
8041 6645 13181
10675 921 7376
7376 921 10675
921 7376 10675
10497 2458 14209
2458 10497 14209
14209 2458 10497
3017 460 6904
6904 460 3017
460 3017 6904
9336 4312 11768
11768 4312 9336
4312 9336 11768
13581 630 656
630 656 13581
656 630 13581
8442 13036 14432
13036 8442 14432
14432 8442 13036
14841 174 5307
174 5307 14841
5307 174 14841
5786 14165 14300
14165 5786 14300
14300 5786 14165
4196 2044 6638
6638 2044 4196
2044 4196 6638
6401 1660 12972
12972 1660 6401
1660 6401 12972
9406 6667 13785
13785 6667 9406
6667 9406 13785
1025 6878 14547
6878 1025 14547
14547 1025 6878
7283 1109 10587
1109 7283 10587
10587 1109 7283
502 4876 5995
4876 502 5995
5995 502 4876
3373 2106 10109
2106 3373 10109
10109 2106 3373
12359 110 4433
110 4433 12359
4433 110 12359
7899 3565 10965
10965 3565 7899
3565 7899 10965
3520 118 7567
118 3520 7567
7567 118 3520
10679 6162 6233
6162 6233 10679
6233 6162 10679
4155 7783 9466
9466 4155 7783
7783 4155 9466
11385 4281 5258
5258 4281 11385
4281 5258 11385
12960 5107 11121
11121 5107 12960
5107 11121 12960
7384 1915 10820
1915 7384 10820
10820 1915 7384
1309 12033 12787
12033 1309 12787
12787 1309 12033
1182 4834 10448
10448 1182 4834
4834 1182 10448
10841 1728 11549
1728 10841 11549
11549 1728 10841
5820 1385 8045
8045 1385 5820
1385 5820 8045
12409 13130 14676
13130 12409 14676
14676 12409 13130
148 3120 12622
3120 148 12622
12622 148 3120
11265 11168 13623
13623 11168 11265
11168 11265 13623
1106 11366 14276
11366 1106 14276
14276 1106 11366
7258 3541 12434
12434 3541 7258
3541 7258 12434
3369 1226 9066
9066 1226 3369
1226 3369 9066
7583 2074 8432
2074 7583 8432
8432 2074 7583
10472 2500 13764
2500 10472 13764
13764 2500 10472
9082 5891 6973
6973 5891 9082
5891 6973 9082
8401 2949 7386
7386 2949 8401
2949 7386 8401
11301 3692 8475
3692 8475 11301
8475 3692 11301
9308 1420 11832
11832 1420 9308
1420 9308 11832
7217 2390 4445
4445 2390 7217
2390 4445 7217
12007 9850 14444
9850 12007 14444
14444 9850 12007
2519 5162 13717
13717 2519 5162
5162 2519 13717
12955 584 14635
14635 584 12955
584 12955 14635
11922 4609 5840
5840 4609 11922
4609 5840 11922
3872 7994 8677
8677 3872 7994
7994 3872 8677
11751 3550 5086
3550 5086 11751
5086 3550 11751
8869 2838 12245
2838 8869 12245
12245 2838 8869
8240 6483 13174
6483 8240 13174
13174 6483 8240
180 2285 12447
12447 180 2285
2285 180 12447
13962 4495 11050
4495 11050 13962
11050 4495 13962
9135 4071 8198
4071 8198 9135
8198 4071 9135
565 6774 8842
6774 565 8842
8842 565 6774
11351 5503 12301
12301 5503 11351
5503 11351 12301
9042 658 2098
2098 658 9042
658 2098 9042
12326 203 8433
203 8433 12326
8433 203 12326
9682 6177 9645
9645 6177 9682
6177 9645 9682
501 5862 9531
9531 501 5862
5862 501 9531
12516 9076 9716
9076 9716 12516
9716 9076 12516
8336 5093 10834
10834 5093 8336
5093 8336 10834
5949 2065 14406
14406 2065 5949
2065 5949 14406
1288 1285 2663
2663 1285 1288
1285 1288 2663
10639 3376 6149
6149 3376 10639
3376 6149 10639
10893 12751 13055
12751 10893 13055
13055 10893 12751
5346 3879 5112
5112 3879 5346
3879 5112 5346
8070 1758 5913
5913 1758 8070
1758 5913 8070
8927 557 2582
2582 557 8927
557 2582 8927
10886 5181 9090
9090 5181 10886
5181 9090 10886
9106 8909 13028
13028 8909 9106
8909 9106 13028
5524 400 11462
11462 400 5524
400 5524 11462
6172 1971 7543
7543 1971 6172
1971 6172 7543
1115 10374 14890
10374 1115 14890
14890 1115 10374
2391 4765 12636
4765 2391 12636
12636 2391 4765
14813 9269 12874
9269 12874 14813
12874 9269 14813
2920 2165 13924
13924 2165 2920
2165 2920 13924
14142 2924 9138
2924 9138 14142
9138 2924 14142
11954 4763 13657
13657 4763 11954
4763 11954 13657
10435 2776 14328
2776 10435 14328
14328 2776 10435
4127 948 2330
948 2330 4127
2330 948 4127
6557 963 13211
963 6557 13211
13211 963 6557
9895 11130 11701
11130 9895 11701
11701 9895 11130
13061 706 2994
2994 706 13061
706 2994 13061
14723 1398 4498
1398 4498 14723
4498 1398 14723
629 8280 8624
8280 629 8624
8624 629 8280
6551 2619 10508
2619 6551 10508
10508 2619 6551
7 9668 11945
9668 7 11945
11945 7 9668
8258 1090 6703
6703 1090 8258
1090 6703 8258
5725 6301 6620
6620 5725 6301
6301 5725 6620
12043 9390 9962
9390 9962 12043
9962 9390 12043
10077 914 6888
914 6888 10077
6888 914 10077
14625 4795 12865
12865 4795 14625
4795 12865 14625
2912 1081 11180
11180 1081 2912
1081 2912 11180
12097 2649 14902
14902 2649 12097
2649 12097 14902
951 9752 11673
9752 951 11673
11673 951 9752
9585 6716 13687
6716 9585 13687
13687 6716 9585
776 9123 10356
9123 776 10356
10356 776 9123
913 1983 6660
1983 913 6660
6660 913 1983
9956 4460 13088
13088 4460 9956
4460 9956 13088
13531 5473 14837
5473 13531 14837
14837 5473 13531
6019 3163 14377
3163 6019 14377
14377 3163 6019
11688 1048 9035
1048 9035 11688
9035 1048 11688
11014 3815 6070
3815 6070 11014
6070 3815 11014
1755 1669 12255
12255 1669 1755
1669 1755 12255
12788 1999 8575
1999 8575 12788
8575 1999 12788
11295 6054 6540
6054 6540 11295
6540 6054 11295
12355 4673 6966
4673 6966 12355
6966 4673 12355
2985 4623 8383
4623 2985 8383
8383 2985 4623
4205 8613 13585
8613 4205 13585
13585 4205 8613
7480 6846 11781
6846 7480 11781
11781 6846 7480
4577 11159 13844
13844 4577 11159
11159 4577 13844
5753 2626 10518
2626 5753 10518
10518 2626 5753
990 841 9369
9369 841 990
841 990 9369
11185 11145 12037
12037 11145 11185
11145 11185 12037
2662 7831 7870
7870 2662 7831
7831 2662 7870
10483 4936 6772
4936 6772 10483
6772 4936 10483
14742 3884 8481
8481 3884 14742
3884 8481 14742
5996 7481 10054
10054 5996 7481
7481 5996 10054
7652 10628 11133
11133 7652 10628
10628 7652 11133
4853 6673 10154
10154 4853 6673
6673 4853 10154
1228 3276 12586
12586 1228 3276
3276 1228 12586
13386 1949 10012
1949 10012 13386
10012 1949 13386
2999 3288 8268
3288 2999 8268
8268 2999 3288
8359 5015 8960
5015 8359 8960
8960 5015 8359
6103 9 429
429 9 6103
9 429 6103
6074 9846 12243
9846 6074 12243
12243 6074 9846
5257 1875 11169
11169 1875 5257
1875 5257 11169
2409 4919 13085
4919 2409 13085
13085 2409 4919
4664 1850 2292
1850 2292 4664
2292 1850 4664
12182 8690 9872
9872 8690 12182
8690 9872 12182
1650 7579 8821
8821 1650 7579
7579 1650 8821
11899 11408 13783
13783 11408 11899
11408 11899 13783
7068 5773 14117
5773 7068 14117
14117 5773 7068
14497 14193 14550
14193 14497 14550
14550 14193 14497
13113 7724 9643
9643 7724 13113
7724 9643 13113
2780 11709 13126
13126 2780 11709
11709 2780 13126
6321 797 8788
8788 797 6321
797 6321 8788
4694 5881 14997
14997 4694 5881
5881 4694 14997
14716 1041 3702
1041 3702 14716
3702 1041 14716
11737 4392 5600
4392 5600 11737
5600 4392 11737
10748 1302 3945
1302 3945 10748
3945 1302 10748
1458 3018 3485
3018 1458 3485
3485 1458 3018
3439 4821 8726
4821 3439 8726
8726 3439 4821
3335 7699 9897
9897 3335 7699
7699 3335 9897
14082 1702 10387
10387 1702 14082
1702 10387 14082
5609 7078 7495
7078 5609 7495
7495 5609 7078
2579 497 4633
4633 497 2579
497 2579 4633
3422 4314 6791
4314 3422 6791
6791 3422 4314
3213 1426 7089
1426 3213 7089
7089 1426 3213
1630 8087 8141
8141 1630 8087
8087 1630 8141
13911 7385 10492
10492 7385 13911
7385 10492 13911
12503 605 6880
605 6880 12503
6880 605 12503
9707 12687 13301
12687 9707 13301
13301 9707 12687
3012 1345 7505
1345 3012 7505
7505 1345 3012
14645 4054 10716
4054 10716 14645
10716 4054 14645
6605 1785 8949
8949 1785 6605
1785 6605 8949
11422 588 3719
588 3719 11422
3719 588 11422
14155 13009 14340
14340 13009 14155
13009 14155 14340
2070 7202 13242
13242 2070 7202
7202 2070 13242
622 5020 7623
7623 622 5020
5020 622 7623
374 5684 6980
5684 374 6980
6980 374 5684
12984 4446 9857
4446 9857 12984
9857 4446 12984
4947 11327 13381
11327 4947 13381
13381 4947 11327
13661 3454 10395
3454 10395 13661
10395 3454 13661
11266 5643 9337
5643 9337 11266
9337 5643 11266
2966 10761 13345
13345 2966 10761
10761 2966 13345
12378 67 9626
67 9626 12378
9626 67 12378
13238 926 3694
926 3694 13238
3694 926 13238
4096 1412 5570
1412 4096 5570
5570 1412 4096
13793 10244 14088
14088 10244 13793
10244 13793 14088
2134 785 7036
785 2134 7036
7036 785 2134
6907 6808 14825
6808 6907 14825
14825 6808 6907
1857 11166 11317
11166 1857 11317
11317 1857 11166
8716 1469 7924
7924 1469 8716
1469 7924 8716
3729 7931 8313
7931 3729 8313
8313 3729 7931
8532 11245 14555
14555 8532 11245
11245 8532 14555
9787 10378 14941
14941 9787 10378
10378 9787 14941
13328 4417 11599
11599 4417 13328
4417 11599 13328
3626 8193 8244
8244 3626 8193
8193 3626 8244
7854 9565 10380
10380 7854 9565
9565 7854 10380
13168 3228 11382
3228 11382 13168
11382 3228 13168
2229 589 13043
13043 589 2229
589 2229 13043
7661 6782 12219
12219 6782 7661
6782 7661 12219
6765 3211 12817
12817 3211 6765
3211 6765 12817
2684 7968 14034
14034 2684 7968
7968 2684 14034
10702 11858 12459
12459 10702 11858
11858 10702 12459
8977 436 9769
436 8977 9769
9769 436 8977
1892 4264 7642
7642 1892 4264
4264 1892 7642
330 3404 14748
14748 330 3404
3404 330 14748
6453 9603 10541
10541 6453 9603
9603 6453 10541
10015 907 6993
6993 907 10015
907 6993 10015
11579 3155 4961
3155 4961 11579
4961 3155 11579
11437 2832 3230
3230 2832 11437
2832 3230 11437
93 6318 14794
6318 93 14794
14794 93 6318
1775 2762 8579
8579 1775 2762
2762 1775 8579
2045 3126 11273
11273 2045 3126
3126 2045 11273
10480 9329 11522
11522 9329 10480
9329 10480 11522
14228 11444 14558
11444 14228 14558
14558 11444 14228
1891 832 4255
832 1891 4255
4255 832 1891
14438 4578 4830
4578 4830 14438
4830 4578 14438
11122 349 8729
349 8729 11122
8729 349 11122
14745 8315 11262
11262 8315 14745
8315 11262 14745
1234 1697 8695
1697 1234 8695
8695 1234 1697
4294 6694 8091
8091 4294 6694
6694 4294 8091
7280 9554 12964
9554 7280 12964
12964 7280 9554
2092 2020 5322
5322 2020 2092
2020 2092 5322
11277 13546 13840
13840 11277 13546
13546 11277 13840
7253 11674 14242
11674 7253 14242
14242 7253 11674
9747 3889 7183
3889 7183 9747
7183 3889 9747
6402 265 2884
2884 265 6402
265 2884 6402
9365 4303 8233
8233 4303 9365
4303 8233 9365
11343 5092 13980
5092 11343 13980
13980 5092 11343
9654 5690 14912
14912 5690 9654
5690 9654 14912
6076 9768 12254
12254 6076 9768
9768 6076 12254
10268 1779 3413
3413 1779 10268
1779 3413 10268
1610 2036 8841
2036 1610 8841
8841 1610 2036
6758 370 2983
370 2983 6758
2983 370 6758
4306 9494 9971
9971 4306 9494
9494 4306 9971
10194 5152 6410
5152 6410 10194
6410 5152 10194
14847 5250 9870
9870 5250 14847
5250 9870 14847
12820 2450 5587
5587 2450 12820
2450 5587 12820
2084 4025 10176
4025 2084 10176
10176 2084 4025
6065 9995 11183
9995 6065 11183
11183 6065 9995
14100 4229 5895
4229 5895 14100
5895 4229 14100
10682 7471 8598
7471 8598 10682
8598 7471 10682
12018 771 1724
1724 771 12018
771 1724 12018
10085 8301 10651
10651 8301 10085
8301 10085 10651
8354 1240 13686
1240 8354 13686
13686 1240 8354
175 4240 7511
7511 175 4240
4240 175 7511
6636 6319 13354
13354 6319 6636
6319 6636 13354
8957 10778 13309
10778 8957 13309
13309 8957 10778
5864 4647 4939
4939 4647 5864
4647 4939 5864
4139 1600 1707
1600 1707 4139
1707 1600 4139
10963 1028 7182
7182 1028 10963
1028 7182 10963
859 8915 9545
9545 859 8915
8915 859 9545
13488 8108 9572
9572 8108 13488
8108 9572 13488
14457 6885 8505
8505 6885 14457
6885 8505 14457
2009 4298 8742
8742 2009 4298
4298 2009 8742
1289 2437 14869
2437 1289 14869
14869 1289 2437
4486 4337 6794
6794 4337 4486
4337 4486 6794
5977 980 7407
980 5977 7407
7407 980 5977
1371 9675 10389
10389 1371 9675
9675 1371 10389
13384 1181 4576
4576 1181 13384
1181 4576 13384
10207 8850 14022
14022 8850 10207
8850 10207 14022
9357 5025 5504
5025 5504 9357
5504 5025 9357
14382 8913 9513
8913 9513 14382
9513 8913 14382
7014 3870 7468
3870 7014 7468
7468 3870 7014
5144 8735 10566
8735 5144 10566
10566 5144 8735
7091 4362 10103
4362 7091 10103
10103 4362 7091
13382 4823 9624
9624 4823 13382
4823 9624 13382
4670 1221 5360
1221 4670 5360
5360 1221 4670
2754 3642 10793
3642 2754 10793
10793 2754 3642
4167 4573 14485
4573 4167 14485
14485 4167 4573
91 9149 12146
9149 91 12146
12146 91 9149
814 3807 5172
3807 814 5172
5172 814 3807
3538 12521 14623
12521 3538 14623
14623 3538 12521
14158 8358 13985
8358 13985 14158
13985 8358 14158
11935 5698 9737
9737 5698 11935
5698 9737 11935
13446 1869 7391
7391 1869 13446
1869 7391 13446
14646 6433 6985
6433 6985 14646
6985 6433 14646
8586 2412 7753
7753 2412 8586
2412 7753 8586
1844 2587 8379
2587 1844 8379
8379 1844 2587
747 8036 10931
8036 747 10931
10931 747 8036
13193 249 6859
249 6859 13193
6859 249 13193
2002 5478 14739
14739 2002 5478
5478 2002 14739
1944 4288 8703
8703 1944 4288
4288 1944 8703
3069 383 12406
12406 383 3069
383 3069 12406
4408 6687 12476
6687 4408 12476
12476 4408 6687
3643 387 8150
8150 387 3643
387 3643 8150
6382 3025 6903
3025 6382 6903
6903 3025 6382
11775 13074 13573
13074 11775 13573
13573 11775 13074
9929 4100 12498
12498 4100 9929
4100 9929 12498
10773 7656 14619
7656 10773 14619
14619 7656 10773
288 1535 4705
4705 288 1535
1535 288 4705
1135 2677 13521
13521 1135 2677
2677 1135 13521
5861 3722 5335
3722 5335 5861
5335 3722 5861
7335 2703 14416
2703 7335 14416
14416 2703 7335
8488 8526 10900
8526 8488 10900
10900 8488 8526
7883 3766 7791
7791 3766 7883
3766 7791 7883
6895 8413 10593
8413 6895 10593
10593 6895 8413
6564 1401 5400
1401 5400 6564
5400 1401 6564
4556 3386 3960
3960 3386 4556
3386 3960 4556
9980 10310 11357
10310 9980 11357
11357 9980 10310
14958 8827 13722
8827 13722 14958
13722 8827 14958
11084 2948 3628
3628 2948 11084
2948 3628 11084
8593 3405 11221
3405 8593 11221
11221 3405 8593
12389 3236 10704
3236 10704 12389
10704 3236 12389
1767 360 8286
360 1767 8286
8286 360 1767
1253 2143 7961
7961 1253 2143
2143 1253 7961
5066 1415 11610
1415 5066 11610
11610 1415 5066
12407 7758 11042
11042 7758 12407
7758 11042 12407
12296 880 8908
8908 880 12296
880 8908 12296
579 952 9725
952 579 9725
9725 579 952
9250 2384 10537
10537 2384 9250
2384 9250 10537
7877 2103 14727
14727 2103 7877
2103 7877 14727
933 712 9213
712 933 9213
9213 712 933
13116 74 11943
11943 74 13116
74 11943 13116
7088 9510 10799
9510 7088 10799
10799 7088 9510
9579 47 1604
1604 47 9579
47 1604 9579
13077 4313 10810
4313 10810 13077
10810 4313 13077
13162 506 13580
506 13162 13580
13580 506 13162
5819 9759 12497
12497 5819 9759
9759 5819 12497
2252 4809 10993
10993 2252 4809
4809 2252 10993
8484 6625 14836
14836 6625 8484
6625 8484 14836
798 6845 12806
6845 798 12806
12806 798 6845
4856 10031 10074
10031 4856 10074
10074 4856 10031
5397 1018 3332
3332 1018 5397
1018 3332 5397
7957 10384 13481
10384 7957 13481
13481 7957 10384
2061 5574 9332
5574 2061 9332
9332 2061 5574
7714 5329 13987
5329 7714 13987
13987 5329 7714
7130 4699 8095
8095 4699 7130
4699 7130 8095
11548 3895 9144
9144 3895 11548
3895 9144 11548
1529 1845 14208
1845 1529 14208
14208 1529 1845
5318 10444 13711
10444 5318 13711
13711 5318 10444
8606 9422 11156
11156 8606 9422
9422 8606 11156
1442 887 14959
887 1442 14959
14959 887 1442
1217 2834 10228
10228 1217 2834
2834 1217 10228
10758 941 14375
941 10758 14375
14375 941 10758
11507 4541 8229
4541 8229 11507
8229 4541 11507
9541 4465 6697
4465 6697 9541
6697 4465 9541
7530 2650 8247
2650 7530 8247
8247 2650 7530
11782 411 2879
411 2879 11782
2879 411 11782
1003 6474 9481
6474 1003 9481
9481 1003 6474
8392 2906 5320
2906 5320 8392
5320 2906 8392
13610 2449 2833
2833 2449 13610
2449 2833 13610
10155 10866 12251
12251 10155 10866
10866 10155 12251
1188 5724 6167
5724 1188 6167
6167 1188 5724
8964 7580 14910
14910 7580 8964
7580 8964 14910
8930 4247 5738
5738 4247 8930
4247 5738 8930
4971 7708 11987
11987 4971 7708
7708 4971 11987
9529 7659 14147
7659 9529 14147
14147 7659 9529
9442 23 14782
23 9442 14782
14782 23 9442
3852 9380 10137
10137 3852 9380
9380 3852 10137
12681 3195 9661
9661 3195 12681
3195 9661 12681
8596 11967 12240
11967 8596 12240
12240 8596 11967
1912 835 4242
835 1912 4242
4242 835 1912
4176 6166 10685
6166 4176 10685
10685 4176 6166
14693 7704 10400
7704 10400 14693
10400 7704 14693
9147 2307 8603
2307 8603 9147
8603 2307 9147
7305 9195 12896
12896 7305 9195
9195 7305 12896
10992 9723 14503
9723 10992 14503
14503 9723 10992
10209 2478 10750
2478 10209 10750
10750 2478 10209
5739 2309 9917
2309 5739 9917
9917 2309 5739
518 232 8175
232 518 8175
8175 232 518
2293 10655 13167
10655 2293 13167
13167 2293 10655
8787 833 3548
833 3548 8787
3548 833 8787
8752 7455 14690
14690 7455 8752
7455 8752 14690
886 1713 8264
1713 886 8264
8264 886 1713
5827 260 4128
260 4128 5827
4128 260 5827
12853 14040 14056
14056 12853 14040
14040 12853 14056
10210 5576 11420
11420 5576 10210
5576 10210 11420
5012 5203 5368
5203 5012 5368
5368 5012 5203
6058 3640 7972
7972 3640 6058
3640 6058 7972
821 4339 11686
11686 821 4339
4339 821 11686
246 7179 9360
9360 246 7179
7179 246 9360
7887 5801 11436
5801 7887 11436
11436 5801 7887
4106 8438 8719
8438 4106 8719
8719 4106 8438
3315 1729 11900
1729 3315 11900
11900 1729 3315
1678 137 2359
2359 137 1678
137 1678 2359
4166 7027 10687
10687 4166 7027
7027 4166 10687
471 1111 14130
14130 471 1111
1111 471 14130
12773 4592 10861
10861 4592 12773
4592 10861 12773
5403 3212 12585
3212 5403 12585
12585 3212 5403
9457 5028 13076
13076 5028 9457
5028 9457 13076
9212 11379 14827
11379 9212 14827
14827 9212 11379
11920 1027 12467
12467 1027 11920
1027 11920 12467
11581 8906 10190
8906 10190 11581
10190 8906 11581
2262 9926 13426
13426 2262 9926
9926 2262 13426
5014 13981 14931
13981 5014 14931
14931 5014 13981
8444 178 1053
178 1053 8444
1053 178 8444
3859 1476 3789
3789 1476 3859
1476 3789 3859
12458 10856 12070
12070 10856 12458
10856 12070 12458
9307 8377 13185
8377 9307 13185
13185 8377 9307
7923 7703 14573
7703 7923 14573
14573 7703 7923
121 6743 7293
7293 121 6743
6743 121 7293
13427 4909 13325
4909 13325 13427
13325 4909 13427
2801 3102 3326
3102 2801 3326
3326 2801 3102
3403 4119 6653
4119 3403 6653
6653 3403 4119
14526 9074 13632
9074 13632 14526
13632 9074 14526
650 4218 11738
11738 650 4218
4218 650 11738
6165 1733 10507
1733 6165 10507
10507 1733 6165
10026 11206 13200
13200 10026 11206
11206 10026 13200
5159 2274 14538
2274 5159 14538
14538 2274 5159
7167 9937 14256
9937 7167 14256
14256 7167 9937
4153 6257 12000
12000 4153 6257
6257 4153 12000
8996 2250 5796
5796 2250 8996
2250 5796 8996
6840 1505 4181
1505 4181 6840
4181 1505 6840
10237 2543 2975
2975 2543 10237
2543 2975 10237
4444 2066 6371
6371 2066 4444
2066 4444 6371
4696 3011 5412
5412 3011 4696
3011 4696 5412
6263 10174 11680
10174 6263 11680
11680 6263 10174
10337 1515 6123
6123 1515 10337
1515 6123 10337
7206 970 11386
970 7206 11386
11386 970 7206
50 2749 10073
2749 50 10073
10073 50 2749
673 12934 13754
13754 673 12934
12934 673 13754
11128 1680 8149
1680 8149 11128
8149 1680 11128
8423 4481 12663
4481 8423 12663
12663 4481 8423
1087 6811 14664
6811 1087 14664
14664 1087 6811
6744 4583 10807
10807 4583 6744
4583 6744 10807
6339 3617 12457
3617 6339 12457
12457 3617 6339
5298 4237 5395
4237 5298 5395
5395 4237 5298
10714 10994 12295
12295 10714 10994
10994 10714 12295
14386 5829 7020
5829 7020 14386
7020 5829 14386
2173 2852 14352
2852 2173 14352
14352 2173 2852
12203 6376 10487
6376 10487 12203
10487 6376 12203
594 3912 5716
5716 594 3912
3912 594 5716
2915 831 6726
6726 831 2915
831 2915 6726
4669 11582 14172
14172 4669 11582
11582 4669 14172
119 2244 5272
5272 119 2244
2244 119 5272
10324 13992 14565
13992 10324 14565
14565 10324 13992
13190 4714 9886
9886 4714 13190
4714 9886 13190
6412 10676 11135
11135 6412 10676
10676 6412 11135
12884 872 8186
872 8186 12884
8186 872 12884
10906 5401 6251
5401 6251 10906
6251 5401 10906
7120 9328 14515
9328 7120 14515
14515 7120 9328
13589 7243 10278
7243 10278 13589
10278 7243 13589
13653 2142 9885
9885 2142 13653
2142 9885 13653
6201 7742 11481
7742 6201 11481
11481 6201 7742
13841 8192 14104
8192 13841 14104
14104 8192 13841
6606 36 1247
1247 36 6606
36 1247 6606
2751 11805 13002
11805 2751 13002
13002 2751 11805
3402 4091 9618
9618 3402 4091
4091 3402 9618
10204 9602 13713
13713 9602 10204
9602 10204 13713
4885 4361 6875
6875 4361 4885
4361 4885 6875
8249 10973 14642
14642 8249 10973
10973 8249 14642
8118 3305 4193
4193 3305 8118
3305 4193 8118
4932 13078 13726
13078 4932 13726
13726 4932 13078
4790 1534 3492
1534 3492 4790
3492 1534 4790
3290 972 7784
7784 972 3290
972 3290 7784
1768 4721 8351
4721 1768 8351
8351 1768 4721
11702 9176 9773
9176 9773 11702
9773 9176 11702
8334 9669 12876
9669 8334 12876
12876 8334 9669
1579 4858 7983
7983 1579 4858
4858 1579 7983
10904 7475 11678
11678 7475 10904
7475 10904 11678
11304 5631 9097
5631 9097 11304
9097 5631 11304
3464 587 13262
587 3464 13262
13262 587 3464
12605 4703 13220
4703 12605 13220
13220 4703 12605
1327 6337 9923
9923 1327 6337
6337 1327 9923
6542 490 11915
490 6542 11915
11915 490 6542
8902 4440 10350
4440 8902 10350
10350 4440 8902
6562 1036 9225
1036 6562 9225
9225 1036 6562
4978 8218 11401
11401 4978 8218
8218 4978 11401
8049 176 11099
11099 176 8049
176 8049 11099
11307 12424 13716
13716 11307 12424
12424 11307 13716
11870 2470 12573
2470 11870 12573
12573 2470 11870
6592 9209 14311
14311 6592 9209
9209 6592 14311
2140 9349 12656
9349 2140 12656
12656 2140 9349
10654 8537 8916
8537 8916 10654
8916 8537 10654
8406 2302 6101
2302 6101 8406
6101 2302 8406
6611 10766 12053
12053 6611 10766
10766 6611 12053
5618 919 4512
4512 919 5618
919 4512 5618
3994 2148 4470
2148 3994 4470
4470 2148 3994
6098 6490 9446
9446 6098 6490
6490 6098 9446
12560 6481 7371
7371 6481 12560
6481 7371 12560
8817 2163 3119
2163 3119 8817
3119 2163 8817
11628 5037 13588
13588 5037 11628
5037 11628 13588
1453 6990 8328
8328 1453 6990
6990 1453 8328
9461 382 11013
11013 382 9461
382 9461 11013
13904 1462 11695
1462 11695 13904
11695 1462 13904
4226 5240 10561
10561 4226 5240
5240 4226 10561
2221 8877 11040
11040 2221 8877
8877 2221 11040
620 8347 13563
8347 620 13563
13563 620 8347
4192 7793 10330
7793 4192 10330
10330 4192 7793
7800 9232 10081
9232 7800 10081
10081 7800 9232
14982 935 8494
935 8494 14982
8494 935 14982
13656 7637 13115
7637 13115 13656
13115 7637 13656
7340 9180 14458
14458 7340 9180
9180 7340 14458
14412 1461 13807
13807 1461 14412
1461 13807 14412
4913 8245 13643
13643 4913 8245
8245 4913 13643
2434 690 10701
690 2434 10701
10701 690 2434
11016 2875 4027
2875 4027 11016
4027 2875 11016
10864 1560 13762
13762 1560 10864
1560 10864 13762
14918 640 4908
640 4908 14918
4908 640 14918
366 1279 7216
1279 366 7216
7216 366 1279
12048 8171 9348
9348 8171 12048
8171 9348 12048
6159 4254 10845
4254 6159 10845
10845 4254 6159
26 3409 14732
3409 26 14732
14732 26 3409
4968 4561 14574
4561 4968 14574
14574 4561 4968
5795 9060 12594
12594 5795 9060
9060 5795 12594
3749 377 1726
1726 377 3749
377 1726 3749
8274 1444 12040
12040 1444 8274
1444 8274 12040
2186 3682 8214
8214 2186 3682
3682 2186 8214
4867 8403 12614
8403 4867 12614
12614 4867 8403
5463 2189 6431
6431 2189 5463
2189 5463 6431
1176 4280 6849
6849 1176 4280
4280 1176 6849
8583 2631 8343
2631 8343 8583
8343 2631 8583
140 2844 4900
4900 140 2844
2844 140 4900
12991 5319 10466
10466 5319 12991
5319 10466 12991
12068 10585 11049
10585 11049 12068
11049 10585 12068
13550 1203 8911
1203 8911 13550
8911 1203 13550
7043 1789 8554
1789 7043 8554
8554 1789 7043
2660 4042 9386
4042 2660 9386
9386 2660 4042
96 2394 4114
4114 96 2394
2394 96 4114
6120 848 1553
848 1553 6120
1553 848 6120
2345 4345 5530
5530 2345 4345
4345 2345 5530
5776 9988 12150
12150 5776 9988
9988 5776 12150
10372 4094 5835
4094 5835 10372
5835 4094 10372
1525 3274 3416
3416 1525 3274
3274 1525 3416
8835 2123 14696
2123 8835 14696
14696 2123 8835
11739 2612 5675
2612 5675 11739
5675 2612 11739
5164 4871 6116
4871 5164 6116
6116 4871 5164
5374 2182 9852
2182 5374 9852
9852 2182 5374
979 8448 14493
14493 979 8448
8448 979 14493
715 5662 8961
5662 715 8961
8961 715 5662
8988 8925 14496
8925 8988 14496
14496 8925 8988
13230 1020 5869
1020 5869 13230
5869 1020 13230
3985 157 1532
157 1532 3985
1532 157 3985
7873 1112 14213
14213 1112 7873
1112 7873 14213
168 12683 12942
12683 168 12942
12942 168 12683
13104 2122 3449
3449 2122 13104
2122 3449 13104
11448 12171 13741
12171 11448 13741
13741 11448 12171
3479 5081 13826
5081 3479 13826
13826 3479 5081
3973 9325 13428
13428 3973 9325
9325 3973 13428
11216 7987 14974
14974 7987 11216
7987 11216 14974
7895 5528 10048
10048 5528 7895
5528 7895 10048
6383 12523 14189
12523 6383 14189
14189 6383 12523
3828 4410 8747
4410 3828 8747
8747 3828 4410
4533 4121 5889
5889 4121 4533
4121 4533 5889
353 5691 12608
12608 353 5691
5691 353 12608
13187 2343 12902
12902 2343 13187
2343 12902 13187
1923 4917 8926
4917 1923 8926
8926 1923 4917
10700 2939 13253
2939 10700 13253
13253 2939 10700
4191 8912 10149
10149 4191 8912
8912 4191 10149
1073 9805 13392
13392 1073 9805
9805 1073 13392
3209 4928 13804
4928 3209 13804
13804 3209 4928
9878 5774 13089
13089 5774 9878
5774 9878 13089
8517 6010 13923
6010 8517 13923
13923 6010 8517
3576 6698 7726
6698 3576 7726
7726 3576 6698
5601 3144 7525
3144 5601 7525
7525 3144 5601
14964 1096 6951
6951 1096 14964
1096 6951 14964
13873 1272 6062
1272 6062 13873
6062 1272 13873
4184 1527 9666
1527 4184 9666
9666 1527 4184
13538 223 2227
223 2227 13538
2227 223 13538
2642 1694 12796
1694 2642 12796
12796 1694 2642
14376 5655 9975
9975 5655 14376
5655 9975 14376
6806 3493 12348
12348 3493 6806
3493 6806 12348
6271 10488 13709
13709 6271 10488
10488 6271 13709
9495 3567 9774
9774 3567 9495
3567 9495 9774
1933 10122 11640
10122 1933 11640
11640 1933 10122
13247 262 11201
262 11201 13247
11201 262 13247
11190 11546 11963
11546 11190 11963
11963 11190 11546
14395 2644 12892
12892 2644 14395
2644 12892 14395
11455 9012 14595
14595 9012 11455
9012 11455 14595
14371 9719 12242
9719 12242 14371
12242 9719 14371
11204 3023 4956
3023 4956 11204
4956 3023 11204
14584 4356 11577
11577 4356 14584
4356 11577 14584
10383 6720 7574
7574 6720 10383
6720 7574 10383
11719 1935 5414
5414 1935 11719
1935 5414 11719
12848 1721 13527
1721 12848 13527
13527 1721 12848
3698 12200 12696
12696 3698 12200
12200 3698 12696
1618 1019 1818
1019 1618 1818
1818 1019 1618
5289 9594 10859
9594 5289 10859
10859 5289 9594
13317 3505 11119
11119 3505 13317
3505 11119 13317
2016 4519 13619
13619 2016 4519
4519 2016 13619
11218 2387 6063
6063 2387 11218
2387 6063 11218
8858 2634 8691
8691 2634 8858
2634 8691 8858
14582 1193 4644
4644 1193 14582
1193 4644 14582
3770 3540 10504
10504 3540 3770
3540 3770 10504
1852 1201 6216
1201 1852 6216
