186 991 1136
1136 186 991
991 186 1136
1182 816 1306
816 1182 1306
1306 816 1182
339 636 1005
636 339 1005
1005 339 636
1201 1064 1080
1064 1080 1201
1080 1064 1201
1334 127 1035
127 1035 1334
1035 127 1334
657 318 952
318 657 952
952 318 657
1377 126 1339
126 1339 1377
1339 126 1377
967 226 428
428 226 967
226 428 967
1435 101 873
873 101 1435
101 873 1435
1194 109 899
899 109 1194
109 899 1194
735 9 1282
1282 9 735
9 735 1282
349 517 1438
1438 349 517
517 349 1438
1276 533 993
533 993 1276
993 533 1276
1254 332 1044
332 1044 1254
1044 332 1254
1138 65 1094
65 1094 1138
1094 65 1138
235 395 458
395 235 458
458 235 395
738 203 1343
203 738 1343
1343 203 738
1314 552 1111
552 1111 1314
1111 552 1314
946 130 1305
130 946 1305
1305 130 946
37 121 1324
121 37 1324
1324 37 121
43 220 1405
1405 43 220
220 43 1405
224 54 1247
54 224 1247
1247 54 224
111 679 1399
679 111 1399
1399 111 679
1310 265 334
265 334 1310
334 265 1310
998 1271 1400
1400 998 1271
1271 998 1400
599 581 737
581 599 737
737 581 599
502 696 757
757 502 696
696 502 757
767 1342 1448
1448 767 1342
1342 767 1448
414 441 1059
441 414 1059
1059 414 441
353 670 1209
670 353 1209
1209 353 670
323 1052 1061
1052 323 1061
1061 323 1052
292 351 780
351 292 780
780 292 351
429 193 655
655 193 429
193 429 655
63 669 707
707 63 669
669 63 707
294 1430 1481
1430 294 1481
1481 294 1430
869 454 1499
1499 454 869
454 869 1499
223 975 1431
1431 223 975
975 223 1431
1403 1060 1303
1060 1303 1403
1303 1060 1403
1078 1002 1106
1106 1002 1078
1002 1078 1106
245 475 1333
475 245 1333
1333 245 475
550 658 1487
658 550 1487
1487 550 658
932 999 1370
999 932 1370
1370 932 999
566 344 892
892 344 566
344 566 892
813 236 1143
1143 236 813
236 813 1143
1103 80 771
771 80 1103
80 771 1103
1058 868 929
929 868 1058
868 929 1058
1316 1027 1493
1493 1027 1316
1027 1316 1493
115 315 761
761 115 315
315 115 761
1426 219 958
958 219 1426
219 958 1426
1232 84 1293
84 1232 1293
1293 84 1232
851 1147 1491
1147 851 1491
1491 851 1147
1307 320 596
596 320 1307
320 596 1307
902 700 1327
700 902 1327
1327 700 902
1208 498 1203
1203 498 1208
498 1203 1208
1253 511 637
637 511 1253
511 637 1253
903 576 702
576 702 903
702 576 903
951 61 230
61 230 951
230 61 951
160 777 1469
1469 160 777
777 160 1469
624 457 466
457 466 624
466 457 624
841 955 959
955 841 959
959 841 955
691 258 1414
1414 258 691
258 691 1414
10 149 431
149 10 431
431 10 149
926 820 1244
1244 820 926
820 926 1244
1302 72 887
887 72 1302
72 887 1302
145 325 615
325 145 615
615 145 325
1068 189 1163
1163 189 1068
189 1068 1163
693 850 1066
850 693 1066
1066 693 850
981 417 1089
1089 417 981
417 981 1089
268 913 1458
913 268 1458
1458 268 913
1392 293 1097
293 1097 1392
1097 293 1392
128 114 1137
114 128 1137
1137 114 128
1131 742 1413
742 1131 1413
1413 742 1131
216 442 1221
1221 216 442
442 216 1221
391 40 1189
40 391 1189
1189 40 391
352 1 404
1 352 404
404 1 352
24 207 1188
1188 24 207
207 24 1188
228 921 1455
921 228 1455
1455 228 921
514 174 1173
174 514 1173
1173 174 514
44 601 775
775 44 601
601 44 775
918 242 394
242 394 918
394 242 918
589 784 1422
1422 589 784
784 589 1422
169 16 987
987 16 169
16 169 987
1337 468 1025
1025 468 1337
468 1025 1337
854 638 665
665 638 854
638 665 854
671 415 1490
415 671 1490
1490 415 671
1128 610 1226
610 1128 1226
1226 610 1128
170 282 912
282 170 912
912 170 282
600 241 714
714 241 600
241 600 714
234 524 1323
1323 234 524
524 234 1323
343 22 1429
22 343 1429
1429 22 343
125 559 884
559 125 884
884 125 559
1117 423 534
423 534 1117
534 423 1117
1224 483 1069
483 1069 1224
1069 483 1224
1421 1376 1386
1376 1386 1421
1386 1376 1421
460 137 171
137 171 460
171 137 460
164 649 793
793 164 649
649 164 793
580 106 906
106 580 906
906 106 580
213 631 1294
1294 213 631
631 213 1294
487 57 643
643 57 487
57 487 643
938 260 583
583 260 938
260 583 938
456 388 623
388 456 623
623 388 456
1261 880 989
989 880 1261
880 989 1261
747 20 753
753 20 747
20 747 753
1126 905 1268
1268 905 1126
905 1126 1268
1243 506 879
506 879 1243
879 506 1243
1051 155 247
247 155 1051
155 247 1051
927 782 872
872 782 927
782 872 927
1141 963 1065
963 1065 1141
1065 963 1141
983 828 1009
1009 828 983
828 983 1009
1397 1309 1459
1459 1309 1397
1309 1397 1459
933 1049 1135
1049 933 1135
1135 933 1049
1446 1199 1381
1381 1199 1446
1199 1381 1446
728 948 1497
1497 728 948
948 728 1497
486 398 1196
1196 398 486
398 486 1196
374 182 472
182 374 472
472 182 374
451 38 1463
1463 38 451
38 451 1463
1357 295 984
984 295 1357
295 984 1357
847 156 915
915 156 847
156 847 915
924 461 743
743 461 924
461 743 924
620 161 1149
1149 161 620
161 620 1149
806 98 202
98 202 806
202 98 806
322 1191 1383
1191 322 1383
1383 322 1191
1205 935 1171
935 1171 1205
1171 935 1205
95 863 1251
1251 95 863
863 95 1251
680 505 809
505 680 809
809 505 680
2 881 1162
1162 2 881
881 2 1162
555 1177 1179
1179 555 1177
1177 555 1179
488 194 667
194 488 667
667 194 488
1121 197 356
197 356 1121
356 197 1121
419 972 1176
972 419 1176
1176 419 972
1098 139 827
827 139 1098
139 827 1098
432 89 412
89 412 432
412 89 432
909 560 1214
1214 560 909
560 909 1214
8 762 1119
1119 8 762
762 8 1119
831 167 1379
1379 167 831
167 831 1379
1017 150 1150
1150 150 1017
150 1017 1150
834 403 1353
403 834 1353
1353 403 834
1132 825 1361
825 1132 1361
1361 825 1132
275 812 934
934 275 812
812 275 934
1142 229 1453
229 1142 1453
1453 229 1142
751 291 1108
1108 291 751
291 751 1108
1166 355 852
355 852 1166
852 355 1166
1056 547 1083
1083 547 1056
547 1056 1083
480 401 519
519 401 480
401 480 519
1192 1018 1275
1018 1192 1275
1275 1018 1192
577 689 1412
1412 577 689
689 577 1412
1140 473 727
727 473 1140
473 727 1140
1277 835 1085
835 1085 1277
1085 835 1277
1008 699 1457
699 1008 1457
1457 699 1008
163 606 1488
606 163 1488
1488 163 606
982 587 719
587 719 982
719 587 982
492 244 1382
1382 244 492
244 492 1382
553 123 231
231 123 553
123 231 553
1483 758 1330
758 1330 1483
1330 758 1483
1474 358 424
358 424 1474
424 358 1474
237 1411 1427
1427 237 1411
1411 237 1427
651 904 1468
904 651 1468
1468 651 904
1409 706 1193
1193 706 1409
706 1193 1409
314 32 503
503 32 314
32 314 503
408 42 1363
42 408 1363
1363 42 408
1101 943 1217
1217 943 1101
943 1101 1217
937 701 1454
1454 701 937
701 937 1454
1200 199 254
199 254 1200
254 199 1200
945 1120 1452
1452 945 1120
1120 945 1452
564 316 1394
1394 316 564
316 564 1394
1315 312 347
312 347 1315
347 312 1315
508 532 729
532 508 729
729 508 532
376 410 1485
410 376 1485
1485 376 410
288 324 1227
324 288 1227
1227 288 324
1016 261 1153
261 1016 1153
1153 261 1016
359 805 1415
1415 359 805
805 359 1415
305 303 957
303 305 957
957 303 305
86 528 1266
528 86 1266
1266 86 528
400 612 1456
1456 400 612
612 400 1456
1084 55 749
749 55 1084
55 749 1084
572 821 1223
1223 572 821
821 572 1223
47 143 798
143 47 798
798 47 143
299 50 1369
1369 50 299
50 299 1369
1437 221 1114
1114 221 1437
221 1114 1437
1267 327 1494
1494 327 1267
327 1267 1494
290 1039 1283
1283 290 1039
1039 290 1283
1070 14 1020
1020 14 1070
14 1020 1070
1319 433 459
433 459 1319
459 433 1319
1390 540 656
540 656 1390
656 540 1390
1167 66 962
66 962 1167
962 66 1167
380 676 1325
676 380 1325
1325 380 676
1312 936 1075
936 1075 1312
1075 936 1312
227 548 1263
548 227 1263
1263 227 548
218 773 1030
1030 218 773
773 218 1030
240 329 1238
329 240 1238
1238 240 329
1100 1210 1364
1364 1100 1210
1210 1100 1364
897 778 939
778 897 939
939 778 897
1304 256 1264
1264 256 1304
256 1264 1304
298 71 746
746 71 298
71 298 746
1388 176 1355
176 1355 1388
1355 176 1388
986 378 425
378 425 986
425 378 986
108 756 1265
756 108 1265
1265 108 756
191 996 1252
996 191 1252
1252 191 996
1375 233 1057
233 1057 1375
1057 233 1375
15 27 1358
27 15 1358
1358 15 27
954 69 297
297 69 954
69 297 954
153 185 338
338 153 185
185 153 338
205 725 876
725 205 876
876 205 725
509 712 1320
712 509 1320
1320 509 712
76 246 611
246 76 611
611 76 246
1181 541 739
739 541 1181
541 739 1181
464 889 1256
889 464 1256
1256 464 889
1033 73 263
73 263 1033
263 73 1033
894 132 1296
1296 132 894
132 894 1296
947 301 1186
1186 301 947
301 947 1186
549 79 103
79 103 549
103 79 549
1298 1113 1449
1449 1113 1298
1113 1298 1449
944 588 769
588 769 944
769 588 944
74 941 1420
1420 74 941
941 74 1420
372 568 1034
1034 372 568
568 372 1034
366 542 867
542 366 867
867 366 542
283 925 1206
1206 283 925
925 283 1206
625 184 1297
1297 184 625
184 625 1297
886 979 1204
1204 886 979
979 886 1204
674 571 722
571 674 722
722 571 674
1489 364 766
766 364 1489
364 766 1489
239 311 849
311 239 849
849 239 311
1133 801 1231
1231 801 1133
801 1133 1231
570 280 467
467 280 570
280 467 570
687 46 336
46 336 687
336 46 687
804 1242 1273
1273 804 1242
1242 804 1273
135 1134 1218
1218 135 1134
1134 135 1218
790 225 608
225 608 790
608 225 790
413 159 200
200 159 413
159 200 413
536 255 361
255 361 536
361 255 536
1032 337 1229
1229 337 1032
337 1032 1229
210 1425 1496
1425 210 1496
1496 210 1425
966 390 960
960 390 966
390 960 966
437 818 1329
818 437 1329
1329 437 818
795 1148 1249
1249 795 1148
1148 795 1249
672 716 1434
716 672 1434
1434 672 716
405 279 1237
1237 279 405
279 405 1237
1062 659 1351
659 1062 1351
1351 659 1062
622 491 1234
491 622 1234
1234 491 622
1014 300 755
755 300 1014
300 755 1014
1338 124 819
124 819 1338
819 124 1338
1197 807 1107
807 1107 1197
1107 807 1197
479 13 976
13 479 976
976 13 479
11 582 910
582 11 910
910 11 582
1170 112 1472
112 1170 1472
1472 112 1170
493 304 1450
304 493 1450
1450 304 493
520 248 1174
1174 248 520
248 520 1174
1123 49 1021
1021 49 1123
49 1021 1123
1345 474 871
474 871 1345
871 474 1345
215 309 1295
309 215 1295
1295 215 309
1356 1003 1352
1352 1003 1356
1003 1352 1356
523 518 1366
518 523 1366
1366 518 523
1090 360 618
360 618 1090
618 360 1090
362 1233 1250
1250 362 1233
1233 362 1250
157 1010 1063
1010 157 1063
1063 157 1010
1041 930 961
961 930 1041
930 961 1041
522 321 833
833 321 522
321 522 833
907 434 598
434 598 907
598 434 907
1374 23 628
23 628 1374
628 23 1374
1178 335 855
855 335 1178
335 855 1178
308 208 439
208 308 439
439 208 308
140 1228 1239
1239 140 1228
1228 140 1239
354 1006 1332
1332 354 1006
1006 354 1332
346 595 1081
595 346 1081
1081 346 595
476 803 1031
803 476 1031
1031 476 803
1026 711 1127
711 1026 1127
1127 711 1026
1038 832 1402
1402 832 1038
832 1038 1402
1258 1023 1424
1424 1023 1258
1023 1258 1424
465 82 859
859 82 465
82 465 859
1213 367 371
371 367 1213
367 371 1213
652 365 375
375 365 652
365 375 652
30 373 1130
373 30 1130
1130 30 373
162 35 45
45 35 162
35 45 162
1216 328 421
421 328 1216
328 421 1216
1072 94 436
436 94 1072
94 436 1072
92 85 545
545 85 92
85 92 545
965 97 131
97 131 965
131 97 965
764 449 1321
1321 449 764
449 764 1321
796 815 883
815 796 883
883 796 815
970 142 754
754 142 970
142 754 970
772 642 783
783 642 772
642 772 783
1492 1164 1464
1164 1464 1492
1464 1164 1492
950 516 734
734 516 950
516 734 950
678 141 1144
141 678 1144
1144 141 678
181 794 920
920 181 794
794 181 920
626 119 878
119 626 878
878 119 626
824 482 811
811 482 824
482 811 824
768 369 426
369 426 768
426 369 768
1335 653 786
653 786 1335
786 653 1335
1278 974 1416
974 1278 1416
1416 974 1278
70 496 1313
1313 70 496
496 70 1313
1436 277 836
836 277 1436
277 836 1436
1160 36 744
744 36 1160
36 744 1160
607 34 990
990 34 607
34 607 990
1168 558 1046
558 1046 1168
1046 558 1168
1428 685 1183
1183 685 1428
685 1183 1428
554 860 1365
1365 554 860
860 554 1365
673 266 1476
1476 266 673
266 673 1476
829 1184 1445
1184 829 1445
1445 829 1184
663 584 1477
584 663 1477
1477 584 663
639 68 1259
68 639 1259
1259 68 639
393 357 1139
357 393 1139
1139 357 393
296 188 891
188 296 891
891 188 296
1404 192 1157
1157 192 1404
192 1157 1404
18 489 1465
489 18 1465
1465 18 489
257 201 1240
1240 201 257
201 257 1240
635 750 1346
750 635 1346
1346 635 750
1288 500 923
500 923 1288
923 500 1288
1471 146 1391
146 1391 1471
1391 146 1471
837 848 940
940 837 848
848 837 940
575 416 1348
416 575 1348
1348 416 575
198 1257 1486
1486 198 1257
1257 198 1486
1378 211 842
842 211 1378
211 842 1378
602 368 1045
1045 368 602
368 602 1045
1279 443 688
443 688 1279
688 443 1279
715 478 823
823 478 715
478 715 823
133 686 1071
1071 133 686
686 133 1071
1371 695 1423
1423 695 1371
695 1371 1423
1255 287 1311
287 1255 1311
1311 287 1255
453 249 721
721 249 453
249 453 721
1158 546 1169
1169 546 1158
546 1158 1169
1396 1389 1482
1389 1396 1482
1482 1389 1396
633 562 1274
562 633 1274
1274 562 633
326 41 1326
1326 41 326
41 326 1326
995 574 922
922 574 995
574 922 995
774 621 988
621 774 988
988 621 774
826 446 681
681 446 826
446 681 826
99 21 797
797 21 99
21 99 797
1011 1290 1473
1473 1011 1290
1290 1011 1473
1498 267 578
267 578 1498
578 267 1498
1384 510 1500
1500 510 1384
510 1384 1500
302 664 1440
664 302 1440
1440 302 664
1091 1076 1380
1076 1091 1380
1380 1076 1091
720 1291 1340
1291 720 1340
1340 720 1291
232 147 1099
147 232 1099
1099 147 232
1222 52 917
917 52 1222
52 917 1222
619 760 898
898 619 760
760 619 898
1043 862 1165
1165 862 1043
862 1043 1165
117 183 614
614 117 183
183 117 614
1230 107 543
543 107 1230
107 543 1230
19 1145 1198
1198 19 1145
1145 19 1198
262 134 875
875 134 262
134 262 875
485 251 853
251 485 853
853 251 485
444 118 1055
118 444 1055
1055 118 444
1050 87 1095
87 1050 1095
1095 87 1050
1155 1048 1225
1048 1155 1225
1225 1048 1155
1067 605 1040
1040 605 1067
605 1040 1067
956 154 613
154 613 956
613 154 956
93 499 1124
499 93 1124
1124 93 499
284 253 752
752 253 284
253 284 752
274 29 317
29 274 317
317 29 274
177 217 597
217 177 597
597 177 217
406 286 708
286 406 708
708 286 406
890 452 840
840 452 890
452 840 890
1154 399 455
455 399 1154
399 455 1154
1245 204 895
204 895 1245
895 204 1245
800 62 333
333 62 800
62 333 800
1086 1007 1432
1432 1007 1086
1007 1086 1432
556 7 1317
1317 7 556
7 556 1317
565 165 1301
165 565 1301
1301 165 565
409 152 490
490 152 409
152 409 490
718 31 484
31 484 718
484 31 718
1480 77 1484
1484 77 1480
77 1480 1484
810 1269 1299
1269 810 1299
1299 810 1269
785 477 1368
1368 477 785
477 785 1368
1418 1112 1466
1466 1112 1418
1112 1418 1466
1354 609 713
609 713 1354
713 609 1354
1347 497 1236
497 1236 1347
1236 497 1347
1350 731 741
741 731 1350
731 741 1350
692 348 445
445 348 692
348 445 692
1152 438 911
911 438 1152
438 911 1152
120 278 585
585 120 278
278 120 585
723 591 684
591 684 723
684 591 723
632 1285 1470
1285 632 1470
1470 632 1285
1077 340 1161
1161 340 1077
340 1077 1161
1219 386 462
386 462 1219
462 386 1219
447 285 307
285 307 447
307 285 447
858 383 919
383 858 919
919 383 858
471 710 814
710 471 814
814 471 710
808 709 1079
709 808 1079
1079 709 808
195 289 969
289 195 969
969 195 289
590 330 870
330 590 870
870 330 590
276 81 342
342 81 276
81 276 342
363 1195 1360
1360 363 1195
1195 363 1360
384 6 928
928 6 384
6 384 928
997 530 736
530 736 997
736 530 997
971 377 1410
377 971 1410
1410 377 971
1001 385 1341
1341 385 1001
385 1001 1341
513 675 1116
1116 513 675
675 513 1116
122 781 1270
781 122 1270
1270 122 781
243 567 874
567 243 874
874 243 567
212 792 1443
792 212 1443
1443 212 792
529 252 1202
252 529 1202
1202 252 529
331 893 1073
893 331 1073
1073 331 893
843 630 799
630 799 843
799 630 843
1246 845 1115
1115 845 1246
845 1115 1246
90 1308 1349
1349 90 1308
1308 90 1349
1362 662 1028
1028 662 1362
662 1028 1362
1105 12 617
12 617 1105
617 12 1105
64 703 1054
703 64 1054
1054 64 703
1241 838 1151
838 1151 1241
1151 838 1241
1092 397 846
846 397 1092
397 846 1092
557 48 634
634 48 557
48 557 634
968 765 1036
1036 765 968
765 968 1036
28 573 1336
1336 28 573
573 28 1336
1024 105 1042
105 1024 1042
1042 105 1024
172 166 759
166 172 759
759 166 172
222 579 586
579 222 586
586 222 579
1318 646 977
646 977 1318
977 646 1318
1385 592 1461
592 1385 1461
1461 592 1385
668 779 791
779 668 791
791 668 779
178 110 931
931 110 178
110 178 931
129 1096 1447
1096 129 1447
1447 129 1096
538 1082 1292
1292 538 1082
1082 538 1292
1286 151 916
151 916 1286
916 151 1286
402 56 865
56 402 865
865 56 402
980 60 407
407 60 980
60 407 980
1401 877 1417
877 1401 1417
1417 877 1401
281 196 994
994 196 281
196 281 994
661 654 973
654 661 973
973 654 661
1215 563 677
563 677 1215
677 563 1215
844 113 705
705 113 844
113 705 844
817 379 882
379 817 882
882 379 817
504 900 1372
1372 504 900
900 504 1372
1439 51 763
763 51 1439
51 763 1439
270 306 1159
1159 270 306
306 270 1159
1344 427 1185
427 1185 1344
1185 427 1344
310 418 1475
418 310 1475
1475 310 418
627 1248 1328
1328 627 1248
1248 627 1328
537 896 1408
1408 537 896
896 537 1408
864 730 1102
730 864 1102
1102 730 864
641 88 1156
88 641 1156
1156 88 641
704 269 420
269 420 704
420 269 704
214 463 526
526 214 463
463 214 526
1129 250 866
250 866 1129
866 250 1129
387 450 901
901 387 450
450 387 901
175 5 1146
1146 5 175
5 175 1146
104 788 949
949 104 788
788 104 949
733 206 469
469 206 733
206 469 733
531 525 683
683 525 531
525 531 683
1398 313 1118
1118 313 1398
313 1118 1398
271 17 392
17 271 392
392 17 271
4 1175 1211
1175 4 1211
1211 4 1175
1387 1207 1281
1281 1207 1387
1207 1281 1387
91 238 272
238 91 272
272 91 238
507 3 1022
1022 3 507
3 507 1022
1012 1110 1235
1235 1012 1110
1110 1012 1235
964 440 861
440 861 964
861 440 964
1260 494 616
494 616 1260
616 494 1260
39 102 370
102 39 370
370 39 102
1331 67 209
67 209 1331
209 67 1331
435 173 515
173 435 515
515 173 435
1187 138 1373
1373 138 1187
138 1187 1373
953 59 1013
59 953 1013
1013 59 953
1367 1104 1289
1289 1104 1367
1104 1289 1367
527 187 857
187 527 857
857 187 527
179 660 1451
660 179 1451
1451 179 660
1015 75 726
75 726 1015
726 75 1015
822 350 604
350 604 822
604 350 822
58 78 694
78 58 694
694 58 78
1433 521 690
690 521 1433
521 690 1433
396 512 1495
512 396 1495
1495 396 512
1322 748 1478
1478 748 1322
748 1322 1478
1074 53 1047
1047 53 1074
53 1047 1074
1284 33 978
33 978 1284
978 33 1284
666 593 1359
593 666 1359
1359 593 666
1460 603 888
888 603 1460
603 888 1460
1004 740 1000
1000 740 1004
740 1000 1004
1444 682 1122
1122 682 1444
682 1122 1444
319 539 1190
1190 319 539
539 319 1190
411 789 839
789 411 839
839 411 789
1088 422 908
422 908 1088
908 422 1088
644 594 776
594 644 776
776 594 644
645 190 1172
190 645 1172
1172 190 645
382 448 1019
448 382 1019
1019 382 448
25 787 802
787 25 802
802 25 787
985 1087 1393
1087 985 1393
1393 985 1087
551 717 992
717 551 992
992 551 717
158 100 942
100 158 942
942 100 158
1407 273 1442
273 1407 1442
1442 273 1407
341 168 629
629 168 341
168 341 629
389 647 1280
1280 389 647
647 389 1280
501 83 1212
83 501 1212
1212 83 501
1029 561 1262
561 1029 1262
1262 561 1029
885 26 856
856 26 885
26 856 885
698 470 1037
470 698 1037
1037 470 698
1109 96 144
144 96 1109
96 144 1109
259 116 1419
116 259 1419
1419 116 259
136 1300 1441
1441 136 1300
1300 136 1441
1272 148 640
148 640 1272
640 148 1272
1287 569 745
745 569 1287
569 745 1287
732 430 1467
1467 430 732
430 732 1467
770 544 1093
544 770 1093
1093 544 770
1462 495 1479
1479 495 1462
495 1462 1479
914 481 535
535 481 914
481 535 914
1220 345 650
650 345 1220
345 650 1220
180 724 1406
1406 180 724
724 180 1406
1125 697 1180
1180 697 1125
697 1125 1180
830 648 1053
1053 648 830
648 830 1053
1395 264 381
381 264 1395
264 381 1395
