13839 3173 5397
3173 5397 13839
5397 3173 13839
2913 3601 9064
9064 2913 3601
3601 2913 9064
8662 4932 11480
11480 4932 8662
4932 8662 11480
7405 5923 9169
9169 5923 7405
5923 7405 9169
11787 1925 4817
1925 4817 11787
4817 1925 11787
14820 2784 7264
7264 2784 14820
2784 7264 14820
14778 1390 6750
1390 6750 14778
6750 1390 14778
273 5537 14998
5537 273 14998
14998 273 5537
1823 2407 12152
12152 1823 2407
2407 1823 12152
1742 6960 12059
6960 1742 12059
12059 1742 6960
9139 840 10294
840 9139 10294
10294 840 9139
3963 520 12398
12398 520 3963
520 3963 12398
818 2832 10621
2832 818 10621
10621 818 2832
1338 760 7099
760 1338 7099
7099 760 1338
3349 11810 14012
11810 3349 14012
14012 3349 11810
14987 9493 14416
9493 14416 14987
14416 9493 14987
6648 7436 14712
7436 6648 14712
14712 6648 7436
10356 3386 5624
3386 5624 10356
5624 3386 10356
11465 8793 14260
8793 11465 14260
14260 8793 11465
237 4571 4721
4571 237 4721
4721 237 4571
2765 2383 6350
6350 2383 2765
2383 2765 6350
6844 6231 6920
6231 6844 6920
6920 6231 6844
14059 3264 14745
14745 3264 14059
3264 14059 14745
10524 13929 14937
14937 10524 13929
13929 10524 14937
9882 12574 13610
12574 9882 13610
13610 9882 12574
11178 3231 8964
8964 3231 11178
3231 8964 11178
3972 2248 13122
13122 2248 3972
2248 3972 13122
2839 3659 14730
3659 2839 14730
14730 2839 3659
3616 5402 13270
13270 3616 5402
5402 3616 13270
8147 10230 11901
10230 8147 11901
11901 8147 10230
1972 8779 13854
8779 1972 13854
13854 1972 8779
527 9942 13328
9942 527 13328
13328 527 9942
1657 3097 9721
3097 1657 9721
9721 1657 3097
14288 7486 7574
7574 7486 14288
7486 7574 14288
2690 13247 13530
13247 2690 13530
13530 2690 13247
9936 1303 2502
1303 2502 9936
2502 1303 9936
8387 393 2104
393 2104 8387
2104 393 8387
9820 10738 13415
10738 9820 13415
13415 9820 10738
8727 3411 4876
3411 4876 8727
4876 3411 8727
9292 1783 2993
2993 1783 9292
1783 2993 9292
6572 4948 10181
10181 4948 6572
4948 6572 10181
11346 6816 7649
7649 6816 11346
6816 7649 11346
13685 9745 10075
10075 9745 13685
9745 10075 13685
11912 5941 13424
5941 11912 13424
13424 5941 11912
5192 620 3010
620 3010 5192
3010 620 5192
9486 898 6558
898 6558 9486
6558 898 9486
2790 8271 8902
8271 2790 8902
8902 2790 8271
13271 807 5356
5356 807 13271
807 5356 13271
120 3063 8338
3063 120 8338
8338 120 3063
10286 3295 12042
12042 3295 10286
3295 10286 12042
247 3491 11294
3491 247 11294
11294 247 3491
4793 271 1442
1442 271 4793
271 1442 4793
13489 8946 12486
12486 8946 13489
8946 12486 13489
11461 1543 6258
1543 6258 11461
6258 1543 11461
8451 1078 8546
1078 8451 8546
8546 1078 8451
6485 555 9168
9168 555 6485
555 6485 9168
7022 9537 12119
12119 7022 9537
9537 7022 12119
8821 2461 14330
2461 8821 14330
14330 2461 8821
6855 11317 12899
11317 6855 12899
12899 6855 11317
6498 7388 13514
7388 6498 13514
13514 6498 7388
3228 10878 13752
10878 3228 13752
13752 3228 10878
12352 242 10361
10361 242 12352
242 10361 12352
1359 1217 5799
1217 1359 5799
5799 1217 1359
195 2048 5336
2048 195 5336
5336 195 2048
819 9586 13176
9586 819 13176
13176 819 9586
1393 6622 12566
6622 1393 12566
12566 1393 6622
11643 19 11372
19 11372 11643
11372 19 11643
7278 7258 13899
13899 7258 7278
7258 7278 13899
10547 241 3169
241 3169 10547
3169 241 10547
8597 13401 13595
13401 8597 13595
13595 8597 13401
5677 5522 14630
14630 5522 5677
5522 5677 14630
2007 6520 10813
6520 2007 10813
10813 2007 6520
5733 1050 8488
1050 5733 8488
8488 1050 5733
1131 446 5287
5287 446 1131
446 1131 5287
8276 6065 9656
9656 6065 8276
6065 8276 9656
2052 108 7023
7023 108 2052
108 2052 7023
10891 728 6701
728 6701 10891
6701 728 10891
14634 7511 10512
7511 10512 14634
10512 7511 14634
14137 1787 12629
12629 1787 14137
1787 12629 14137
8853 1573 3913
3913 1573 8853
1573 3913 8853
8495 3939 6084
3939 6084 8495
6084 3939 8495
1453 2242 13794
2242 1453 13794
13794 1453 2242
6386 3322 6037
3322 6037 6386
6037 3322 6386
14508 3182 14379
14379 3182 14508
3182 14379 14508
1015 4541 9181
4541 1015 9181
9181 1015 4541
1864 1021 9110
9110 1021 1864
1021 1864 9110
8954 8826 9683
8826 8954 9683
9683 8826 8954
13573 3603 6567
6567 3603 13573
3603 6567 13573
12986 2270 5657
2270 5657 12986
5657 2270 12986
425 80 10491
80 425 10491
10491 80 425
10777 5130 7180
7180 5130 10777
5130 7180 10777
4510 2909 9028
9028 2909 4510
2909 4510 9028
12643 9971 10586
10586 9971 12643
9971 10586 12643
173 2473 3481
3481 173 2473
2473 173 3481
8494 1664 8259
1664 8259 8494
8259 1664 8494
12693 3417 12328
3417 12328 12693
12328 3417 12693
8237 7691 8764
7691 8237 8764
8764 7691 8237
1250 3119 6165
6165 1250 3119
3119 1250 6165
11141 2108 12378
12378 2108 11141
2108 11141 12378
6226 505 5512
5512 505 6226
505 5512 6226
10051 905 5406
5406 905 10051
905 5406 10051
3953 1357 9608
9608 1357 3953
1357 3953 9608
10182 3460 10483
3460 10182 10483
10483 3460 10182
8325 6363 7986
6363 7986 8325
7986 6363 8325
8916 11259 12449
11259 8916 12449
12449 8916 11259
3206 4311 9981
9981 3206 4311
4311 3206 9981
9290 8998 9414
8998 9290 9414
9414 8998 9290
2704 6355 13949
13949 2704 6355
6355 2704 13949
3276 11065 13826
13826 3276 11065
11065 3276 13826
9323 11762 13996
13996 9323 11762
11762 9323 13996
6009 7563 10593
10593 6009 7563
7563 6009 10593
11010 2684 6683
6683 2684 11010
2684 6683 11010
11811 1591 2689
1591 2689 11811
2689 1591 11811
13811 1660 14548
14548 1660 13811
1660 13811 14548
90 8521 13131
13131 90 8521
8521 90 13131
2972 6826 14926
6826 2972 14926
14926 2972 6826
9637 5731 9647
9647 5731 9637
5731 9637 9647
3707 526 10910
526 3707 10910
10910 526 3707
2344 11435 11648
11435 2344 11648
11648 2344 11435
12039 2895 3809
3809 2895 12039
2895 3809 12039
14305 3633 6640
3633 6640 14305
6640 3633 14305
2460 1224 11256
11256 1224 2460
1224 2460 11256
9087 5683 9811
5683 9087 9811
9811 5683 9087
10809 7101 11574
11574 7101 10809
7101 10809 11574
11947 8969 12727
8969 11947 12727
12727 8969 11947
12355 4091 14713
4091 12355 14713
14713 4091 12355
3498 713 8301
8301 713 3498
713 3498 8301
14215 283 5648
283 5648 14215
5648 283 14215
2622 5403 11030
11030 2622 5403
5403 2622 11030
7924 7672 14531
7672 7924 14531
14531 7672 7924
3193 6546 9226
6546 3193 9226
9226 3193 6546
4086 2249 12772
12772 2249 4086
2249 4086 12772
11748 2700 14209
14209 2700 11748
2700 11748 14209
5218 6144 7001
6144 5218 7001
7001 5218 6144
314 2511 6426
2511 314 6426
6426 314 2511
1101 2264 7925
2264 1101 7925
7925 1101 2264
8605 10816 12131
10816 8605 12131
12131 8605 10816
3470 6978 12161
12161 3470 6978
6978 3470 12161
10467 11218 12108
12108 10467 11218
11218 10467 12108
5092 3614 6376
6376 3614 5092
3614 5092 6376
5196 394 13812
13812 394 5196
394 5196 13812
6603 4258 13079
13079 4258 6603
4258 6603 13079
140 3326 5128
3326 140 5128
5128 140 3326
13546 2948 6119
6119 2948 13546
2948 6119 13546
13954 9434 14165
14165 9434 13954
9434 13954 14165
12292 8661 9050
9050 8661 12292
8661 9050 12292
6497 4570 8780
8780 4570 6497
4570 6497 8780
11217 6452 12329
12329 6452 11217
6452 11217 12329
13607 4099 13362
4099 13362 13607
13362 4099 13607
4863 5695 8049
5695 4863 8049
8049 4863 5695
3541 4120 7188
4120 3541 7188
7188 3541 4120
11634 10868 13385
10868 11634 13385
13385 10868 11634
11671 9042 14380
14380 9042 11671
9042 11671 14380
5290 12379 13706
13706 5290 12379
12379 5290 13706
10570 4023 12865
4023 10570 12865
12865 4023 10570
12998 2760 13534
2760 12998 13534
13534 2760 12998
371 9296 12824
12824 371 9296
9296 371 12824
2464 12339 12779
12339 2464 12779
12779 2464 12339
4427 2973 12733
12733 2973 4427
2973 4427 12733
1158 6522 10216
6522 1158 10216
10216 1158 6522
362 4381 11425
11425 362 4381
4381 362 11425
11614 6140 9516
9516 6140 11614
6140 9516 11614
5035 6759 6848
6759 5035 6848
6848 5035 6759
1271 2592 13598
13598 1271 2592
2592 1271 13598
10402 809 6704
809 6704 10402
6704 809 10402
2491 5345 6866
6866 2491 5345
5345 2491 6866
2663 11541 12949
12949 2663 11541
11541 2663 12949
7865 4128 13861
4128 7865 13861
13861 4128 7865
8291 6157 10226
10226 6157 8291
6157 8291 10226
13128 7718 13911
7718 13128 13911
13911 7718 13128
4180 566 13920
13920 566 4180
566 4180 13920
10162 1333 13638
13638 1333 10162
1333 10162 13638
768 7 12942
12942 7 768
7 768 12942
11532 1459 7360
1459 7360 11532
7360 1459 11532
1072 2489 10441
10441 1072 2489
2489 1072 10441
8234 914 14827
914 8234 14827
14827 914 8234
3451 10659 14216
10659 3451 14216
14216 3451 10659
11002 295 11131
295 11002 11131
11131 295 11002
2311 3994 4458
4458 2311 3994
3994 2311 4458
10492 1082 8802
1082 8802 10492
8802 1082 10492
2530 5595 6853
5595 2530 6853
6853 2530 5595
7806 3943 5295
5295 3943 7806
3943 5295 7806
9788 4397 13611
13611 4397 9788
4397 9788 13611
6566 4924 6421
6421 4924 6566
4924 6421 6566
855 10626 12785
12785 855 10626
10626 855 12785
9886 7716 7830
7830 7716 9886
7716 7830 9886
894 10515 13313
10515 894 13313
13313 894 10515
9990 5664 11310
11310 5664 9990
5664 9990 11310
5116 2363 7006
7006 2363 5116
2363 5116 7006
13922 11877 12738
12738 11877 13922
11877 12738 13922
10042 3586 14782
14782 3586 10042
3586 10042 14782
12799 4831 8444
4831 8444 12799
8444 4831 12799
7640 8264 12969
12969 7640 8264
8264 7640 12969
11282 3553 5784
5784 3553 11282
3553 5784 11282
638 5485 6369
5485 638 6369
6369 638 5485
4184 5771 13830
13830 4184 5771
5771 4184 13830
1754 1313 3503
3503 1313 1754
1313 1754 3503
9029 2561 13321
13321 2561 9029
2561 9029 13321
5789 9526 9707
9707 5789 9526
9526 5789 9707
14669 10527 13941
13941 10527 14669
10527 13941 14669
5740 2923 6820
2923 5740 6820
6820 2923 5740
933 13661 14365
14365 933 13661
13661 933 14365
544 3031 4103
3031 544 4103
4103 544 3031
887 7565 11786
11786 887 7565
7565 887 11786
523 1584 14523
1584 523 14523
14523 523 1584
11645 832 854
854 832 11645
832 854 11645
1139 7813 7908
7813 1139 7908
7908 1139 7813
4816 4958 5712
4958 4816 5712
5712 4816 4958
1449 9288 12611
12611 1449 9288
9288 1449 12611
14292 5775 12413
12413 5775 14292
5775 12413 14292
9573 6858 12345
6858 9573 12345
12345 6858 9573
5472 12089 12350
12350 5472 12089
12089 5472 12350
8747 2646 13323
2646 8747 13323
13323 2646 8747
4130 453 2490
2490 453 4130
453 2490 4130
2355 3705 14688
3705 2355 14688
14688 2355 3705
11230 597 11580
597 11230 11580
11580 597 11230
322 321 6318
6318 321 322
321 322 6318
10197 6026 7356
6026 7356 10197
7356 6026 10197
11778 5271 13458
5271 11778 13458
13458 5271 11778
3618 2746 12637
12637 2746 3618
2746 3618 12637
5105 6407 11654
11654 5105 6407
6407 5105 11654
13366 9834 11898
9834 11898 13366
11898 9834 13366
40 9622 14597
9622 40 14597
14597 40 9622
13189 10421 10424
10424 10421 13189
10421 10424 13189
665 4855 11882
11882 665 4855
4855 665 11882
13725 7685 8854
7685 8854 13725
8854 7685 13725
9629 5207 12230
12230 5207 9629
5207 9629 12230
8970 4519 14214
14214 4519 8970
4519 8970 14214
10962 1703 3792
3792 1703 10962
1703 3792 10962
2693 6098 11885
6098 2693 11885
11885 2693 6098
1275 1891 7039
7039 1275 1891
1891 1275 7039
10870 3047 4965
3047 4965 10870
4965 3047 10870
2771 6620 8060
6620 2771 8060
8060 2771 6620
7510 3471 12139
12139 3471 7510
3471 7510 12139
13379 2151 8520
8520 2151 13379
2151 8520 13379
13227 3340 12734
12734 3340 13227
3340 12734 13227
5660 6491 12009
6491 5660 12009
12009 5660 6491
9359 4038 9802
9802 4038 9359
4038 9359 9802
13732 1300 8837
8837 1300 13732
1300 8837 13732
3183 2331 9193
2331 3183 9193
9193 2331 3183
2174 1849 14375
1849 2174 14375
14375 1849 2174
7890 4622 7086
7086 4622 7890
4622 7086 7890
11016 6031 12062
6031 11016 12062
12062 6031 11016
11481 9789 11034
9789 11034 11481
11034 9789 11481
12713 10280 13933
13933 10280 12713
10280 12713 13933
1999 3559 8364
3559 1999 8364
8364 1999 3559
2303 601 9440
601 2303 9440
9440 601 2303
3680 9286 11515
11515 3680 9286
9286 3680 11515
4459 4345 9444
9444 4345 4459
4345 4459 9444
6262 3009 6947
3009 6262 6947
6947 3009 6262
3628 1430 6312
1430 3628 6312
6312 1430 3628
10381 12642 14073
12642 10381 14073
14073 10381 12642
12168 7985 11961
7985 11961 12168
11961 7985 12168
14361 175 9930
9930 175 14361
175 9930 14361
13517 10448 14325
10448 13517 14325
14325 10448 13517
2581 4039 13255
13255 2581 4039
4039 2581 13255
13678 13344 14494
14494 13344 13678
13344 13678 14494
2939 758 10365
10365 758 2939
758 2939 10365
441 6773 10129
10129 441 6773
6773 441 10129
8731 2145 2495
2145 2495 8731
2495 2145 8731
10863 405 10329
10329 405 10863
405 10329 10863
13894 9649 14802
14802 9649 13894
9649 13894 14802
9646 1737 13637
13637 1737 9646
1737 9646 13637
6695 1722 6771
1722 6695 6771
6771 1722 6695
3131 623 8410
623 3131 8410
8410 623 3131
7331 1317 3706
1317 3706 7331
3706 1317 7331
12286 1858 8791
1858 8791 12286
8791 1858 12286
5054 6222 13800
6222 5054 13800
13800 5054 6222
6943 13645 14079
13645 6943 14079
14079 6943 13645
12460 3524 7897
7897 3524 12460
3524 7897 12460
8469 2707 3551
3551 2707 8469
2707 3551 8469
65 14621 14684
14621 65 14684
14684 65 14621
6933 4084 14112
14112 4084 6933
4084 6933 14112
7021 486 3515
3515 486 7021
486 3515 7021
1294 275 12729
12729 275 1294
275 1294 12729
8169 3090 10008
3090 8169 10008
10008 3090 8169
12451 9313 13897
9313 12451 13897
13897 9313 12451
2494 3605 9927
3605 2494 9927
9927 2494 3605
14657 3377 3635
3635 3377 14657
3377 3635 14657
3663 753 7877
753 3663 7877
7877 753 3663
11723 3946 13819
13819 3946 11723
3946 11723 13819
426 7136 9550
9550 426 7136
7136 426 9550
14297 10703 14886
10703 14297 14886
14886 10703 14297
8517 6015 14251
6015 8517 14251
14251 6015 8517
13420 673 8993
673 8993 13420
8993 673 13420
239 2529 3064
3064 239 2529
2529 239 3064
12877 6200 8249
6200 8249 12877
8249 6200 12877
12026 2873 3704
2873 3704 12026
3704 2873 12026
11864 10978 11869
11869 10978 11864
10978 11864 11869
11539 8026 10649
10649 8026 11539
8026 10649 11539
187 5506 13315
5506 187 13315
13315 187 5506
1392 12144 14050
14050 1392 12144
12144 1392 14050
2600 481 1327
481 1327 2600
1327 481 2600
2176 9648 11128
9648 2176 11128
11128 2176 9648
3655 8426 10709
10709 3655 8426
8426 3655 10709
7783 2453 11081
11081 2453 7783
2453 7783 11081
3589 6555 10779
10779 3589 6555
6555 3589 10779
10729 248 972
972 248 10729
248 972 10729
14995 1871 11819
11819 1871 14995
1871 11819 14995
6154 11494 12912
12912 6154 11494
11494 6154 12912
1791 2139 8666
2139 1791 8666
8666 1791 2139
8422 1117 7747
7747 1117 8422
1117 7747 8422
711 2770 10551
10551 711 2770
2770 711 10551
2809 4698 5401
5401 2809 4698
4698 2809 5401
879 7056 9693
7056 879 9693
9693 879 7056
2640 11827 14134
14134 2640 11827
11827 2640 14134
2266 5913 10892
5913 2266 10892
10892 2266 5913
10179 3532 5600
5600 3532 10179
3532 5600 10179
9829 2807 5318
2807 5318 9829
5318 2807 9829
3538 3209 3577
3209 3538 3577
3577 3209 3538
12100 9300 12974
9300 12100 12974
12974 9300 12100
1121 7470 8476
7470 1121 8476
8476 1121 7470
5309 1022 6912
6912 1022 5309
1022 5309 6912
6550 10303 12536
12536 6550 10303
10303 6550 12536
10584 1401 8493
1401 8493 10584
8493 1401 10584
8477 1470 2388
1470 2388 8477
2388 1470 8477
12522 3767 6039
3767 6039 12522
6039 3767 12522
7308 298 14804
298 7308 14804
14804 298 7308
11078 2120 3351
2120 3351 11078
3351 2120 11078
6346 1681 4144
1681 4144 6346
4144 1681 6346
724 1118 3702
1118 724 3702
3702 724 1118
8044 2251 10613
2251 8044 10613
10613 2251 8044
6923 9250 14447
14447 6923 9250
9250 6923 14447
541 5145 12797
5145 541 12797
12797 541 5145
5890 6061 13105
6061 5890 13105
13105 5890 6061
2691 2054 12030
12030 2054 2691
2054 2691 12030
2367 4968 9155
9155 2367 4968
4968 2367 9155
2882 1160 11196
11196 1160 2882
1160 2882 11196
14580 2195 13204
2195 13204 14580
13204 2195 14580
7903 2315 9767
2315 7903 9767
9767 2315 7903
5661 342 12129
12129 342 5661
342 5661 12129
1412 8720 14671
14671 1412 8720
8720 1412 14671
8614 3497 13365
3497 8614 13365
13365 3497 8614
7298 1889 9077
1889 7298 9077
9077 1889 7298
3138 2750 8491
8491 2750 3138
2750 3138 8491
14586 4243 13782
13782 4243 14586
4243 13782 14586
10149 7899 14352
7899 10149 14352
14352 7899 10149
2754 8070 9216
8070 2754 9216
9216 2754 8070
9317 3336 4603
3336 4603 9317
4603 3336 9317
8109 3760 13034
3760 8109 13034
13034 3760 8109
8082 2527 6664
6664 2527 8082
2527 6664 8082
10639 1325 13386
13386 1325 10639
1325 10639 13386
5594 12404 14333
12404 5594 14333
14333 5594 12404
14759 8883 11962
8883 11962 14759
11962 8883 14759
14229 456 9315
456 9315 14229
9315 456 14229
11993 12488 13373
12488 11993 13373
13373 11993 12488
12330 9461 12275
9461 12275 12330
12275 9461 12330
13200 4392 10823
4392 10823 13200
10823 4392 13200
8741 1199 10017
10017 1199 8741
1199 8741 10017
8400 7677 11148
11148 7677 8400
7677 8400 11148
11240 4709 5178
5178 4709 11240
4709 5178 11240
8292 4471 12045
4471 8292 12045
12045 4471 8292
8589 1230 2186
1230 2186 8589
2186 1230 8589
1024 4030 11571
4030 1024 11571
11571 1024 4030
2518 4579 7288
4579 2518 7288
7288 2518 4579
14245 3712 11702
11702 3712 14245
3712 11702 14245
2986 10380 11254
10380 2986 11254
11254 2986 10380
11423 2240 5343
2240 5343 11423
5343 2240 11423
5650 8258 14431
14431 5650 8258
8258 5650 14431
6957 1735 14225
1735 6957 14225
14225 1735 6957
5108 2320 3472
2320 3472 5108
3472 2320 5108
11945 2411 2648
2648 2411 11945
2411 2648 11945
7328 5394 12700
5394 7328 12700
12700 5394 7328
7242 1252 9468
1252 7242 9468
9468 1252 7242
2184 8850 14265
14265 2184 8850
8850 2184 14265
10171 3186 14685
3186 10171 14685
14685 3186 10171
3560 10069 12796
10069 3560 12796
12796 3560 10069
5747 4443 11567
4443 5747 11567
11567 4443 5747
8643 1940 10057
1940 8643 10057
10057 1940 8643
11445 3735 10966
10966 3735 11445
3735 10966 11445
14700 179 5769
179 5769 14700
5769 179 14700
11377 5686 11700
11700 5686 11377
5686 11377 11700
6749 1696 14606
1696 6749 14606
14606 1696 6749
2570 153 5120
153 2570 5120
5120 153 2570
6487 1794 7346
1794 6487 7346
7346 1794 6487
4009 1633 11785
1633 4009 11785
11785 1633 4009
583 919 11705
11705 583 919
919 583 11705
1248 6529 11070
11070 1248 6529
6529 1248 11070
13643 1326 2208
2208 1326 13643
1326 2208 13643
7726 622 4379
622 4379 7726
4379 622 7726
10883 8326 10282
10282 8326 10883
8326 10282 10883
2405 5819 8899
5819 2405 8899
8899 2405 5819
72 10911 14734
10911 72 14734
14734 72 10911
5109 1745 13184
1745 5109 13184
13184 1745 5109
1232 669 6784
669 1232 6784
6784 669 1232
14790 5873 6374
5873 6374 14790
6374 5873 14790
6578 8599 12952
8599 6578 12952
12952 6578 8599
3337 3126 10240
10240 3126 3337
3126 3337 10240
7656 3402 12906
3402 7656 12906
12906 3402 7656
4517 118 6400
118 4517 6400
6400 118 4517
9590 1937 4512
1937 4512 9590
4512 1937 9590
1258 9943 10560
9943 1258 10560
10560 1258 9943
3818 6768 13261
13261 3818 6768
6768 3818 13261
7776 99 1008
1008 99 7776
99 1008 7776
5136 3928 7117
7117 3928 5136
3928 5136 7117
14786 3384 7720
7720 3384 14786
3384 7720 14786
12883 3361 14884
14884 3361 12883
3361 12883 14884
4554 1876 4540
4540 1876 4554
1876 4540 4554
3717 5903 13603
5903 3717 13603
13603 3717 5903
13298 2569 4351
4351 2569 13298
2569 4351 13298
9515 6305 10755
6305 9515 10755
10755 6305 9515
8951 1007 9343
1007 8951 9343
9343 1007 8951
7523 4969 9852
4969 7523 9852
9852 4969 7523
10186 791 1632
791 1632 10186
1632 791 10186
11039 573 12534
12534 573 11039
573 11039 12534
6439 6684 8811
6684 6439 8811
8811 6439 6684
8783 5831 6103
5831 6103 8783
6103 5831 8783
4082 595 3442
3442 595 4082
595 3442 4082
14878 2150 10431
2150 10431 14878
10431 2150 14878
5866 5127 10279
5127 5866 10279
10279 5127 5866
14595 3166 12369
3166 12369 14595
12369 3166 14595
5709 4043 4133
4043 4133 5709
4133 4043 5709
3793 2236 4757
2236 3793 4757
4757 2236 3793
1348 8312 8712
8312 1348 8712
8712 1348 8312
13832 2858 4386
4386 2858 13832
2858 4386 13832
7408 3567 12145
12145 3567 7408
3567 7408 12145
12546 313 14267
14267 313 12546
313 12546 14267
4811 4593 8514
4593 4811 8514
8514 4593 4811
13158 7338 11498
11498 7338 13158
7338 11498 13158
7868 9094 12820
12820 7868 9094
9094 7868 12820
9672 9282 10122
10122 9282 9672
9282 9672 10122
6022 2115 8760
2115 6022 8760
8760 2115 6022
7179 7749 8577
8577 7179 7749
7749 7179 8577
4280 3950 9037
9037 3950 4280
3950 4280 9037
975 5920 14715
14715 975 5920
5920 975 14715
10344 7433 8809
8809 7433 10344
7433 8809 10344
12616 3468 3942
3468 3942 12616
3942 3468 12616
4435 4231 7614
7614 4231 4435
4231 4435 7614
634 2639 13431
13431 634 2639
2639 634 13431
4170 4287 5533
5533 4170 4287
4287 4170 5533
2745 636 4279
4279 636 2745
636 2745 4279
12442 9759 11562
11562 9759 12442
9759 11562 12442
9415 7200 13866
7200 9415 13866
13866 7200 9415
11570 2861 11860
2861 11570 11860
11860 2861 11570
8036 5910 8762
5910 8036 8762
8762 5910 8036
11398 7825 10220
7825 10220 11398
10220 7825 11398
1534 1361 9728
9728 1361 1534
1361 1534 9728
11851 7284 14515
7284 11851 14515
14515 7284 11851
14893 1115 5114
1115 5114 14893
5114 1115 14893
6173 7135 13523
7135 6173 13523
13523 6173 7135
11416 3723 5302
3723 5302 11416
5302 3723 11416
13471 1106 10464
10464 1106 13471
1106 10464 13471
12261 3949 12716
3949 12261 12716
12716 3949 12261
9605 4820 6542
4820 6542 9605
6542 4820 9605
168 1947 6287
6287 168 1947
1947 168 6287
6777 2471 8133
2471 6777 8133
8133 2471 6777
7406 7797 9484
7797 7406 9484
9484 7406 7797
1879 5892 14406
5892 1879 14406
14406 1879 5892
11868 4169 8665
8665 4169 11868
4169 8665 11868
6459 6437 10358
10358 6437 6459
6437 6459 10358
614 11555 12962
11555 614 12962
12962 614 11555
7460 1210 2155
1210 2155 7460
2155 1210 7460
2942 9046 9744
9046 2942 9744
9744 2942 9046
2024 11084 11393
11084 2024 11393
11393 2024 11084
43 7148 13059
13059 43 7148
7148 43 13059
1977 8067 13510
13510 1977 8067
8067 1977 13510
13331 1837 3433
1837 3433 13331
3433 1837 13331
11055 3611 6127
3611 6127 11055
6127 3611 11055
11926 1984 4165
1984 4165 11926
4165 1984 11926
8738 5151 7966
5151 7966 8738
7966 5151 8738
2631 2928 4558
2928 2631 4558
4558 2631 2928
6632 6214 9128
6214 6632 9128
9128 6214 6632
3643 253 10979
253 3643 10979
10979 253 3643
4826 5954 6211
5954 4826 6211
6211 4826 5954
12859 6545 8255
6545 8255 12859
8255 6545 12859
9408 3316 14924
14924 3316 9408
3316 9408 14924
13417 628 8615
628 8615 13417
8615 628 13417
8695 5788 7786
7786 5788 8695
5788 7786 8695
6198 6758 14422
14422 6198 6758
6758 6198 14422
5313 6118 10497
6118 5313 10497
10497 5313 6118
8825 1863 11025
11025 1863 8825
1863 8825 11025
6864 11933 12831
12831 6864 11933
11933 6864 12831
11344 11854 14612
11854 11344 14612
14612 11344 11854
9807 7796 10781
10781 7796 9807
7796 9807 10781
1956 2190 12428
12428 1956 2190
2190 1956 12428
661 804 7266
7266 661 804
804 661 7266
5885 3905 10720
10720 3905 5885
3905 5885 10720
12191 3436 9333
3436 9333 12191
9333 3436 12191
1132 631 10081
10081 631 1132
631 1132 10081
1371 4520 12196
4520 1371 12196
12196 1371 4520
7962 3861 4536
4536 3861 7962
3861 4536 7962
323 6671 7195
7195 323 6671
6671 323 7195
1352 4660 13956
13956 1352 4660
4660 1352 13956
13545 13191 13677
13677 13191 13545
13191 13545 13677
9469 6799 7977
6799 7977 9469
7977 6799 9469
6029 9316 12740
9316 6029 12740
12740 6029 9316
1733 1867 7473
1867 1733 7473
7473 1733 1867
6071 7276 7768
7276 6071 7768
7768 6071 7276
8945 8598 11207
11207 8598 8945
8598 8945 11207
14237 10290 13888
13888 10290 14237
10290 13888 14237
4801 13495 14690
13495 4801 14690
14690 4801 13495
10727 5368 6385
6385 5368 10727
5368 6385 10727
12360 4018 6278
6278 4018 12360
4018 6278 12360
13639 6270 8054
6270 8054 13639
8054 6270 13639
8315 4409 7520
7520 4409 8315
4409 7520 8315
12706 4104 13924
4104 12706 13924
13924 4104 12706
5730 10958 12517
12517 5730 10958
10958 5730 12517
10663 6968 9760
6968 9760 10663
9760 6968 10663
1404 1439 8009
8009 1404 1439
1439 1404 8009
5209 3709 4041
4041 3709 5209
3709 4041 5209
7818 3594 5763
3594 5763 7818
5763 3594 7818
11125 2008 14554
2008 11125 14554
14554 2008 11125
11865 14405 14799
14799 11865 14405
14405 11865 14799
4318 7631 8574
7631 4318 8574
8574 4318 7631
10797 3993 10076
10076 3993 10797
3993 10076 10797
3670 2863 5236
5236 2863 3670
2863 3670 5236
2423 11681 13078
13078 2423 11681
11681 2423 13078
12142 3103 12919
12919 3103 12142
3103 12142 12919
6040 13851 14677
14677 6040 13851
13851 6040 14677
5199 5240 13213
13213 5199 5240
5240 5199 13213
12911 1808 2463
1808 2463 12911
2463 1808 12911
9165 1499 4073
4073 1499 9165
1499 4073 9165
10975 6301 14858
6301 10975 14858
14858 6301 10975
9038 9701 14575
14575 9038 9701
9701 9038 14575
12649 2416 6137
6137 2416 12649
2416 6137 12649
4827 60 1535
1535 60 4827
60 1535 4827
270 329 13788
13788 270 329
329 270 13788
11966 5079 8887
5079 8887 11966
8887 5079 11966
2800 5907 14150
14150 2800 5907
5907 2800 14150
7488 6377 11600
11600 6377 7488
6377 7488 11600
2616 2599 12723
2599 2616 12723
12723 2599 2616
12419 3046 9356
3046 9356 12419
9356 3046 12419
1335 4148 11320
11320 1335 4148
4148 1335 11320
5808 824 4250
824 4250 5808
4250 824 5808
11559 272 2547
272 2547 11559
2547 272 11559
4647 563 12879
563 4647 12879
12879 563 4647
2908 1997 7453
7453 1997 2908
1997 2908 7453
14682 7269 10685
7269 10685 14682
10685 7269 14682
1788 5089 7518
7518 1788 5089
5089 1788 7518
6233 5002 13789
13789 5002 6233
5002 6233 13789
7005 1526 10025
10025 1526 7005
1526 7005 10025
2146 3923 6306
3923 2146 6306
6306 2146 3923
7564 11954 12596
12596 7564 11954
11954 7564 12596
3881 3744 8346
3744 3881 8346
8346 3744 3881
11630 7261 13809
7261 11630 13809
13809 7261 11630
2884 1927 10735
10735 1927 2884
1927 2884 10735
14049 8348 10697
10697 8348 14049
8348 10697 14049
4609 4750 11509
11509 4609 4750
4750 4609 11509
12652 1469 2652
2652 1469 12652
1469 2652 12652
2981 8055 14231
14231 2981 8055
8055 2981 14231
876 2223 14036
2223 876 14036
14036 876 2223
9126 5543 10569
5543 9126 10569
10569 5543 9126
14473 6644 14121
6644 14121 14473
14121 6644 14473
14911 1245 1527
1527 1245 14911
1245 1527 14911
7009 1516 2620
2620 1516 7009
1516 2620 7009
6263 5040 14615
5040 6263 14615
14615 5040 6263
13721 440 14729
14729 440 13721
440 13721 14729
11134 3719 10215
3719 10215 11134
10215 3719 11134
14336 5107 8569
5107 8569 14336
8569 5107 14336
9372 7542 13346
13346 7542 9372
7542 9372 13346
9892 2081 7684
2081 7684 9892
7684 2081 9892
14423 2263 12742
2263 12742 14423
12742 2263 14423
13772 8023 10295
8023 10295 13772
10295 8023 13772
11340 5807 7852
7852 5807 11340
5807 7852 11340
11018 8874 10865
8874 10865 11018
10865 8874 11018
6614 2910 8759
8759 2910 6614
2910 6614 8759
3954 4923 14950
14950 3954 4923
4923 3954 14950
8683 1677 8122
8122 1677 8683
1677 8122 8683
12425 8188 14162
14162 8188 12425
8188 12425 14162
12754 1028 14868
14868 1028 12754
1028 12754 14868
5646 7617 13921
13921 5646 7617
7617 5646 13921
9967 11492 14642
11492 9967 14642
14642 9967 11492
14949 6791 8527
8527 6791 14949
6791 8527 14949
2979 12111 14449
12111 2979 14449
14449 2979 12111
8091 1237 9696
9696 1237 8091
1237 8091 9696
3315 4212 4938
4212 3315 4938
4938 3315 4212
4970 8158 12429
12429 4970 8158
8158 4970 12429
11293 4105 9965
4105 9965 11293
9965 4105 11293
6008 4754 10219
4754 6008 10219
10219 4754 6008
13020 6650 6803
6803 6650 13020
6650 6803 13020
3375 210 8251
8251 210 3375
210 3375 8251
606 5146 13220
13220 606 5146
5146 606 13220
288 1472 8942
1472 288 8942
8942 288 1472
3644 1945 12676
12676 1945 3644
1945 3644 12676
9481 2978 6631
2978 6631 9481
6631 2978 9481
6934 2107 3399
3399 2107 6934
2107 3399 6934
11735 7739 11593
7739 11593 11735
11593 7739 11735
13197 4101 12128
12128 4101 13197
4101 12128 13197
11659 4914 8928
4914 8928 11659
8928 4914 11659
1572 3325 10682
10682 1572 3325
3325 1572 10682
1464 3072 13359
3072 1464 13359
13359 1464 3072
5579 6851 11921
6851 5579 11921
11921 5579 6851
3343 13334 14191
14191 3343 13334
13334 3343 14191
5425 6509 8408
6509 5425 8408
8408 5425 6509
13632 4953 8974
4953 8974 13632
8974 4953 13632
13670 1599 5805
1599 5805 13670
5805 1599 13670
8345 8804 11638
8804 8345 11638
11638 8345 8804
2029 1154 6665
6665 1154 2029
1154 2029 6665
13848 205 4850
205 4850 13848
4850 205 13848
12801 3129 9185
3129 9185 12801
9185 3129 12801
7901 4985 7100
7100 4985 7901
4985 7100 7901
1713 4396 12773
12773 1713 4396
4396 1713 12773
6900 13938 14426
13938 6900 14426
14426 6900 13938
14017 407 13198
407 13198 14017
13198 407 14017
2452 3640 14789
14789 2452 3640
3640 2452 14789
4361 4108 12971
12971 4108 4361
4108 4361 12971
6519 5376 6950
5376 6519 6950
6950 5376 6519
5154 1884 3044
1884 3044 5154
3044 1884 5154
1345 509 1212
1212 509 1345
509 1212 1345
3936 9984 11316
9984 3936 11316
11316 3936 9984
13659 3701 7255
3701 7255 13659
7255 3701 13659
14299 2256 4766
2256 4766 14299
4766 2256 14299
12832 390 7809
7809 390 12832
390 7809 12832
7469 778 9117
9117 778 7469
778 7469 9117
6852 4771 10258
4771 6852 10258
10258 4771 6852
9176 3194 14740
14740 3194 9176
3194 9176 14740
10924 7439 9849
7439 9849 10924
9849 7439 10924
5314 615 647
615 647 5314
647 615 5314
14788 1619 4760
1619 4760 14788
4760 1619 14788
13602 1 10947
10947 1 13602
1 10947 13602
5812 9104 14859
9104 5812 14859
14859 5812 9104
6441 3053 9346
9346 3053 6441
3053 6441 9346
10658 2100 5782
2100 5782 10658
5782 2100 10658
4060 1165 10942
1165 4060 10942
10942 1165 4060
4879 14454 14906
14454 4879 14906
14906 4879 14454
4612 8761 14128
8761 4612 14128
14128 4612 8761
4999 4298 14774
14774 4298 4999
4298 4999 14774
6006 12188 14810
12188 6006 14810
14810 6006 12188
3918 5955 8416
5955 3918 8416
8416 3918 5955
848 5530 6307
5530 848 6307
6307 848 5530
9950 2621 12704
2621 9950 12704
12704 2621 9950
3974 13905 14377
14377 3974 13905
13905 3974 14377
12567 8302 14099
14099 8302 12567
8302 12567 14099
9309 5950 14051
14051 5950 9309
5950 9309 14051
13846 1847 5019
5019 1847 13846
1847 5019 13846
13547 101 10674
10674 101 13547
101 10674 13547
5159 10991 11627
10991 5159 11627
11627 5159 10991
3459 883 8620
8620 883 3459
883 3459 8620
5284 4746 11212
4746 5284 11212
11212 4746 5284
10305 9557 14602
9557 10305 14602
14602 9557 10305
13597 9812 10054
9812 10054 13597
10054 9812 13597
1491 1074 10636
1074 1491 10636
10636 1074 1491
4891 831 12036
12036 831 4891
831 4891 12036
3500 8677 9652
9652 3500 8677
8677 3500 9652
7752 9005 12530
9005 7752 12530
12530 7752 9005
10473 2447 11602
11602 2447 10473
2447 10473 11602
3477 4624 12303
12303 3477 4624
4624 3477 12303
4295 2536 13382
13382 2536 4295
2536 4295 13382
1435 2141 7559
7559 1435 2141
2141 1435 7559
9538 181 5232
181 5232 9538
5232 181 9538
13384 189 3262
3262 189 13384
189 3262 13384
5800 5129 12619
12619 5129 5800
5129 5800 12619
12307 5767 6870
6870 5767 12307
5767 6870 12307
2729 2727 2817
2727 2729 2817
2817 2727 2729
459 2757 4242
2757 459 4242
4242 459 2757
13302 6081 13640
6081 13302 13640
13640 6081 13302
8490 5335 13981
13981 5335 8490
5335 8490 13981
5538 12260 14213
12260 5538 14213
14213 5538 12260
4316 4738 8418
8418 4316 4738
4738 4316 8418
9432 308 4158
308 4158 9432
4158 308 9432
3256 2182 7557
7557 2182 3256
2182 3256 7557
10843 10159 12493
12493 10159 10843
10159 10843 12493
6676 6104 11163
11163 6104 6676
6104 6676 11163
5541 5879 11816
5879 5541 11816
11816 5541 5879
6045 6469 7556
7556 6045 6469
6469 6045 7556
12124 4988 10615
4988 10615 12124
10615 4988 12124
2674 1818 13174
13174 1818 2674
1818 2674 13174
10234 2891 12238
12238 2891 10234
2891 10234 12238
5578 2712 11677
11677 2712 5578
2712 5578 11677
7498 3684 5672
3684 5672 7498
5672 3684 7498
10108 7103 9105
7103 9105 10108
9105 7103 10108
12923 6830 12896
12896 6830 12923
6830 12896 12923
11077 5348 5517
5517 5348 11077
5348 5517 11077
14942 4682 5016
5016 4682 14942
4682 5016 14942
13893 3806 9924
9924 3806 13893
3806 9924 13893
1349 846 4905
4905 846 1349
846 1349 4905
3506 2374 14590
14590 2374 3506
2374 3506 14590
6633 5726 12197
5726 6633 12197
12197 5726 6633
14455 1319 3795
3795 1319 14455
1319 3795 14455
865 7679 13484
7679 865 13484
13484 865 7679
11401 8806 13683
13683 8806 11401
8806 11401 13683
12855 2881 6980
2881 6980 12855
6980 2881 12855
6397 4844 9449
9449 4844 6397
4844 6397 9449
13649 6993 11792
11792 6993 13649
6993 11792 13649
9212 1958 14491
14491 1958 9212
1958 9212 14491
8555 7820 8065
8065 7820 8555
7820 8065 8555
5071 10550 14096
10550 5071 14096
14096 5071 10550
2361 3565 9259
3565 2361 9259
9259 2361 3565
6265 4095 11079
4095 6265 11079
11079 4095 6265
3452 3415 12590
3415 3452 12590
12590 3415 3452
10525 10364 12479
12479 10364 10525
10364 10525 12479
1175 7282 11644
7282 1175 11644
11644 1175 7282
5056 2425 13497
13497 2425 5056
2425 5056 13497
11473 6308 7516
7516 6308 11473
6308 7516 11473
3360 7203 12934
7203 3360 12934
12934 3360 7203
7459 1094 14167
14167 1094 7459
1094 7459 14167
1704 2127 3507
3507 1704 2127
2127 1704 3507
11421 73 12605
12605 73 11421
73 11421 12605
1347 8649 14414
8649 1347 14414
14414 1347 8649
896 880 9114
880 896 9114
9114 880 896
8963 7147 13276
13276 7147 8963
7147 8963 13276
8424 9630 11971
9630 8424 11971
11971 8424 9630
9581 9012 14293
14293 9012 9581
9012 9581 14293
2585 11754 14603
11754 2585 14603
14603 2585 11754
13360 5135 13927
13927 5135 13360
5135 13360 13927
6406 12827 14609
12827 6406 14609
14609 6406 12827
8456 1365 8233
1365 8233 8456
8233 1365 8456
8100 1312 5960
5960 1312 8100
1312 5960 8100
7651 3675 13024
3675 7651 13024
13024 3675 7651
9904 4304 11698
4304 9904 11698
11698 4304 9904
4341 138 10053
138 4341 10053
10053 138 4341
12996 842 4649
842 4649 12996
4649 842 12996
6744 1934 1993
1934 1993 6744
1993 1934 6744
11144 6158 6725
6158 6725 11144
6725 6158 11144
2584 2918 13630
2918 2584 13630
13630 2584 2918
2321 4841 13722
4841 2321 13722
13722 2321 4841
3546 11527 13294
13294 3546 11527
11527 3546 13294
12944 8043 14412
14412 8043 12944
8043 12944 14412
7270 2351 7665
2351 7270 7665
7665 2351 7270
13555 4732 13957
13957 4732 13555
4732 13555 13957
2687 6854 7466
6854 2687 7466
7466 2687 6854
5388 2070 13932
2070 5388 13932
13932 2070 5388
2602 2735 14411
2735 2602 14411
14411 2602 2735
1960 145 11117
145 1960 11117
11117 145 1960
9294 494 12143
494 9294 12143
12143 494 9294
9926 10289 10642
10642 9926 10289
10289 9926 10642
7295 1229 1998
1229 1998 7295
1998 1229 7295
8966 11072 11488
11488 8966 11072
11072 8966 11488
3991 10449 13116
10449 3991 13116
13116 3991 10449
517 7446 11802
11802 517 7446
7446 517 11802
9642 2017 12368
12368 2017 9642
2017 9642 12368
8834 9277 9351
9351 8834 9277
9277 8834 9351
10253 9164 10785
9164 10253 10785
10785 9164 10253
7856 1061 7810
1061 7810 7856
7810 1061 7856
13776 1388 10592
1388 10592 13776
10592 1388 13776
13907 9947 12997
9947 12997 13907
12997 9947 13907
10237 11309 12265
12265 10237 11309
11309 10237 12265
12757 9713 9909
9909 9713 12757
9713 9909 12757
2896 107 1642
1642 107 2896
107 1642 2896
5329 2675 9016
2675 5329 9016
9016 2675 5329
11116 2505 12864
12864 2505 11116
2505 11116 12864
498 1955 11781
1955 498 11781
11781 498 1955
1838 960 1378
1378 960 1838
960 1378 1838
5606 10328 10925
10925 5606 10328
10328 5606 10925
10223 3960 10435
10435 3960 10223
3960 10223 10435
11822 3171 4740
4740 3171 11822
3171 4740 11822
143 4483 14202
14202 143 4483
4483 143 14202
5813 1562 3912
3912 1562 5813
1562 3912 5813
3467 1720 13994
1720 3467 13994
13994 1720 3467
5392 7050 7621
7050 5392 7621
7621 5392 7050
8478 765 8005
8005 765 8478
765 8005 8478
9460 1942 5973
5973 1942 9460
1942 5973 9460
2907 6513 9983
6513 2907 9983
9983 2907 6513
11875 9442 14440
9442 11875 14440
14440 9442 11875
12696 3241 9832
3241 9832 12696
9832 3241 12696
8363 1034 3588
3588 1034 8363
1034 3588 8363
4940 4154 7482
7482 4154 4940
4154 4940 7482
923 1649 4088
1649 923 4088
4088 923 1649
719 2201 9610
9610 719 2201
2201 719 9610
3297 4606 13426
13426 3297 4606
4606 3297 13426
4198 6775 7586
7586 4198 6775
6775 4198 7586
9279 8073 13475
13475 8073 9279
8073 9279 13475
14493 6414 7252
7252 6414 14493
6414 7252 14493
7760 3926 4228
3926 4228 7760
4228 3926 7760
260 5141 8482
5141 260 8482
8482 260 5141
11345 1471 7927
1471 7927 11345
7927 1471 11345
3518 439 12809
439 3518 12809
12809 439 3518
10218 5161 13501
13501 5161 10218
5161 10218 13501
13008 9982 10040
10040 9982 13008
9982 10040 13008
1097 788 2647
2647 788 1097
788 1097 2647
12466 10291 13591
10291 12466 13591
13591 10291 12466
3526 8127 8479
8127 3526 8479
8479 3526 8127
4501 435 13281
435 4501 13281
13281 435 4501
13234 8377 9501
8377 9501 13234
9501 8377 13234
4166 442 1093
1093 442 4166
442 1093 4166
9423 7641 14809
14809 7641 9423
7641 9423 14809
6117 8282 13002
8282 6117 13002
13002 6117 8282
5100 2238 9841
9841 2238 5100
2238 5100 9841
5225 6484 9884
9884 5225 6484
6484 5225 9884
8849 11545 13820
13820 8849 11545
11545 8849 13820
8192 1164 7782
7782 1164 8192
1164 7782 8192
1519 468 12114
12114 468 1519
468 1519 12114
1714 11027 13744
13744 1714 11027
11027 1714 13744
3863 9417 9798
9417 3863 9798
9798 3863 9417
2203 2106 8655
8655 2106 2203
2106 2203 8655
13274 1629 9270
9270 1629 13274
1629 9270 13274
8172 367 8528
367 8172 8528
8528 367 8172
14069 9075 9157
9075 9157 14069
9157 9075 14069
14545 1041 6143
1041 6143 14545
6143 1041 14545
14689 4265 8669
8669 4265 14689
4265 8669 14689
13614 6752 13010
6752 13010 13614
13010 6752 13614
1695 9712 12885
12885 1695 9712
9712 1695 12885
4596 11704 14437
14437 4596 11704
11704 4596 14437
6778 5518 10212
5518 6778 10212
10212 5518 6778
899 7024 13982
7024 899 13982
13982 899 7024
5732 4072 4106
4072 4106 5732
4106 4072 5732
3043 436 14006
436 3043 14006
14006 436 3043
10712 2198 4867
2198 4867 10712
4867 2198 10712
12465 13709 14401
14401 12465 13709
13709 12465 14401
13612 4747 13253
13253 4747 13612
4747 13253 13612
8816 2047 12400
2047 8816 12400
12400 2047 8816
10610 3070 7814
7814 3070 10610
3070 7814 10610
14661 886 13884
13884 886 14661
886 13884 14661
51 9336 13463
13463 51 9336
9336 51 13463
4582 7281 10529
10529 4582 7281
7281 4582 10529
6571 7800 12298
12298 6571 7800
7800 6571 12298
9988 1793 9135
9135 1793 9988
1793 9135 9988
4363 10183 14478
10183 4363 14478
14478 4363 10183
10553 450 11849
11849 450 10553
450 10553 11849
11862 3853 6652
3853 6652 11862
6652 3853 11862
8128 10733 14432
10733 8128 14432
14432 8128 10733
14255 8173 9053
8173 9053 14255
9053 8173 14255
7960 4656 9742
9742 4656 7960
4656 7960 9742
11915 4839 10403
4839 10403 11915
10403 4839 11915
11973 5957 14869
5957 11973 14869
14869 5957 11973
7721 6639 7535
7535 6639 7721
6639 7535 7721
8936 8432 13285
8432 8936 13285
13285 8432 8936
9056 10137 12010
10137 9056 12010
12010 9056 10137
10545 12170 12375
12375 10545 12170
12170 10545 12375
3858 3410 3458
3458 3410 3858
3410 3458 3858
3424 5288 5849
5288 3424 5849
5849 3424 5288
7080 41 3987
3987 41 7080
41 3987 7080
9821 6429 9773
6429 9773 9821
9773 6429 9821
1853 10645 10824
10645 1853 10824
10824 1853 10645
7932 3777 14577
14577 3777 7932
3777 7932 14577
5652 4566 9375
4566 5652 9375
9375 4566 5652
4763 1083 9436
1083 4763 9436
9436 1083 4763
3661 197 12664
197 3661 12664
12664 197 3661
13871 1512 11105
11105 1512 13871
1512 11105 13871
3948 263 13878
13878 263 3948
263 3948 13878
4599 3934 14957
3934 4599 14957
14957 3934 4599
10073 1502 1951
1502 1951 10073
1951 1502 10073
605 7046 7205
7046 605 7205
7205 605 7046
14204 8389 14028
8389 14028 14204
14028 8389 14204
7350 7945 12834
7945 7350 12834
12834 7350 7945
2231 2207 3272
3272 2207 2231
2207 2231 3272
6092 2436 3612
3612 2436 6092
2436 3612 6092
3703 5229 14719
14719 3703 5229
5229 3703 14719
1304 23 8372
23 1304 8372
8372 23 1304
6797 1636 9389
9389 1636 6797
1636 6797 9389
1189 2066 8765
2066 1189 8765
8765 1189 2066
5746 8448 13758
8448 5746 13758
13758 5746 8448
382 941 3488
941 382 3488
3488 382 941
10588 1032 9817
1032 9817 10588
9817 1032 10588
2645 2716 9428
2716 2645 9428
9428 2645 2716
885 892 1969
892 885 1969
1969 885 892
11261 363 6076
363 6076 11261
6076 363 11261
7572 3843 4742
4742 3843 7572
3843 4742 7572
3512 11772 14800
11772 3512 14800
14800 3512 11772
8187 2385 10091
2385 8187 10091
10091 2385 8187
3711 3844 8766
8766 3711 3844
3844 3711 8766
13516 7296 10145
7296 10145 13516
10145 7296 13516
4217 2842 12860
12860 2842 4217
2842 4217 12860
2010 3916 9136
9136 2010 3916
3916 2010 9136
8769 5945 12701
12701 5945 8769
5945 8769 12701
14304 9578 11110
11110 9578 14304
9578 11110 14304
10800 1353 7519
7519 1353 10800
