40974 51984 105465
105465 40974 51984
51984 40974 105465
86983 12370 31616
12370 31616 86983
31616 12370 86983
62226 137127 145033
145033 62226 137127
137127 62226 145033
24065 76124 146824
146824 24065 76124
76124 24065 146824
43453 114548 136084
114548 43453 136084
136084 43453 114548
4294 1214 38001
1214 4294 38001
38001 1214 4294
104470 14452 80065
80065 14452 104470
14452 80065 104470
35829 115885 138014
115885 35829 138014
138014 35829 115885
34037 73682 137919
137919 34037 73682
73682 34037 137919
68229 101830 121542
101830 68229 121542
121542 68229 101830
44865 45266 119893
119893 44865 45266
45266 44865 119893
58059 6802 106877
6802 58059 106877
106877 6802 58059
14336 49095 95866
95866 14336 49095
49095 14336 95866
86817 44963 51891
51891 44963 86817
44963 51891 86817
54579 572 83896
572 54579 83896
83896 572 54579
118736 30731 41336
30731 41336 118736
41336 30731 118736
35259 52302 94059
94059 35259 52302
52302 35259 94059
146065 11632 146296
146296 11632 146065
11632 146065 146296
11740 20544 142761
142761 11740 20544
20544 11740 142761
142512 122499 124088
124088 122499 142512
122499 124088 142512
90188 68816 97204
68816 90188 97204
97204 68816 90188
20021 40568 40842
40842 20021 40568
40568 20021 40842
125872 33796 42294
42294 33796 125872
33796 42294 125872
30427 110410 117006
110410 30427 117006
117006 30427 110410
147931 54184 64023
54184 64023 147931
64023 54184 147931
116616 80892 133551
80892 116616 133551
133551 80892 116616
73469 8425 38352
38352 8425 73469
8425 38352 73469
148222 26045 60524
60524 26045 148222
26045 60524 148222
43840 19389 34204
34204 19389 43840
19389 34204 43840
93898 55268 57045
55268 57045 93898
57045 55268 93898
5404 80373 132801
132801 5404 80373
80373 5404 132801
71571 12127 49457
12127 49457 71571
49457 12127 71571
24984 11387 84966
84966 11387 24984
11387 24984 84966
51639 6696 65124
6696 51639 65124
65124 6696 51639
50129 4440 120991
4440 50129 120991
120991 4440 50129
123764 120462 131585
120462 123764 131585
131585 120462 123764
143891 75587 114286
75587 114286 143891
114286 75587 143891
121857 41421 147285
147285 41421 121857
41421 121857 147285
122263 58705 65313
65313 58705 122263
58705 65313 122263
107649 27923 105669
27923 105669 107649
105669 27923 107649
75848 15481 79958
15481 75848 79958
79958 15481 75848
3124 75409 134786
75409 3124 134786
134786 3124 75409
135624 38538 71120
71120 38538 135624
38538 71120 135624
83372 125737 129529
129529 83372 125737
125737 83372 129529
12164 23383 140160
140160 12164 23383
23383 12164 140160
80059 68904 91806
91806 68904 80059
68904 80059 91806
78399 116320 143334
116320 78399 143334
143334 78399 116320
28813 76476 96956
96956 28813 76476
76476 28813 96956
130607 48152 124066
124066 48152 130607
48152 124066 130607
127207 67179 116125
67179 116125 127207
116125 67179 127207
13681 124744 135372
124744 13681 135372
135372 13681 124744
93152 23473 45659
45659 23473 93152
23473 45659 93152
14313 98762 107035
107035 14313 98762
98762 14313 107035
144081 16578 84994
84994 16578 144081
16578 84994 144081
27787 64577 99558
64577 27787 99558
99558 27787 64577
145648 111013 139779
139779 111013 145648
111013 139779 145648
34909 16562 51439
16562 34909 51439
51439 16562 34909
131564 21490 39776
21490 39776 131564
39776 21490 131564
11196 51698 138466
138466 11196 51698
51698 11196 138466
7635 73726 93175
93175 7635 73726
73726 7635 93175
85841 11386 57912
11386 57912 85841
57912 11386 85841
101868 78664 79869
78664 79869 101868
79869 78664 101868
84169 47855 96770
47855 84169 96770
96770 47855 84169
126863 39540 95555
95555 39540 126863
39540 95555 126863
23169 96257 140557
96257 23169 140557
140557 23169 96257
4460 73735 96955
96955 4460 73735
73735 4460 96955
95843 11519 121635
11519 95843 121635
121635 11519 95843
73661 67890 146460
146460 67890 73661
67890 73661 146460
71131 73555 97335
73555 71131 97335
97335 71131 73555
104118 55522 71093
71093 55522 104118
55522 71093 104118
91109 20849 38747
38747 20849 91109
20849 38747 91109
2294 51559 67072
51559 2294 67072
67072 2294 51559
60858 25587 142601
142601 25587 60858
25587 60858 142601
54725 66306 86380
86380 54725 66306
66306 54725 86380
111725 118865 124417
118865 111725 124417
124417 111725 118865
18455 46229 54451
46229 18455 54451
54451 18455 46229
32956 725 59788
725 32956 59788
59788 725 32956
93803 66522 78024
78024 66522 93803
66522 78024 93803
24263 64434 92984
64434 24263 92984
92984 24263 64434
103499 109685 129026
109685 103499 129026
129026 103499 109685
54692 110311 124086
110311 54692 124086
124086 54692 110311
56902 23144 96618
23144 56902 96618
96618 23144 56902
12952 126338 145040
145040 12952 126338
126338 12952 145040
121942 52290 132796
132796 52290 121942
52290 121942 132796
102435 14891 132004
132004 14891 102435
14891 102435 132004
107991 1084 62171
62171 1084 107991
1084 62171 107991
143108 74241 77685
77685 74241 143108
74241 77685 143108
132513 36558 42521
42521 36558 132513
36558 42521 132513
75106 48536 130180
130180 48536 75106
48536 75106 130180
10403 39923 135150
39923 10403 135150
135150 10403 39923
126304 2521 91427
2521 91427 126304
91427 2521 126304
71933 56426 120649
56426 71933 120649
120649 56426 71933
57878 63428 67321
63428 57878 67321
67321 57878 63428
8080 3141 58752
58752 3141 8080
3141 8080 58752
131850 36482 94047
94047 36482 131850
36482 94047 131850
108858 107735 117023
107735 108858 117023
117023 107735 108858
117967 51349 65677
65677 51349 117967
51349 65677 117967
137391 100251 104834
100251 104834 137391
104834 100251 137391
24702 37573 67960
37573 24702 67960
67960 24702 37573
145642 11415 44717
11415 44717 145642
44717 11415 145642
105673 122563 126581
122563 105673 126581
126581 105673 122563
137523 21302 110532
21302 110532 137523
110532 21302 137523
960 31351 111314
31351 960 111314
111314 960 31351
104814 27507 119502
27507 104814 119502
119502 27507 104814
50847 71304 117788
71304 50847 117788
117788 50847 71304
70024 64349 72726
64349 70024 72726
72726 64349 70024
103019 59379 136234
59379 103019 136234
136234 59379 103019
148321 3017 111294
3017 111294 148321
111294 3017 148321
59901 51935 85362
85362 51935 59901
51935 59901 85362
68415 15121 141518
141518 15121 68415
15121 68415 141518
115466 49587 60973
49587 60973 115466
60973 49587 115466
14064 41950 118976
41950 14064 118976
118976 14064 41950
62241 68335 115689
68335 62241 115689
115689 62241 68335
131905 27045 120509
27045 120509 131905
120509 27045 131905
53856 16915 18280
18280 16915 53856
16915 18280 53856
21927 46887 134768
46887 21927 134768
134768 21927 46887
14754 76132 83405
83405 14754 76132
76132 14754 83405
110018 22147 74144
22147 74144 110018
74144 22147 110018
94069 6986 130189
6986 94069 130189
130189 6986 94069
108068 52247 120557
52247 108068 120557
120557 52247 108068
139527 37412 103022
37412 103022 139527
103022 37412 139527
118547 6994 119105
119105 6994 118547
6994 118547 119105
84221 83147 139381
83147 84221 139381
139381 83147 84221
126757 39604 118193
118193 39604 126757
39604 118193 126757
68248 127188 144574
127188 68248 144574
144574 68248 127188
116095 98938 133264
133264 98938 116095
98938 116095 133264
60676 46428 53926
53926 46428 60676
46428 53926 60676
23750 50629 108005
50629 23750 108005
108005 23750 50629
90728 28069 117569
28069 90728 117569
117569 28069 90728
66410 119577 131619
119577 66410 131619
131619 66410 119577
96140 18188 47453
47453 18188 96140
18188 47453 96140
25397 47703 114035
114035 25397 47703
47703 25397 114035
40594 62266 119481
62266 40594 119481
119481 40594 62266
33770 2801 65922
2801 33770 65922
65922 2801 33770
64816 125852 142368
142368 64816 125852
125852 64816 142368
27289 86953 92722
92722 27289 86953
86953 27289 92722
65523 5123 17330
17330 5123 65523
5123 17330 65523
61831 65271 124270
65271 61831 124270
124270 61831 65271
33959 78929 129965
129965 33959 78929
78929 33959 129965
103026 105951 127124
105951 103026 127124
127124 103026 105951
91257 4002 65643
65643 4002 91257
4002 65643 91257
115926 81303 133405
133405 81303 115926
81303 115926 133405
67060 50454 63842
50454 63842 67060
63842 50454 67060
99382 61803 118922
61803 99382 118922
118922 61803 99382
119799 64116 79990
64116 79990 119799
79990 64116 119799
9227 13 57518
57518 13 9227
13 9227 57518
62753 129984 134765
129984 62753 134765
134765 62753 129984
990 62557 75233
62557 990 75233
75233 990 62557
22221 6931 29894
29894 6931 22221
6931 22221 29894
132213 31150 148713
31150 132213 148713
148713 31150 132213
109428 113420 114262
114262 109428 113420
113420 109428 114262
87567 20432 64235
20432 64235 87567
64235 20432 87567
18526 16354 42485
16354 18526 42485
42485 16354 18526
102001 20086 104668
104668 20086 102001
20086 102001 104668
135676 20101 147401
147401 20101 135676
20101 135676 147401
81436 68974 108175
108175 68974 81436
68974 81436 108175
8633 38315 148949
148949 8633 38315
38315 8633 148949
112716 11663 69250
69250 11663 112716
11663 69250 112716
148468 63144 131212
63144 131212 148468
131212 63144 148468
94919 68708 85991
68708 85991 94919
85991 68708 94919
130986 136551 148833
136551 130986 148833
148833 130986 136551
129210 5132 97370
97370 5132 129210
5132 97370 129210
58306 15599 133085
15599 58306 133085
133085 15599 58306
20606 31756 117256
31756 20606 117256
117256 20606 31756
132475 87906 96010
87906 96010 132475
96010 87906 132475
74649 81125 117998
117998 74649 81125
81125 74649 117998
9213 82032 91218
91218 9213 82032
82032 9213 91218
106293 25248 109086
109086 25248 106293
25248 106293 109086
41338 47052 120712
120712 41338 47052
47052 41338 120712
90174 63416 82289
63416 82289 90174
82289 63416 90174
57032 15489 42336
15489 42336 57032
42336 15489 57032
145299 4042 140652
140652 4042 145299
4042 140652 145299
116207 48661 82867
48661 82867 116207
82867 48661 116207
22163 41724 100882
100882 22163 41724
41724 22163 100882
633 80737 93596
80737 633 93596
93596 633 80737
665 75371 116751
75371 665 116751
116751 665 75371
63542 71139 146078
71139 63542 146078
146078 63542 71139
59491 80015 105746
80015 59491 105746
105746 59491 80015
47378 71766 85548
71766 47378 85548
85548 47378 71766
146758 63612 117563
63612 117563 146758
117563 63612 146758
27665 112917 139709
112917 27665 139709
139709 27665 112917
140010 127463 137404
137404 127463 140010
127463 137404 140010
48946 101753 102070
101753 48946 102070
102070 48946 101753
100267 9061 10609
9061 10609 100267
10609 9061 100267
136213 64574 118337
64574 118337 136213
118337 64574 136213
45833 107365 115239
115239 45833 107365
107365 45833 115239
98763 77630 119332
77630 98763 119332
119332 77630 98763
122643 18791 54656
54656 18791 122643
18791 54656 122643
60818 99127 99186
99127 60818 99186
99186 60818 99127
96452 42395 57204
57204 42395 96452
42395 57204 96452
91966 22431 139492
139492 22431 91966
22431 91966 139492
121724 28480 36211
36211 28480 121724
28480 36211 121724
147728 86754 97019
86754 97019 147728
97019 86754 147728
76174 780 81923
780 76174 81923
81923 780 76174
48673 1529 28482
1529 28482 48673
28482 1529 48673
53241 42582 134499
42582 53241 134499
134499 42582 53241
128486 20673 26716
26716 20673 128486
20673 26716 128486
140099 11103 65051
11103 65051 140099
65051 11103 140099
15885 49712 136093
136093 15885 49712
49712 15885 136093
62107 58410 116357
116357 58410 62107
58410 62107 116357
107973 22178 101065
22178 101065 107973
101065 22178 107973
32475 86049 104058
86049 32475 104058
104058 32475 86049
118742 3919 36521
36521 3919 118742
3919 36521 118742
85396 8567 54263
8567 54263 85396
54263 8567 85396
6739 35261 110510
110510 6739 35261
35261 6739 110510
36678 1982 149587
149587 1982 36678
1982 36678 149587
42214 17742 62638
62638 17742 42214
17742 42214 62638
39531 11473 84717
84717 11473 39531
11473 39531 84717
118969 66612 99789
99789 66612 118969
66612 99789 118969
39795 100293 146786
146786 39795 100293
100293 39795 146786
11338 98088 108778
98088 11338 108778
108778 11338 98088
21949 31700 31901
31700 21949 31901
31901 21949 31700
81279 56793 122713
122713 56793 81279
56793 81279 122713
17629 32658 124505
124505 17629 32658
32658 17629 124505
7689 111687 124532
111687 7689 124532
124532 7689 111687
121625 25187 135278
25187 121625 135278
135278 25187 121625
113829 102278 144914
144914 102278 113829
102278 113829 144914
49447 7747 11441
7747 11441 49447
11441 7747 49447
130424 41058 73050
41058 73050 130424
73050 41058 130424
5875 51992 112660
51992 5875 112660
112660 5875 51992
66139 23300 109509
109509 23300 66139
23300 66139 109509
144324 26972 31831
31831 26972 144324
26972 31831 144324
18428 38591 73941
73941 18428 38591
38591 18428 73941
82980 45523 93279
45523 82980 93279
93279 45523 82980
85549 29092 131643
131643 29092 85549
29092 85549 131643
109385 31785 110257
31785 109385 110257
110257 31785 109385
48064 30385 31953
30385 31953 48064
31953 30385 48064
119220 15039 30599
30599 15039 119220
15039 30599 119220
62192 75519 121795
75519 62192 121795
121795 62192 75519
97365 126138 128212
128212 97365 126138
126138 97365 128212
23066 134561 139602
134561 23066 139602
139602 23066 134561
8002 5655 60974
60974 5655 8002
5655 8002 60974
84539 7369 92555
92555 7369 84539
7369 84539 92555
31820 96735 117051
117051 31820 96735
96735 31820 117051
96866 36341 120207
36341 96866 120207
120207 36341 96866
72386 9416 83524
9416 72386 83524
83524 9416 72386
64797 11937 43065
11937 43065 64797
43065 11937 64797
23168 13802 32763
13802 23168 32763
32763 13802 23168
132350 32188 102442
102442 32188 132350
32188 102442 132350
77986 12560 37966
37966 12560 77986
12560 37966 77986
84655 43091 145121
145121 43091 84655
43091 84655 145121
145276 52798 65459
65459 52798 145276
52798 65459 145276
146344 15354 97241
97241 15354 146344
15354 97241 146344
86125 82111 140062
82111 86125 140062
140062 82111 86125
98885 4881 25040
4881 25040 98885
25040 4881 98885
77737 24551 146879
24551 77737 146879
146879 24551 77737
23068 67485 83112
67485 23068 83112
83112 23068 67485
44372 52606 117147
117147 44372 52606
52606 44372 117147
32661 10862 98492
10862 32661 98492
98492 10862 32661
30086 3695 18516
3695 18516 30086
18516 3695 30086
44502 9109 29938
29938 9109 44502
9109 29938 44502
95258 63738 74737
63738 74737 95258
74737 63738 95258
103366 108324 138453
138453 103366 108324
108324 103366 138453
41719 98659 146314
98659 41719 146314
146314 41719 98659
99337 20542 125536
20542 99337 125536
125536 20542 99337
13188 136857 149912
136857 13188 149912
149912 13188 136857
72445 7713 68573
68573 7713 72445
7713 68573 72445
91267 14043 125415
125415 14043 91267
14043 91267 125415
75546 84719 118108
84719 75546 118108
118108 75546 84719
26521 109982 137122
109982 26521 137122
137122 26521 109982
20553 39777 96037
96037 20553 39777
39777 20553 96037
123860 44357 144189
44357 123860 144189
144189 44357 123860
120607 35048 113815
35048 113815 120607
113815 35048 120607
25877 2568 118923
118923 2568 25877
2568 25877 118923
73809 30059 47649
47649 30059 73809
30059 47649 73809
90618 6131 36204
36204 6131 90618
6131 36204 90618
8193 47408 142446
47408 8193 142446
142446 8193 47408
143362 34614 134743
134743 34614 143362
34614 134743 143362
59993 19489 126534
126534 19489 59993
19489 59993 126534
19273 26058 135232
26058 19273 135232
135232 19273 26058
65299 93765 118833
93765 65299 118833
118833 65299 93765
76797 6203 15722
15722 6203 76797
6203 15722 76797
87003 11206 63019
63019 11206 87003
11206 63019 87003
96527 68221 144957
68221 96527 144957
144957 68221 96527
89905 136184 146106
146106 89905 136184
136184 89905 146106
49323 15550 141260
15550 49323 141260
141260 15550 49323
116071 34390 82869
34390 82869 116071
82869 34390 116071
8144 56390 121597
56390 8144 121597
121597 8144 56390
21111 77143 108632
77143 21111 108632
108632 21111 77143
33999 6074 60207
6074 33999 60207
60207 6074 33999
95663 68496 77483
77483 68496 95663
68496 77483 95663
61848 32183 45386
45386 32183 61848
32183 45386 61848
70212 28007 125554
28007 70212 125554
125554 28007 70212
104143 47098 89834
89834 47098 104143
47098 89834 104143
64992 13203 96530
13203 64992 96530
96530 13203 64992
14996 22638 83194
83194 14996 22638
22638 14996 83194
22343 75407 92915
75407 22343 92915
92915 22343 75407
23814 83458 106179
83458 23814 106179
106179 23814 83458
70550 1353 19100
1353 19100 70550
19100 1353 70550
77530 59597 140395
59597 77530 140395
140395 59597 77530
119390 96743 99736
99736 96743 119390
96743 99736 119390
62971 68528 114993
68528 62971 114993
114993 62971 68528
106766 134469 139810
134469 106766 139810
139810 106766 134469
47473 39979 109781
39979 47473 109781
109781 39979 47473
44345 13741 130449
130449 13741 44345
13741 44345 130449
83962 7107 49743
49743 7107 83962
7107 49743 83962
73926 58142 61273
61273 58142 73926
58142 61273 73926
45969 46754 118441
46754 45969 118441
118441 45969 46754
54295 15387 103226
103226 15387 54295
15387 54295 103226
54130 44151 113749
44151 54130 113749
113749 44151 54130
136624 22842 56449
56449 22842 136624
22842 56449 136624
47935 19823 120549
19823 47935 120549
120549 19823 47935
117670 16541 96873
96873 16541 117670
16541 96873 117670
59625 54473 69616
54473 59625 69616
69616 54473 59625
111621 6071 90037
90037 6071 111621
6071 90037 111621
34075 21937 134212
21937 34075 134212
134212 21937 34075
146136 48663 63592
48663 63592 146136
63592 48663 146136
24456 24538 24593
24538 24456 24593
24593 24456 24538
43817 74190 140116
140116 43817 74190
74190 43817 140116
127289 34127 44198
34127 44198 127289
44198 34127 127289
48699 103204 127007
103204 48699 127007
127007 48699 103204
59855 26529 103631
103631 26529 59855
26529 59855 103631
5401 25640 60183
60183 5401 25640
25640 5401 60183
118327 109414 112568
112568 109414 118327
109414 112568 118327
77734 60177 127464
127464 60177 77734
60177 77734 127464
73389 35702 91065
35702 73389 91065
91065 35702 73389
35384 60722 149359
60722 35384 149359
149359 35384 60722
52869 101186 144945
144945 52869 101186
101186 52869 144945
80088 37988 141219
141219 37988 80088
37988 80088 141219
100259 9280 132624
9280 100259 132624
132624 9280 100259
88790 45698 143846
45698 88790 143846
143846 45698 88790
23375 16618 81243
81243 16618 23375
16618 23375 81243
18576 63232 121115
63232 18576 121115
121115 18576 63232
120062 32353 91398
91398 32353 120062
32353 91398 120062
27232 68081 130577
68081 27232 130577
130577 27232 68081
119649 19839 109964
19839 109964 119649
109964 19839 119649
96003 76086 120496
76086 96003 120496
120496 76086 96003
27394 431 52565
52565 431 27394
431 27394 52565
26412 35444 79241
35444 26412 79241
79241 26412 35444
98360 43615 104642
43615 98360 104642
104642 43615 98360
119367 718 68422
68422 718 119367
718 68422 119367
126418 15807 34705
34705 15807 126418
15807 34705 126418
118541 64158 96480
96480 64158 118541
64158 96480 118541
75833 66995 137939
137939 66995 75833
66995 75833 137939
84643 32483 44896
44896 32483 84643
32483 44896 84643
123093 31462 118102
118102 31462 123093
31462 118102 123093
111097 81437 95023
95023 81437 111097
81437 95023 111097
104175 15847 28839
28839 15847 104175
15847 28839 104175
62252 28360 39734
39734 28360 62252
28360 39734 62252
83513 49302 88409
88409 49302 83513
49302 83513 88409
31454 1085 84997
1085 31454 84997
84997 1085 31454
4994 53954 134728
134728 4994 53954
53954 4994 134728
103158 11789 121423
121423 11789 103158
11789 103158 121423
136916 80102 105970
80102 105970 136916
105970 80102 136916
71300 62041 138594
138594 62041 71300
62041 71300 138594
98401 4967 5697
5697 4967 98401
4967 5697 98401
139406 4529 43714
43714 4529 139406
4529 43714 139406
149900 82154 88344
88344 82154 149900
82154 88344 149900
147134 11585 80911
80911 11585 147134
11585 80911 147134
66335 34157 115869
115869 34157 66335
34157 66335 115869
46242 37477 118177
118177 37477 46242
37477 46242 118177
123396 39353 107344
107344 39353 123396
39353 107344 123396
51549 124664 148341
124664 51549 148341
148341 51549 124664
94191 13421 54659
13421 54659 94191
54659 13421 94191
98002 12636 48448
48448 12636 98002
12636 48448 98002
98274 9918 123391
123391 9918 98274
9918 98274 123391
21462 73023 110746
110746 21462 73023
73023 21462 110746
52066 12588 19746
12588 19746 52066
19746 12588 52066
19092 56030 105883
105883 19092 56030
56030 19092 105883
13997 32425 33397
32425 13997 33397
33397 13997 32425
98306 61211 109770
109770 61211 98306
61211 98306 109770
132924 86280 102355
102355 86280 132924
86280 102355 132924
149934 45712 113330
113330 45712 149934
45712 113330 149934
143721 35298 69439
69439 35298 143721
35298 69439 143721
79860 26883 123324
123324 26883 79860
26883 79860 123324
141873 36449 38314
38314 36449 141873
36449 38314 141873
125378 41055 118417
41055 118417 125378
118417 41055 125378
122438 105829 136845
105829 122438 136845
136845 105829 122438
49951 108006 149258
149258 49951 108006
108006 49951 149258
36617 91535 141680
141680 36617 91535
91535 36617 141680
94086 47148 107984
107984 47148 94086
47148 94086 107984
42662 3653 148613
3653 42662 148613
148613 3653 42662
4851 35121 97186
97186 4851 35121
35121 4851 97186
121081 122377 136790
136790 121081 122377
122377 121081 136790
41166 32172 137677
137677 32172 41166
32172 41166 137677
78658 10334 63500
10334 63500 78658
63500 10334 78658
39686 71307 115119
71307 39686 115119
115119 39686 71307
118664 21229 83662
83662 21229 118664
21229 83662 118664
88422 12038 88813
88813 12038 88422
12038 88422 88813
8964 22858 42974
42974 8964 22858
22858 8964 42974
75234 40806 58754
58754 40806 75234
40806 58754 75234
113097 17407 41554
17407 41554 113097
41554 17407 113097
97425 3174 82074
82074 3174 97425
3174 82074 97425
131027 27362 118296
27362 118296 131027
118296 27362 131027
34371 120554 141567
141567 34371 120554
120554 34371 141567
4934 28698 90252
28698 4934 90252
90252 4934 28698
51099 39036 52323
52323 39036 51099
39036 51099 52323
62793 35225 104617
35225 62793 104617
104617 35225 62793
142500 61956 92165
92165 61956 142500
61956 92165 142500
78351 111499 136192
111499 78351 136192
136192 78351 111499
144827 738 131964
131964 738 144827
738 131964 144827
82342 733 139362
139362 733 82342
733 82342 139362
49209 51053 99188
99188 49209 51053
51053 49209 99188
14057 9166 143143
9166 14057 143143
143143 9166 14057
97300 94617 125730
94617 97300 125730
125730 94617 97300
22372 69777 148310
148310 22372 69777
69777 22372 148310
44563 58930 86055
58930 44563 86055
86055 44563 58930
92595 77231 139974
77231 92595 139974
139974 77231 92595
22652 99539 147348
147348 22652 99539
99539 22652 147348
116067 78482 89328
89328 78482 116067
78482 89328 116067
3137 91041 142129
142129 3137 91041
91041 3137 142129
122210 49476 76774
76774 49476 122210
49476 76774 122210
57145 42216 57472
57472 42216 57145
42216 57145 57472
122966 9288 22530
9288 22530 122966
22530 9288 122966
82671 78197 105807
105807 78197 82671
78197 82671 105807
54389 86260 138677
86260 54389 138677
138677 54389 86260
121312 55249 72164
55249 72164 121312
72164 55249 121312
124220 72959 95892
72959 95892 124220
95892 72959 124220
92198 73684 103578
103578 73684 92198
73684 92198 103578
44442 52766 65010
65010 44442 52766
52766 44442 65010
58267 125082 134141
125082 58267 134141
134141 58267 125082
98518 56926 132268
56926 98518 132268
132268 56926 98518
115539 78103 147266
78103 115539 147266
147266 78103 115539
85662 16241 104309
104309 16241 85662
16241 85662 104309
149986 51548 66383
66383 51548 149986
51548 66383 149986
95585 87109 129412
87109 95585 129412
129412 87109 95585
133527 1899 34556
1899 34556 133527
34556 1899 133527
23406 32988 90387
90387 23406 32988
32988 23406 90387
118103 123962 125227
125227 118103 123962
123962 118103 125227
100341 134214 143191
143191 100341 134214
134214 100341 143191
70682 35036 48289
48289 35036 70682
35036 48289 70682
94970 17337 148086
17337 94970 148086
148086 17337 94970
111901 103005 122007
122007 103005 111901
103005 111901 122007
72366 66054 139135
139135 66054 72366
66054 72366 139135
65575 28773 128328
28773 65575 128328
128328 28773 65575
104454 48049 149832
149832 48049 104454
48049 104454 149832
47000 60634 137567
60634 47000 137567
137567 47000 60634
120860 76579 110911
110911 76579 120860
76579 110911 120860
110628 1898 26668
26668 1898 110628
1898 26668 110628
7565 5258 70738
5258 7565 70738
70738 5258 7565
99162 32427 57641
32427 57641 99162
57641 32427 99162
8310 89972 138084
89972 8310 138084
138084 8310 89972
38408 37233 39125
37233 38408 39125
39125 37233 38408
73226 79741 138148
138148 73226 79741
79741 73226 138148
123634 3099 122277
122277 3099 123634
3099 122277 123634
76906 108213 120823
120823 76906 108213
108213 76906 120823
22505 3635 134094
134094 3635 22505
3635 22505 134094
90030 20903 62474
20903 62474 90030
62474 20903 90030
74101 46588 119793
46588 74101 119793
119793 46588 74101
9116 13433 77055
13433 9116 77055
77055 9116 13433
108983 57710 116932
116932 57710 108983
57710 108983 116932
128359 61426 101340
101340 61426 128359
61426 101340 128359
102919 266 39412
266 39412 102919
39412 266 102919
106528 25985 89663
25985 89663 106528
89663 25985 106528
9045 3232 67237
3232 9045 67237
67237 3232 9045
137863 8975 82913
8975 82913 137863
82913 8975 137863
144886 28744 133577
28744 133577 144886
133577 28744 144886
129849 80316 138454
138454 80316 129849
80316 129849 138454
35553 122507 144928
144928 35553 122507
122507 35553 144928
40832 16398 61680
61680 16398 40832
16398 40832 61680
64859 76301 114563
114563 64859 76301
76301 64859 114563
134910 17708 127652
127652 17708 134910
17708 127652 134910
133751 28010 29803
28010 29803 133751
29803 28010 133751
60321 11551 118106
118106 11551 60321
11551 60321 118106
125913 97952 119036
97952 119036 125913
119036 97952 125913
21964 14169 71839
14169 21964 71839
71839 14169 21964
84150 58459 79593
58459 79593 84150
79593 58459 84150
17783 29369 117861
117861 17783 29369
29369 17783 117861
36063 17814 47143
47143 17814 36063
17814 36063 47143
40543 107054 120239
120239 40543 107054
107054 40543 120239
149457 57256 110010
110010 57256 149457
57256 110010 149457
88976 55885 114674
55885 88976 114674
114674 55885 88976
99090 38110 120535
38110 99090 120535
120535 38110 99090
115258 55353 86281
86281 55353 115258
55353 86281 115258
113907 8075 81153
81153 8075 113907
8075 81153 113907
7775 4055 130129
4055 7775 130129
130129 4055 7775
102825 62307 65120
62307 65120 102825
65120 62307 102825
35143 15621 96462
15621 35143 96462
96462 15621 35143
29783 238 1390
1390 238 29783
238 1390 29783
16477 52236 64623
64623 16477 52236
52236 16477 64623
19036 120160 146139
120160 19036 146139
146139 19036 120160
16689 79146 107563
107563 16689 79146
79146 16689 107563
66691 7697 101500
101500 7697 66691
7697 66691 101500
5878 38818 67677
38818 5878 67677
67677 5878 38818
143386 133 107001
133 107001 143386
107001 133 143386
14089 17819 112302
17819 14089 112302
112302 14089 17819
35074 6858 29143
29143 6858 35074
6858 29143 35074
89237 147284 148535
148535 89237 147284
147284 89237 148535
94577 25280 29132
25280 29132 94577
29132 25280 94577
75023 59015 122773
59015 75023 122773
122773 59015 75023
16169 2815 8210
2815 8210 16169
8210 2815 16169
84092 60764 74918
60764 74918 84092
74918 60764 84092
142059 10461 99856
99856 10461 142059
10461 99856 142059
8530 84754 145560
84754 8530 145560
145560 8530 84754
94055 62223 108670
62223 94055 108670
108670 62223 94055
58658 10010 90241
90241 10010 58658
10010 58658 90241
87766 32192 99193
32192 87766 99193
99193 32192 87766
101420 40236 132380
40236 101420 132380
132380 40236 101420
9322 6155 96161
6155 9322 96161
96161 6155 9322
138542 2789 101400
2789 101400 138542
101400 2789 138542
33513 40057 99191
40057 33513 99191
99191 33513 40057
80251 16288 112519
16288 80251 112519
112519 16288 80251
115363 33301 87383
87383 33301 115363
33301 87383 115363
129093 27917 98526
27917 98526 129093
98526 27917 129093
94079 101988 144878
101988 94079 144878
144878 94079 101988
17186 35932 120047
120047 17186 35932
35932 17186 120047
17290 31811 38285
31811 17290 38285
38285 17290 31811
88607 74126 104113
74126 88607 104113
104113 74126 88607
133290 69104 116221
116221 69104 133290
69104 116221 133290
104896 13963 102483
13963 102483 104896
102483 13963 104896
65186 89022 140210
140210 65186 89022
89022 65186 140210
25923 83384 126270
83384 25923 126270
126270 25923 83384
46315 35216 83861
83861 35216 46315
35216 46315 83861
40589 45765 54000
54000 40589 45765
45765 40589 54000
25764 99407 138504
138504 25764 99407
99407 25764 138504
146690 58123 61398
58123 61398 146690
61398 58123 146690
6560 27594 42514
42514 6560 27594
27594 6560 42514
32127 4867 143499
4867 32127 143499
143499 4867 32127
53495 33792 57916
33792 53495 57916
57916 33792 53495
149354 19909 28123
28123 19909 149354
19909 28123 149354
94136 76335 111201
111201 76335 94136
76335 94136 111201
105821 95614 109479
95614 105821 109479
109479 95614 105821
12931 47416 113655
47416 12931 113655
113655 12931 47416
148046 83157 93101
83157 93101 148046
93101 83157 148046
23441 100112 116720
116720 23441 100112
100112 23441 116720
130044 30832 103054
30832 103054 130044
103054 30832 130044
129392 64782 149237
149237 64782 129392
64782 129392 149237
83640 11958 16465
11958 16465 83640
16465 11958 83640
25534 120606 127999
127999 25534 120606
120606 25534 127999
85272 132772 142581
142581 85272 132772
132772 85272 142581
145524 8213 63719
8213 63719 145524
63719 8213 145524
3520 103510 104625
103510 3520 104625
104625 3520 103510
37406 23676 67027
67027 23676 37406
23676 37406 67027
24595 30801 102822
30801 24595 102822
102822 24595 30801
148889 65648 93813
65648 93813 148889
93813 65648 148889
78909 60592 107003
107003 60592 78909
60592 78909 107003
60608 35102 98986
98986 35102 60608
35102 60608 98986
122855 36774 75032
36774 75032 122855
75032 36774 122855
11700 103427 119683
119683 11700 103427
103427 11700 119683
102587 52259 119180
52259 102587 119180
119180 52259 102587
10365 36806 86669
36806 10365 86669
86669 10365 36806
97728 35258 131710
131710 35258 97728
35258 97728 131710
83281 65061 79524
79524 65061 83281
65061 79524 83281
69462 25613 107750
107750 25613 69462
25613 69462 107750
78814 75108 98134
98134 75108 78814
75108 78814 98134
89927 3496 97142
97142 3496 89927
3496 89927 97142
64007 81881 129618
81881 64007 129618
129618 64007 81881
91625 52212 63397
63397 52212 91625
52212 63397 91625
124496 5919 130025
5919 124496 130025
130025 5919 124496
17410 97480 139383
139383 17410 97480
97480 17410 139383
105170 25229 107959
107959 25229 105170
25229 105170 107959
147909 35713 80385
80385 35713 147909
35713 80385 147909
67310 44040 125477
125477 44040 67310
44040 67310 125477
1811 17194 101133
17194 1811 101133
101133 1811 17194
50562 109164 121550
121550 50562 109164
109164 50562 121550
122117 21285 32762
32762 21285 122117
21285 32762 122117
66108 111155 130257
111155 66108 130257
130257 66108 111155
71867 25572 148294
148294 25572 71867
25572 71867 148294
120094 93092 95324
95324 93092 120094
93092 95324 120094
118899 46118 141126
46118 118899 141126
141126 46118 118899
84298 139726 145987
139726 84298 145987
145987 84298 139726
117980 35906 45416
45416 35906 117980
35906 45416 117980
54582 13351 92557
13351 54582 92557
92557 13351 54582
130792 35240 92548
35240 92548 130792
92548 35240 130792
52154 8333 148351
148351 8333 52154
8333 52154 148351
134823 59755 123450
59755 123450 134823
123450 59755 134823
45824 109005 127514
109005 45824 127514
127514 45824 109005
8435 40110 87751
40110 8435 87751
87751 8435 40110
58174 37665 131741
37665 58174 131741
131741 37665 58174
30752 96487 113017
113017 30752 96487
96487 30752 113017
94322 51314 85130
51314 85130 94322
85130 51314 94322
77445 14786 58952
14786 58952 77445
58952 14786 77445
100956 63614 140576
140576 63614 100956
63614 100956 140576
23751 190 122774
190 23751 122774
122774 190 23751
5914 85014 117805
85014 5914 117805
117805 5914 85014
118260 34427 115806
34427 115806 118260
115806 34427 118260
10012 35948 136632
35948 10012 136632
136632 10012 35948
98922 120165 134409
134409 98922 120165
120165 98922 134409
112105 117485 148330
117485 112105 148330
148330 112105 117485
116297 84258 146809
146809 84258 116297
84258 116297 146809
3262 53796 119219
119219 3262 53796
53796 3262 119219
145671 86012 131110
86012 131110 145671
131110 86012 145671
4291 70055 118079
118079 4291 70055
70055 4291 118079
83156 41518 66578
66578 41518 83156
41518 66578 83156
5610 44451 91761
44451 5610 91761
91761 5610 44451
104083 77950 139522
77950 104083 139522
139522 77950 104083
110767 17665 52981
52981 17665 110767
17665 52981 110767
66994 83768 120692
120692 66994 83768
83768 66994 120692
15188 53194 53217
53217 15188 53194
53194 15188 53217
90929 7157 64948
7157 64948 90929
64948 7157 90929
67573 4128 60811
4128 60811 67573
60811 4128 67573
96531 29575 35779
29575 35779 96531
35779 29575 96531
89978 10835 28408
28408 10835 89978
10835 28408 89978
107758 62666 120534
120534 62666 107758
62666 107758 120534
64365 27993 125659
27993 64365 125659
125659 27993 64365
4629 51933 109855
51933 4629 109855
109855 4629 51933
76707 4059 71824
4059 71824 76707
71824 4059 76707
20766 3088 26919
26919 3088 20766
3088 20766 26919
48845 11682 121347
11682 48845 121347
121347 11682 48845
149366 8591 103555
8591 103555 149366
103555 8591 149366
149054 65011 145670
145670 65011 149054
65011 145670 149054
105774 16499 58292
16499 58292 105774
58292 16499 105774
96802 108180 141193
108180 96802 141193
141193 96802 108180
105215 95197 127717
95197 105215 127717
127717 95197 105215
146692 21136 146940
21136 146692 146940
146940 21136 146692
130195 54 11672
11672 54 130195
54 11672 130195
81492 55851 126385
55851 81492 126385
126385 55851 81492
76891 8006 74205
74205 8006 76891
8006 74205 76891
30243 29666 36012
29666 30243 36012
36012 29666 30243
113323 104907 107319
104907 107319 113323
107319 104907 113323
85116 41235 42810
41235 42810 85116
42810 41235 85116
73517 16224 111494
16224 73517 111494
111494 16224 73517
125180 82184 118142
118142 82184 125180
82184 118142 125180
14518 35142 116012
116012 14518 35142
35142 14518 116012
149654 22566 59842
22566 59842 149654
59842 22566 149654
134890 94864 148559
94864 134890 148559
148559 94864 134890
72913 81159 95198
95198 72913 81159
81159 72913 95198
106729 21488 145159
145159 21488 106729
21488 106729 145159
22952 97973 112079
97973 22952 112079
112079 22952 97973
62174 7137 146959
146959 7137 62174
7137 62174 146959
8714 78068 110231
110231 8714 78068
78068 8714 110231
78250 128544 131526
128544 78250 131526
131526 78250 128544
49078 107166 135687
107166 49078 135687
135687 49078 107166
73874 47380 69013
69013 47380 73874
47380 69013 73874
135634 34650 128482
128482 34650 135634
34650 128482 135634
104008 19921 144796
19921 104008 144796
144796 19921 104008
95660 83011 108969
108969 83011 95660
83011 95660 108969
137766 36453 43006
36453 43006 137766
43006 36453 137766
145343 47013 114775
114775 47013 145343
47013 114775 145343
67745 99777 126187
99777 67745 126187
126187 67745 99777
135954 12948 81137
81137 12948 135954
12948 81137 135954
106806 120593 120934
120934 106806 120593
120593 106806 120934
147973 33354 97423
97423 33354 147973
33354 97423 147973
144265 68574 117157
68574 117157 144265
117157 68574 144265
62765 78479 91347
91347 62765 78479
78479 62765 91347
34333 55642 89882
55642 34333 89882
89882 34333 55642
116333 41702 88704
88704 41702 116333
41702 88704 116333
124289 68160 106190
106190 68160 124289
68160 106190 124289
44307 39770 47278
39770 44307 47278
47278 39770 44307
12023 22333 39574
22333 12023 39574
39574 12023 22333
11922 79360 87463
79360 11922 87463
87463 11922 79360
51424 30954 120613
120613 30954 51424
30954 51424 120613
116306 8985 131610
131610 8985 116306
8985 116306 131610
91342 115707 145051
115707 91342 145051
145051 91342 115707
147407 72450 124256
72450 124256 147407
124256 72450 147407
146841 89513 133075
133075 89513 146841
89513 133075 146841
14955 68509 82250
82250 14955 68509
68509 14955 82250
111910 65309 137652
137652 65309 111910
65309 111910 137652
94120 13936 62597
13936 62597 94120
62597 13936 94120
148855 10664 67459
67459 10664 148855
10664 67459 148855
149825 94404 129519
94404 129519 149825
129519 94404 149825
117783 41590 88751
88751 41590 117783
41590 88751 117783
140782 130349 136810
136810 130349 140782
130349 136810 140782
68865 56522 139640
139640 56522 68865
56522 68865 139640
34462 43120 95612
43120 34462 95612
95612 34462 43120
84211 4182 114002
4182 84211 114002
114002 4182 84211
82109 41489 47493
47493 41489 82109
41489 47493 82109
33546 16628 100405
16628 33546 100405
100405 16628 33546
148170 71012 81442
81442 71012 148170
71012 81442 148170
46339 69631 136498
69631 46339 136498
136498 46339 69631
138269 127874 146716
127874 138269 146716
146716 127874 138269
17702 74036 101136
74036 17702 101136
101136 17702 74036
11145 7459 32163
32163 7459 11145
7459 11145 32163
57275 1111 64713
1111 57275 64713
64713 1111 57275
29876 4862 22206
22206 4862 29876
4862 22206 29876
13171 112795 132097
112795 13171 132097
132097 13171 112795
66769 46889 49793
46889 49793 66769
49793 46889 66769
11260 1958 115012
1958 11260 115012
115012 1958 11260
24970 143273 143712
143273 24970 143712
143712 24970 143273
98899 26828 121388
121388 26828 98899
26828 98899 121388
143530 35917 64122
64122 35917 143530
35917 64122 143530
139286 93225 110933
110933 93225 139286
93225 110933 139286
71363 71365 79745
79745 71363 71365
71365 71363 79745
111686 19439 47751
47751 19439 111686
19439 47751 111686
19214 24989 82914
82914 19214 24989
24989 19214 82914
72761 65411 145555
145555 65411 72761
65411 72761 145555
144507 4939 55341
4939 55341 144507
55341 4939 144507
73657 31361 33106
31361 33106 73657
33106 31361 73657
60754 71974 128809
71974 60754 128809
128809 60754 71974
31104 85936 106996
106996 31104 85936
85936 31104 106996
95425 32883 84304
84304 32883 95425
32883 84304 95425
95629 95580 125381
125381 95580 95629
95580 95629 125381
64266 69919 73412
73412 64266 69919
69919 64266 73412
128067 17234 103422
17234 103422 128067
103422 17234 128067
29706 67087 127107
67087 29706 127107
127107 29706 67087
58470 9009 115558
9009 58470 115558
115558 9009 58470
13683 100750 109126
109126 13683 100750
100750 13683 109126
30880 66448 131864
66448 30880 131864
131864 30880 66448
84562 925 69105
925 69105 84562
69105 925 84562
149148 105358 106391
105358 106391 149148
106391 105358 149148
15369 32249 124021
124021 15369 32249
32249 15369 124021
66620 50987 111486
50987 66620 111486
111486 50987 66620
140790 25632 143764
25632 140790 143764
143764 25632 140790
94268 6011 135738
135738 6011 94268
6011 94268 135738
129205 108498 135718
108498 129205 135718
135718 108498 129205
67808 76011 101940
76011 67808 101940
101940 67808 76011
81451 42790 135729
42790 81451 135729
135729 42790 81451
90976 30569 108272
30569 90976 108272
108272 30569 90976
82910 31861 35043
35043 31861 82910
31861 35043 82910
106982 21847 105056
105056 21847 106982
21847 105056 106982
146227 81431 140108
140108 81431 146227
81431 140108 146227
95352 73481 114697
73481 95352 114697
114697 73481 95352
148279 16880 25268
25268 16880 148279
16880 25268 148279
138544 1628 105072
105072 1628 138544
1628 105072 138544
45989 91183 148856
91183 45989 148856
148856 45989 91183
60368 60477 89956
89956 60368 60477
60477 60368 89956
56791 39271 116520
39271 56791 116520
116520 39271 56791
31348 16595 110811
110811 16595 31348
16595 31348 110811
43695 90254 147731
90254 43695 147731
147731 43695 90254
117890 54764 110565
54764 110565 117890
110565 54764 117890
65170 40071 94960
94960 40071 65170
40071 65170 94960
21138 37627 40766
37627 21138 40766
40766 21138 37627
124562 40183 132811
132811 40183 124562
40183 124562 132811
37298 17780 119410
119410 17780 37298
17780 37298 119410
47127 15734 57629
57629 15734 47127
15734 47127 57629
134463 51613 118188
51613 118188 134463
118188 51613 134463
91403 31611 71911
31611 71911 91403
71911 31611 91403
22920 103260 148636
103260 22920 148636
148636 22920 103260
4792 5993 119163
5993 4792 119163
119163 4792 5993
93211 45920 111835
45920 93211 111835
111835 45920 93211
