195 1080 1422
1422 195 1080
1080 195 1422
1088 61 1337
61 1088 1337
1337 61 1088
1323 175 1262
1262 175 1323
175 1262 1323
728 972 1090
1090 728 972
972 728 1090
425 920 1113
920 425 1113
1113 425 920
236 438 1004
1004 236 438
438 236 1004
1017 870 1035
870 1017 1035
1035 870 1017
854 38 1083
38 854 1083
1083 38 854
609 311 998
311 609 998
998 311 609
174 221 434
221 174 434
434 174 221
1465 211 521
521 211 1465
211 521 1465
1429 83 761
761 83 1429
83 761 1429
450 143 614
614 143 450
143 450 614
1475 306 706
306 706 1475
706 306 1475
435 1056 1285
1285 435 1056
1056 435 1285
99 117 1413
1413 99 117
117 99 1413
398 565 1110
1110 398 565
565 398 1110
1357 886 1177
886 1177 1357
1177 886 1357
1166 573 892
892 573 1166
573 892 1166
1416 970 1340
970 1340 1416
1340 970 1416
121 262 1074
262 121 1074
1074 121 262
977 928 1478
928 977 1478
1478 928 977
781 596 1405
1405 596 781
596 781 1405
620 601 1161
601 620 1161
1161 601 620
560 1431 1481
1481 560 1431
1431 560 1481
69 683 974
683 69 974
974 69 683
515 364 955
364 515 955
955 364 515
1133 700 1301
1301 700 1133
700 1133 1301
836 641 1293
641 836 1293
1293 641 836
1491 1172 1463
1463 1172 1491
1172 1463 1491
1467 1212 1500
1212 1467 1500
1500 1212 1467
377 1184 1216
1216 377 1184
1184 377 1216
1370 109 989
989 109 1370
109 989 1370
1093 332 640
332 640 1093
640 332 1093
739 496 1310
496 739 1310
1310 496 739
742 1136 1253
1136 742 1253
1253 742 1136
511 376 923
376 511 923
923 376 511
11 126 395
395 11 126
126 11 395
494 449 1307
1307 449 494
449 494 1307
1362 622 1039
1039 622 1362
622 1039 1362
189 513 963
963 189 513
513 189 963
943 1 653
1 653 943
653 1 943
1266 549 1375
549 1266 1375
1375 549 1266
737 1139 1479
1139 737 1479
1479 737 1139
1065 226 249
249 226 1065
226 249 1065
1445 1364 1497
1497 1364 1445
1364 1445 1497
1207 747 844
844 747 1207
747 844 1207
940 1082 1390
1082 940 1390
1390 940 1082
1130 910 1100
910 1100 1130
1100 910 1130
544 285 411
285 411 544
411 285 544
1137 293 819
293 819 1137
819 293 1137
1313 628 1144
628 1144 1313
1144 628 1313
391 1118 1242
1118 391 1242
1242 391 1118
1359 1142 1158
1158 1142 1359
1142 1158 1359
991 200 452
200 452 991
452 200 991
135 372 821
372 135 821
821 135 372
1377 155 705
155 705 1377
705 155 1377
1441 937 1243
937 1243 1441
1243 937 1441
877 210 1355
210 877 1355
1355 210 877
110 1081 1105
1081 110 1105
1105 110 1081
805 120 1403
120 805 1403
1403 120 805
1095 188 1404
1404 188 1095
188 1095 1404
1151 907 1317
907 1151 1317
1317 907 1151
855 736 871
871 736 855
736 855 871
551 688 1037
688 551 1037
1037 551 688
679 409 576
576 409 679
409 576 679
709 556 777
777 556 709
556 709 777
1027 116 442
116 442 1027
442 116 1027
1104 152 778
152 778 1104
778 152 1104
883 215 1167
215 883 1167
1167 215 883
501 1290 1450
1290 501 1450
1450 501 1290
1249 801 1448
801 1249 1448
1448 801 1249
1028 585 847
585 847 1028
847 585 1028
787 181 563
181 563 787
563 181 787
525 903 1327
1327 525 903
903 525 1327
388 828 1067
1067 388 828
828 388 1067
1018 331 453
331 453 1018
453 331 1018
248 73 159
73 159 248
159 73 248
55 952 1406
1406 55 952
952 55 1406
744 113 327
113 327 744
327 113 744
350 151 1008
151 350 1008
1008 151 350
945 15 472
472 15 945
15 472 945
137 1175 1254
1254 137 1175
1175 137 1254
1384 579 1036
579 1036 1384
1036 579 1384
1291 246 716
246 716 1291
716 246 1291
74 682 1202
682 74 1202
1202 74 682
731 725 1143
725 731 1143
1143 725 731
1300 904 1459
1459 904 1300
904 1300 1459
183 1193 1353
1193 183 1353
1353 183 1193
578 524 1134
1134 524 578
524 578 1134
336 889 1344
1344 336 889
889 336 1344
263 975 1473
1473 263 975
975 263 1473
566 707 1131
707 566 1131
1131 566 707
1460 477 569
477 569 1460
569 477 1460
179 906 1187
906 179 1187
1187 179 906
1170 204 678
204 678 1170
678 204 1170
666 507 655
507 655 666
655 507 666
1044 562 1229
562 1044 1229
1229 562 1044
1176 430 811
811 430 1176
430 811 1176
1321 19 90
90 19 1321
19 90 1321
307 385 535
535 307 385
385 307 535
1185 880 1173
1173 880 1185
880 1173 1185
753 727 1493
727 753 1493
1493 727 753
160 299 463
299 160 463
463 160 299
416 333 917
333 416 917
917 333 416
216 42 399
399 42 216
42 216 399
355 673 881
673 355 881
881 355 673
146 1047 1360
1047 146 1360
1360 146 1047
555 29 950
29 555 950
950 29 555
1311 92 225
92 225 1311
225 92 1311
1393 712 1069
1069 712 1393
712 1069 1393
163 670 994
670 163 994
994 163 670
1178 5 1251
5 1178 1251
1251 5 1178
729 186 1117
1117 186 729
186 729 1117
915 519 1204
1204 519 915
519 915 1204
271 696 1149
696 271 1149
1149 271 696
993 545 608
608 545 993
545 608 993
948 514 1190
514 948 1190
1190 514 948
1335 812 1222
812 1222 1335
1222 812 1335
885 616 1119
616 885 1119
1119 616 885
1010 65 1432
1432 65 1010
65 1010 1432
1155 184 1232
184 1155 1232
1232 184 1155
799 79 415
79 415 799
415 79 799
1219 581 933
581 933 1219
933 581 1219
924 51 1181
51 924 1181
1181 51 924
636 852 1097
852 636 1097
1097 636 852
1464 265 400
400 265 1464
265 400 1464
431 935 1234
1234 431 935
935 431 1234
356 489 1419
1419 356 489
489 356 1419
122 479 1042
479 122 1042
1042 122 479
1194 404 701
404 701 1194
701 404 1194
1328 192 276
276 192 1328
192 276 1328
926 386 979
979 386 926
386 926 979
866 1192 1435
1192 866 1435
1435 866 1192
634 1059 1066
1066 634 1059
1059 634 1066
1235 495 717
495 717 1235
717 495 1235
600 245 1051
245 600 1051
1051 245 600
378 371 1033
1033 371 378
371 378 1033
548 208 242
208 242 548
242 208 548
451 63 988
63 451 988
988 63 451
823 237 1382
1382 237 823
237 823 1382
533 554 1333
1333 533 554
554 533 1333
1189 878 1461
1461 878 1189
878 1189 1461
258 486 526
486 258 526
526 258 486
813 1164 1264
1264 813 1164
1164 813 1264
1383 623 1309
623 1309 1383
1309 623 1383
583 528 695
695 528 583
528 583 695
10 677 1350
677 10 1350
1350 10 677
428 529 882
882 428 529
529 428 882
946 582 1443
1443 582 946
582 946 1443
1001 766 1091
1091 766 1001
766 1001 1091
1165 510 704
510 704 1165
704 510 1165
447 849 1374
849 447 1374
1374 447 849
156 857 921
857 156 921
921 156 857
119 750 962
750 119 962
962 119 750
953 527 861
527 861 953
861 527 953
8 1287 1389
1389 8 1287
1287 8 1389
930 610 619
610 619 930
619 610 930
774 105 1271
105 774 1271
1271 105 774
922 900 973
973 900 922
900 922 973
27 261 985
261 27 985
985 27 261
1267 643 685
685 643 1267
643 685 1267
1396 182 1302
1302 182 1396
182 1302 1396
1012 308 663
663 308 1012
308 663 1012
1281 49 420
420 49 1281
49 420 1281
244 1376 1395
1376 244 1395
1395 244 1376
932 553 793
553 793 932
793 553 932
289 197 1332
197 289 1332
1332 197 289
402 31 1025
1025 31 402
31 402 1025
919 658 1373
658 919 1373
1373 658 919
1368 274 383
383 274 1368
274 383 1368
1417 405 1447
1447 405 1417
405 1417 1447
1099 82 873
82 873 1099
873 82 1099
859 129 375
129 375 859
375 129 859
842 1436 1495
1436 842 1495
1495 842 1436
198 59 367
367 59 198
59 198 367
654 626 1032
1032 626 654
626 654 1032
735 647 748
748 647 735
647 735 748
1245 153 1339
153 1245 1339
1339 153 1245
28 247 558
558 28 247
247 28 558
1283 33 328
33 328 1283
328 33 1283
1420 607 1038
1038 607 1420
607 1038 1420
50 1045 1402
1402 50 1045
1045 50 1402
1469 266 720
266 720 1469
720 266 1469
368 830 978
978 368 830
830 368 978
134 687 1385
1385 134 687
687 134 1385
1153 406 775
775 406 1153
406 775 1153
123 448 1325
448 123 1325
1325 123 448
1058 722 1156
722 1058 1156
1156 722 1058
754 284 954
284 754 954
954 284 754
667 947 1326
1326 667 947
947 667 1326
484 1116 1446
1116 484 1446
1446 484 1116
730 9 697
9 697 730
697 9 730
657 424 1349
424 657 1349
1349 424 657
1112 273 764
273 764 1112
764 273 1112
393 1224 1354
1224 393 1354
1354 393 1224
118 1379 1499
1499 118 1379
1379 118 1499
279 23 1312
1312 23 279
23 279 1312
310 872 1211
1211 310 872
872 310 1211
240 124 633
124 240 633
633 124 240
925 41 1147
41 925 1147
1147 41 925
1336 329 433
433 329 1336
329 433 1336
765 1109 1411
1109 765 1411
1411 765 1109
981 275 1060
275 981 1060
1060 275 981
106 833 1146
1146 106 833
833 106 1146
35 482 1466
482 35 1466
1466 35 482
790 929 1274
929 790 1274
1274 790 929
567 961 1276
961 567 1276
1276 567 961
60 301 1457
1457 60 301
301 60 1457
1258 46 272
272 46 1258
46 272 1258
458 588 1022
1022 458 588
588 458 1022
80 650 1470
1470 80 650
650 80 1470
94 537 1174
1174 94 537
537 94 1174
1072 617 902
902 617 1072
617 902 1072
71 506 631
631 71 506
506 71 631
1356 642 965
965 642 1356
642 965 1356
465 268 1114
268 465 1114
1114 268 465
1341 142 345
345 142 1341
142 345 1341
97 95 1346
1346 95 97
95 97 1346
1392 853 1330
1330 853 1392
853 1330 1392
1135 26 1418
26 1135 1418
1418 26 1135
1005 749 769
769 749 1005
749 769 1005
772 351 1380
351 772 1380
1380 351 772
523 70 446
70 446 523
446 70 523
456 401 714
714 401 456
401 456 714
1169 436 676
436 676 1169
676 436 1169
1273 235 1107
235 1107 1273
1107 235 1273
939 115 1314
115 939 1314
1314 115 939
534 167 1496
1496 167 534
167 534 1496
1078 825 1468
1468 825 1078
825 1078 1468
817 40 1071
1071 40 817
40 817 1071
541 234 916
234 541 916
916 234 541
218 656 884
884 218 656
656 218 884
166 462 1009
1009 166 462
462 166 1009
1280 257 724
724 257 1280
257 724 1280
13 1378 1398
1398 13 1378
1378 13 1398
1163 575 986
986 575 1163
575 986 1163
1182 318 1049
1049 318 1182
318 1049 1182
604 1006 1319
1006 604 1319
1319 604 1006
1239 536 856
856 536 1239
536 856 1239
660 1228 1488
1228 660 1488
1488 660 1228
1272 224 277
224 277 1272
277 224 1272
867 618 1208
1208 618 867
618 867 1208
574 792 1358
1358 574 792
792 574 1358
412 238 315
315 238 412
238 315 412
1070 128 292
292 128 1070
128 292 1070
957 890 1186
1186 890 957
890 957 1186
1087 474 1206
474 1087 1206
1206 474 1087
987 1111 1322
1322 987 1111
1111 987 1322
862 326 468
326 468 862
468 326 862
594 820 864
820 594 864
864 594 820
1215 96 1230
96 1215 1230
1230 96 1215
309 410 684
684 309 410
410 309 684
1439 1179 1483
1179 1439 1483
1483 1179 1439
763 672 1154
1154 672 763
672 763 1154
1020 217 1397
1397 217 1020
217 1020 1397
1160 546 1248
1248 546 1160
546 1160 1248
721 1129 1316
1129 721 1316
1316 721 1129
1148 586 595
595 586 1148
586 595 1148
139 646 773
773 139 646
646 139 773
1471 283 1092
283 1092 1471
1092 283 1471
58 81 1295
1295 58 81
81 58 1295
374 158 876
158 374 876
876 158 374
664 132 1026
132 664 1026
1026 132 664
936 784 1089
1089 784 936
784 936 1089
826 500 1029
500 826 1029
1029 500 826
193 829 967
829 193 967
967 193 829
259 444 1453
1453 259 444
444 259 1453
779 530 1050
1050 530 779
530 779 1050
723 504 509
509 504 723
504 509 723
895 358 629
358 629 895
629 358 895
808 145 1077
145 808 1077
1077 145 808
838 591 918
918 591 838
591 838 918
776 1030 1138
1138 776 1030
1030 776 1138
100 1286 1320
1286 100 1320
1320 100 1286
1217 976 997
976 997 1217
997 976 1217
561 354 1007
354 561 1007
1007 354 561
1399 427 1252
1252 427 1399
427 1252 1399
958 141 755
755 141 958
141 755 958
338 43 868
43 338 868
868 43 338
209 800 893
893 209 800
800 209 893
1210 14 190
14 190 1210
190 14 1210
686 37 690
690 37 686
37 686 690
675 980 1132
1132 675 980
980 675 1132
492 440 807
807 440 492
440 492 807
1075 12 522
522 12 1075
12 522 1075
1101 550 1279
550 1101 1279
1279 550 1101
1449 580 796
796 580 1449
580 796 1449
899 54 384
384 54 899
54 384 899
478 408 858
408 478 858
858 408 478
798 457 703
457 703 798
703 457 798
804 726 1486
726 804 1486
1486 726 804
1159 762 1021
1021 762 1159
762 1021 1159
669 816 1128
816 669 1128
1128 669 816
1430 64 1218
64 1218 1430
1218 64 1430
296 298 1490
1490 296 298
298 296 1490
1324 1014 1334
1014 1324 1334
1334 1014 1324
760 362 1123
362 760 1123
1123 362 760
187 1053 1223
1053 187 1223
1223 187 1053
467 98 1225
98 467 1225
1225 98 467
254 770 969
770 254 969
969 254 770
1386 860 966
966 860 1386
860 966 1386
942 419 837
419 837 942
837 419 942
1103 1213 1442
1213 1103 1442
1442 1103 1213
542 56 1073
1073 56 542
56 542 1073
934 239 320
320 239 934
239 320 934
459 512 1410
512 459 1410
1410 459 512
888 104 169
169 104 888
104 169 888
136 752 1455
752 136 1455
1455 136 752
102 418 1127
418 102 1127
1127 102 418
287 231 1040
1040 231 287
231 287 1040
1094 185 1282
185 1094 1282
1282 185 1094
396 148 1196
1196 148 396
148 396 1196
342 250 598
250 342 598
598 250 342
1492 335 756
335 756 1492
756 335 1492
222 413 1188
413 222 1188
1188 222 413
1031 176 810
810 176 1031
176 810 1031
1124 103 432
103 432 1124
432 103 1124
1367 214 1462
214 1367 1462
1462 214 1367
851 165 718
165 718 851
718 165 851
1068 624 865
865 624 1068
624 865 1068
337 1250 1487
1250 337 1487
1487 337 1250
612 78 421
78 421 612
421 78 612
297 87 540
540 87 297
87 297 540
809 340 1121
340 809 1121
1121 340 809
68 130 1415
1415 68 130
130 68 1415
1308 587 1079
587 1079 1308
1079 587 1308
1102 999 1057
999 1057 1102
1057 999 1102
173 568 1278
1278 173 568
568 173 1278
605 230 1064
1064 230 605
230 605 1064
487 4 394
4 394 487
394 4 487
1126 785 845
785 845 1126
845 785 1126
802 843 931
931 802 843
843 802 931
243 1048 1292
1292 243 1048
1048 243 1292
1409 348 841
841 348 1409
348 841 1409
1263 1214 1220
1214 1220 1263
1220 1214 1263
1394 1299 1489
1299 1394 1489
1489 1299 1394
154 111 1338
1338 111 154
111 154 1338
1297 34 719
719 34 1297
34 719 1297
3 295 559
295 3 559
559 3 295
387 164 503
164 387 503
503 164 387
25 147 692
147 25 692
692 25 147
839 455 822
822 455 839
455 822 839
1424 349 485
485 349 1424
349 485 1424
36 133 863
133 36 863
863 36 133
797 518 1061
518 797 1061
1061 518 797
964 603 1237
603 964 1237
1237 603 964
1201 352 1226
352 1201 1226
1226 352 1201
1306 241 1407
1407 241 1306
241 1306 1407
52 897 1454
897 52 1454
1454 52 897
662 806 951
806 662 951
951 662 806
1203 788 869
788 869 1203
869 788 1203
490 982 1427
1427 490 982
982 490 1427
896 538 557
538 557 896
557 538 896
611 114 1476
114 611 1476
1476 114 611
1098 88 539
539 88 1098
88 539 1098
771 219 1016
219 771 1016
1016 219 771
630 894 944
944 630 894
894 630 944
592 30 498
498 30 592
30 498 592
445 199 938
938 199 445
199 445 938
1015 232 547
547 232 1015
232 547 1015
131 108 1343
108 131 1343
1343 108 131
1498 732 1361
1361 732 1498
732 1361 1498
369 223 1345
1345 223 369
223 369 1345
1221 288 1260
1260 288 1221
288 1221 1260
1106 469 1043
1043 469 1106
469 1043 1106
75 194 1296
1296 75 194
194 75 1296
480 300 689
689 300 480
300 480 689
593 1294 1472
1294 593 1472
1472 593 1294
621 570 1288
1288 570 621
570 621 1288
497 715 1477
715 497 1477
1477 497 715
1046 17 157
17 157 1046
157 17 1046
45 971 1329
1329 45 971
971 45 1329
325 125 508
508 125 325
125 325 508
1231 313 846
846 313 1231
313 846 1231
1085 324 908
908 324 1085
324 908 1085
835 91 346
346 91 835
91 346 835
62 1318 1412
1412 62 1318
1318 62 1412
439 429 637
429 439 637
637 429 439
454 290 995
995 290 454
290 454 995
304 77 1108
77 304 1108
1108 77 304
827 359 1437
1437 359 827
359 827 1437
47 317 996
317 47 996
996 47 317
16 44 651
651 16 44
44 16 651
1256 84 520
84 520 1256
520 84 1256
649 48 1152
1152 48 649
48 649 1152
150 282 1474
1474 150 282
282 150 1474
1305 531 1233
1233 531 1305
531 1233 1305
1400 229 280
229 280 1400
280 229 1400
422 107 927
107 422 927
927 107 422
347 832 898
898 347 832
832 347 898
905 475 1120
1120 475 905
475 905 1120
1372 196 344
196 344 1372
344 196 1372
584 983 1284
983 584 1284
1284 584 983
499 481 1289
1289 481 499
481 499 1289
1304 887 1199
887 1199 1304
1199 887 1304
323 493 1270
493 323 1270
1270 323 493
768 191 1238
191 768 1238
1238 191 768
491 414 1002
414 491 1002
1002 414 491
941 207 627
207 627 941
627 207 941
330 22 1062
22 330 1062
1062 22 330
252 168 638
168 252 638
638 168 252
1259 205 671
671 205 1259
205 671 1259
6 1205 1425
1425 6 1205
1205 6 1425
577 303 572
303 572 577
572 303 577
645 213 1157
213 645 1157
1157 213 645
1122 1458 1480
1480 1122 1458
1458 1122 1480
956 180 1433
1433 180 956
180 956 1433
403 321 1140
321 403 1140
1140 321 403
1183 891 1257
1257 891 1183
891 1183 1257
665 127 516
127 516 665
516 127 665
751 305 661
661 305 751
305 661 751
795 144 233
233 144 795
144 233 795
913 379 1197
1197 379 913
379 913 1197
668 101 476
476 101 668
101 476 668
597 652 959
959 597 652
652 597 959
366 470 1003
1003 366 470
470 366 1003
1209 464 1421
1421 464 1209
464 1209 1421
212 260 834
260 212 834
834 212 260
745 426 699
426 699 745
699 426 745
1347 149 615
615 149 1347
149 615 1347
441 316 1255
316 441 1255
1255 316 441
1052 984 1440
984 1052 1440
1440 984 1052
824 228 392
228 392 824
392 228 824
373 1084 1315
1084 373 1315
1315 373 1084
782 32 1261
1261 32 782
32 782 1261
1115 794 875
794 875 1115
875 794 1115
1414 390 552
552 390 1414
390 552 1414
202 1246 1444
1246 202 1444
1444 202 1246
1150 227 1141
1141 227 1150
227 1141 1150
319 363 417
363 319 417
417 319 363
1240 72 1086
1086 72 1240
72 1086 1240
170 291 1063
1063 170 291
291 170 1063
466 89 780
780 89 466
89 466 780
702 606 1331
606 702 1331
1331 606 702
746 140 1401
140 746 1401
1401 140 746
734 912 1494
912 734 1494
1494 734 912
590 380 711
711 380 590
380 590 711
161 911 1096
911 161 1096
1096 161 911
206 505 814
505 206 814
814 206 505
738 341 1145
341 738 1145
1145 341 738
1451 24 488
24 488 1451
488 24 1451
461 253 879
879 253 461
253 461 879
786 334 648
648 334 786
334 648 786
357 286 532
532 286 357
286 357 532
294 138 1000
138 294 1000
1000 138 294
815 220 1485
1485 220 815
220 815 1485
1352 256 1484
1484 256 1352
256 1352 1484
1387 767 1303
1303 767 1387
767 1303 1387
1191 314 874
314 874 1191
874 314 1191
53 322 1298
322 53 1298
1298 53 322
360 831 1236
1236 360 831
831 360 1236
437 171 708
708 171 437
171 437 708
20 264 312
264 20 312
312 20 264
1024 1348 1438
1438 1024 1348
1348 1024 1438
18 1034 1171
1171 18 1034
1034 18 1171
1408 389 693
693 389 1408
389 693 1408
1381 589 639
589 639 1381
639 589 1381
381 7 443
443 7 381
7 381 443
635 203 483
483 203 635
203 483 635
783 602 625
602 625 783
625 602 783
1456 339 1019
339 1019 1456
1019 339 1456
172 1055 1244
1244 172 1055
1055 172 1244
1227 1168 1198
1198 1168 1227
1168 1198 1227
713 255 803
803 255 713
255 713 803
251 178 990
178 251 990
990 178 251
691 680 1371
1371 680 691
680 691 1371
694 302 1363
302 694 1363
1363 302 694
914 382 517
517 382 914
382 517 914
674 733 848
848 674 733
733 674 848
992 57 1265
57 992 1265
1265 57 992
758 269 1365
269 758 1365
1365 269 758
698 201 840
840 201 698
201 698 840
644 901 960
901 644 960
960 644 901
112 471 659
659 112 471
471 112 659
407 599 1351
599 407 1351
1351 407 599
86 1247 1452
1247 86 1452
1452 86 1247
343 543 681
681 343 543
543 343 681
1125 460 1013
460 1013 1125
1013 460 1125
710 571 1369
1369 571 710
571 710 1369
909 743 1426
1426 743 909
743 909 1426
85 281 632
281 85 632
632 85 281
1268 76 1342
1342 76 1268
76 1268 1342
93 267 1011
267 93 1011
1011 93 267
21 789 1275
1275 21 789
789 21 1275
1241 1428 1434
1434 1241 1428
1428 1241 1434
2 397 1269
397 2 1269
1269 2 397
1195 67 177
67 177 1195
177 67 1195
564 613 1482
1482 564 613
613 564 1482
39 502 757
757 39 502
502 39 757
66 791 1162
1162 66 791
791 66 1162
270 473 759
759 270 473
473 270 759
1041 361 818
818 361 1041
361 818 1041
1423 423 968
423 968 1423
968 423 1423
1388 353 1277
1277 353 1388
353 1277 1388
370 949 1391
949 370 1391
1391 370 949
741 162 1180
162 741 1180
1180 162 741
1366 850 1023
850 1023 1366
1023 850 1366
1054 278 365
278 365 1054
365 278 1054
1200 740 1076
740 1076 1200
1076 740 1200
