5722 337 5781
337 5722 5781
5781 337 5722
2068 9705 13960
9705 2068 13960
13960 2068 9705
4091 4040 12049
12049 4040 4091
4040 4091 12049
8317 815 11248
11248 815 8317
815 8317 11248
3138 4805 11541
11541 3138 4805
4805 3138 11541
2077 498 9119
9119 498 2077
498 2077 9119
4632 12419 13274
13274 4632 12419
12419 4632 13274
14876 5581 10040
10040 5581 14876
5581 10040 14876
1973 3313 5562
5562 1973 3313
3313 1973 5562
13687 11610 12651
11610 12651 13687
12651 11610 13687
1976 299 10258
299 1976 10258
10258 299 1976
1586 8242 10493
8242 1586 10493
10493 1586 8242
6918 6762 7710
7710 6762 6918
6762 6918 7710
1309 8328 11303
8328 1309 11303
11303 1309 8328
5975 1444 14894
1444 5975 14894
14894 1444 5975
4355 1153 6193
6193 1153 4355
1153 4355 6193
7054 4689 9658
4689 7054 9658
9658 4689 7054
11292 7850 8296
7850 8296 11292
8296 7850 11292
1215 5624 10393
5624 1215 10393
10393 1215 5624
2234 6515 8658
8658 2234 6515
6515 2234 8658
11280 5458 11051
11051 5458 11280
5458 11051 11280
5824 408 2706
2706 408 5824
408 2706 5824
5557 6504 13745
6504 5557 13745
13745 5557 6504
10152 6076 10277
10277 6076 10152
6076 10152 10277
13245 10882 12916
12916 10882 13245
10882 12916 13245
6240 5481 13285
13285 5481 6240
5481 6240 13285
5984 4190 9712
9712 4190 5984
4190 5984 9712
14580 6791 9564
6791 9564 14580
9564 6791 14580
8961 1271 11739
11739 1271 8961
1271 8961 11739
14795 5063 5591
5591 5063 14795
5063 5591 14795
8130 3782 12990
3782 8130 12990
12990 3782 8130
5391 1426 6750
6750 1426 5391
1426 5391 6750
1100 8998 11362
11362 1100 8998
8998 1100 11362
8312 3311 13510
13510 3311 8312
3311 8312 13510
5535 4307 8382
8382 4307 5535
4307 5535 8382
8367 1482 11087
1482 8367 11087
11087 1482 8367
10329 13874 14606
14606 10329 13874
13874 10329 14606
17 13117 13268
13117 17 13268
13268 17 13117
14515 7890 11370
11370 7890 14515
7890 11370 14515
7878 12053 14059
14059 7878 12053
12053 7878 14059
13222 7209 12501
12501 7209 13222
7209 12501 13222
5930 5694 14653
5694 5930 14653
14653 5694 5930
1962 5331 12287
12287 1962 5331
5331 1962 12287
4728 8800 14630
8800 4728 14630
14630 4728 8800
6336 3767 4267
3767 4267 6336
4267 3767 6336
9710 7886 13702
7886 9710 13702
13702 7886 9710
11855 5660 10404
10404 5660 11855
5660 10404 11855
3126 7474 12963
12963 3126 7474
7474 3126 12963
8872 5662 8083
5662 8083 8872
8083 5662 8872
2586 7803 9083
9083 2586 7803
7803 2586 9083
2980 9035 13134
9035 2980 13134
13134 2980 9035
8421 12387 13556
13556 8421 12387
12387 8421 13556
7891 3973 11479
11479 3973 7891
3973 7891 11479
2803 3646 9980
9980 2803 3646
3646 2803 9980
8642 7696 8692
8692 7696 8642
7696 8642 8692
3770 764 2790
764 2790 3770
2790 764 3770
5954 1830 7032
7032 1830 5954
1830 5954 7032
14264 182 13856
13856 182 14264
182 13856 14264
889 5321 7419
5321 889 7419
7419 889 5321
4509 2492 5457
5457 2492 4509
2492 4509 5457
2637 6843 14216
14216 2637 6843
6843 2637 14216
6934 363 1155
363 1155 6934
1155 363 6934
8825 5034 5311
5034 5311 8825
5311 5034 8825
13035 8008 14587
14587 8008 13035
8008 13035 14587
10185 1880 13836
13836 1880 10185
1880 10185 13836
5319 8447 8580
8580 5319 8447
8447 5319 8580
14266 3706 4535
3706 4535 14266
4535 3706 14266
7381 3793 12228
12228 3793 7381
3793 7381 12228
9165 11682 13146
11682 9165 13146
13146 9165 11682
14060 2216 11025
11025 2216 14060
2216 11025 14060
5052 5120 9832
5120 5052 9832
9832 5052 5120
5069 5719 9442
5719 5069 9442
9442 5069 5719
10572 8344 8719
8719 8344 10572
8344 8719 10572
11978 13695 14191
13695 11978 14191
14191 11978 13695
1653 9744 13041
13041 1653 9744
9744 1653 13041
6140 3834 4069
3834 4069 6140
4069 3834 6140
13207 2399 3050
2399 3050 13207
3050 2399 13207
6150 4056 7526
4056 6150 7526
7526 4056 6150
10590 981 7936
7936 981 10590
981 7936 10590
11482 825 2425
2425 825 11482
825 2425 11482
1213 6293 12986
12986 1213 6293
6293 1213 12986
3248 2402 8089
8089 2402 3248
2402 3248 8089
9690 12131 12349
12131 9690 12349
12349 9690 12131
2260 4675 10986
4675 2260 10986
10986 2260 4675
5011 3384 12116
12116 3384 5011
3384 5011 12116
5584 2355 12527
12527 2355 5584
2355 5584 12527
555 2488 8631
2488 555 8631
8631 555 2488
874 6712 14365
6712 874 14365
14365 874 6712
8604 464 5192
5192 464 8604
464 5192 8604
11129 643 12077
12077 643 11129
643 11129 12077
8233 1196 14009
1196 8233 14009
14009 1196 8233
10864 6755 10568
6755 10568 10864
10568 6755 10864
8475 6437 12334
6437 8475 12334
12334 6437 8475
6875 7015 14385
14385 6875 7015
7015 6875 14385
4423 12943 13474
13474 4423 12943
12943 4423 13474
1147 639 9545
639 1147 9545
9545 639 1147
6471 1695 7245
1695 6471 7245
7245 1695 6471
3347 6164 13174
13174 3347 6164
6164 3347 13174
10066 9046 13708
9046 10066 13708
13708 9046 10066
11905 5576 12642
5576 11905 12642
12642 5576 11905
3145 11108 13100
13100 3145 11108
11108 3145 13100
1438 2730 14147
2730 1438 14147
14147 1438 2730
6671 12133 13736
12133 6671 13736
13736 6671 12133
9517 5866 7946
5866 7946 9517
7946 5866 9517
1166 12389 14229
14229 1166 12389
12389 1166 14229
8738 302 14570
14570 302 8738
302 8738 14570
5459 2567 8968
8968 2567 5459
2567 5459 8968
5966 623 4512
4512 623 5966
623 4512 5966
1118 1807 3307
1807 1118 3307
3307 1118 1807
10120 4795 11683
4795 10120 11683
11683 4795 10120
7036 649 6233
649 6233 7036
6233 649 7036
5738 8299 12652
8299 5738 12652
12652 5738 8299
14454 3106 10929
10929 3106 14454
3106 10929 14454
4198 2935 10884
2935 4198 10884
10884 2935 4198
9197 2818 4044
2818 4044 9197
4044 2818 9197
10054 2944 14965
2944 10054 14965
14965 2944 10054
1177 3023 3178
3023 1177 3178
3178 1177 3023
7136 160 11191
11191 160 7136
160 7136 11191
6765 2886 4941
2886 4941 6765
4941 2886 6765
960 7621 11648
7621 960 11648
11648 960 7621
7973 2465 13351
13351 2465 7973
2465 7973 13351
2232 12061 14657
12061 2232 14657
14657 2232 12061
10798 525 10747
10747 525 10798
525 10747 10798
9344 6571 9513
9513 6571 9344
6571 9344 9513
8779 6517 14882
6517 8779 14882
14882 6517 8779
11903 5122 10778
5122 10778 11903
10778 5122 11903
5802 2154 11392
11392 2154 5802
2154 5802 11392
3866 1616 8654
8654 1616 3866
1616 3866 8654
3868 3082 6684
6684 3082 3868
3082 3868 6684
14928 3869 10558
10558 3869 14928
3869 10558 14928
14373 10448 12957
12957 10448 14373
10448 12957 14373
11137 169 14566
14566 169 11137
169 11137 14566
8496 3526 12997
12997 3526 8496
3526 8496 12997
3057 5989 6666
5989 3057 6666
6666 3057 5989
10237 10387 12788
12788 10237 10387
10387 10237 12788
14234 7705 13003
7705 13003 14234
13003 7705 14234
5378 1888 3362
3362 1888 5378
1888 3362 5378
2625 9897 10831
10831 2625 9897
9897 2625 10831
9774 7175 11003
7175 9774 11003
11003 7175 9774
918 1622 9654
9654 918 1622
1622 918 9654
6003 626 12763
12763 626 6003
626 6003 12763
13857 3078 3081
3081 3078 13857
3078 3081 13857
11065 6692 8436
8436 6692 11065
6692 8436 11065
6848 6625 9162
9162 6625 6848
6625 6848 9162
10644 7166 12283
12283 7166 10644
7166 10644 12283
3461 3398 8155
8155 3398 3461
3398 3461 8155
8091 4662 11464
4662 8091 11464
11464 4662 8091
2917 999 8188
999 2917 8188
8188 999 2917
3144 1469 14703
14703 1469 3144
1469 3144 14703
7763 2572 3809
3809 2572 7763
2572 3809 7763
10195 5178 13487
13487 5178 10195
5178 10195 13487
13036 11574 13352
11574 13036 13352
13352 11574 13036
10361 10319 11114
10319 10361 11114
11114 10319 10361
5096 7206 9441
9441 5096 7206
7206 5096 9441
3959 6665 12747
6665 3959 12747
12747 3959 6665
6423 2088 12264
12264 2088 6423
2088 6423 12264
6220 3420 13526
13526 3420 6220
3420 6220 13526
14799 6972 9543
9543 6972 14799
6972 9543 14799
3896 306 1092
306 1092 3896
1092 306 3896
11737 6986 8804
8804 6986 11737
6986 8804 11737
5795 6440 8670
6440 5795 8670
8670 5795 6440
5967 39 8301
39 5967 8301
8301 39 5967
1138 4722 7804
4722 1138 7804
7804 1138 4722
3208 1308 13549
1308 3208 13549
13549 1308 3208
4914 2897 4480
4480 2897 4914
2897 4480 4914
8254 2429 12566
2429 8254 12566
12566 2429 8254
8409 3414 9977
3414 8409 9977
9977 3414 8409
7875 10076 12002
10076 7875 12002
12002 7875 10076
7009 9653 10405
10405 7009 9653
9653 7009 10405
2762 694 10596
694 2762 10596
10596 694 2762
973 803 5015
5015 803 973
803 973 5015
5353 3070 8229
8229 3070 5353
3070 5353 8229
10311 447 6617
447 6617 10311
6617 447 10311
9224 5300 6416
6416 5300 9224
5300 6416 9224
331 7182 11810
11810 331 7182
7182 331 11810
7799 2249 3379
3379 2249 7799
2249 3379 7799
3054 11062 13115
11062 3054 13115
13115 3054 11062
14188 5488 12175
12175 5488 14188
5488 12175 14188
1129 3960 6703
3960 1129 6703
6703 1129 3960
620 4234 13763
13763 620 4234
4234 620 13763
11801 2971 12369
12369 2971 11801
2971 11801 12369
13720 1184 6859
1184 6859 13720
6859 1184 13720
10174 982 7949
7949 982 10174
982 7949 10174
10836 1626 14448
1626 10836 14448
14448 1626 10836
3425 3447 9078
9078 3425 3447
3447 3425 9078
4780 6442 11804
6442 4780 11804
11804 4780 6442
294 8833 14212
8833 294 14212
14212 294 8833
7481 10055 13242
13242 7481 10055
10055 7481 13242
2926 1748 2229
1748 2229 2926
2229 1748 2926
336 1646 10075
1646 336 10075
10075 336 1646
13416 1029 4886
4886 1029 13416
1029 4886 13416
6773 6002 13766
13766 6002 6773
6002 6773 13766
10378 4016 10895
10895 4016 10378
4016 10378 10895
5684 8446 13528
8446 5684 13528
13528 5684 8446
8160 329 13884
13884 329 8160
329 8160 13884
7951 1373 6980
6980 1373 7951
1373 6980 7951
10183 1718 6041
6041 1718 10183
1718 6041 10183
12989 8011 9423
8011 9423 12989
9423 8011 12989
6961 1296 8031
8031 1296 6961
1296 6961 8031
14383 3591 14958
3591 14383 14958
14958 3591 14383
12171 8888 13302
8888 12171 13302
13302 8888 12171
5243 8653 11077
8653 5243 11077
11077 5243 8653
10289 7894 8514
8514 7894 10289
7894 8514 10289
10749 8745 11511
11511 8745 10749
8745 10749 11511
7906 5659 13600
13600 5659 7906
5659 7906 13600
1474 6650 7624
6650 1474 7624
7624 1474 6650
8901 3493 14823
14823 3493 8901
3493 8901 14823
7207 1470 3235
1470 3235 7207
3235 1470 7207
6226 10536 14659
14659 6226 10536
10536 6226 14659
1356 7109 13283
13283 1356 7109
7109 1356 13283
9074 7802 12632
12632 7802 9074
7802 9074 12632
12269 2357 10368
2357 10368 12269
10368 2357 12269
13172 6575 9826
9826 6575 13172
6575 9826 13172
13048 5908 10351
10351 5908 13048
5908 10351 13048
3100 4536 12894
4536 3100 12894
12894 3100 4536
9883 3620 12696
12696 3620 9883
3620 9883 12696
1544 233 5297
5297 233 1544
233 1544 5297
361 8015 10133
10133 361 8015
8015 361 10133
6394 7904 12959
7904 6394 12959
12959 6394 7904
6951 8230 11441
8230 6951 11441
11441 6951 8230
14668 4852 6480
4852 6480 14668
6480 4852 14668
2439 656 8952
656 2439 8952
8952 656 2439
7653 4992 14025
14025 4992 7653
4992 7653 14025
6560 10283 13403
13403 6560 10283
10283 6560 13403
9568 5272 11486
11486 5272 9568
5272 9568 11486
4316 7642 8221
7642 4316 8221
8221 4316 7642
10860 866 7011
7011 866 10860
866 7011 10860
6495 3614 6145
6145 3614 6495
3614 6145 6495
14735 1005 4710
1005 4710 14735
4710 1005 14735
6567 12150 14895
12150 6567 14895
14895 6567 12150
11344 5810 11612
11612 5810 11344
5810 11344 11612
14377 9828 14482
14482 9828 14377
9828 14377 14482
6587 7447 9945
7447 6587 9945
9945 6587 7447
6405 3716 13768
3716 6405 13768
13768 3716 6405
13612 2899 10397
2899 10397 13612
10397 2899 13612
14281 6566 13252
13252 6566 14281
6566 13252 14281
301 1566 12379
12379 301 1566
1566 301 12379
14674 10424 14189
10424 14189 14674
14189 10424 14674
4376 2408 11715
11715 2408 4376
2408 4376 11715
6420 2896 6817
6817 2896 6420
2896 6420 6817
606 1293 8942
8942 606 1293
1293 606 8942
6796 4951 6839
4951 6796 6839
6839 4951 6796
5743 439 8497
8497 439 5743
439 5743 8497
5642 776 10658
776 5642 10658
10658 776 5642
14704 4048 6080
6080 4048 14704
4048 6080 14704
9021 11401 12691
11401 9021 12691
12691 9021 11401
6227 1840 3051
3051 1840 6227
1840 3051 6227
5490 12439 14806
14806 5490 12439
12439 5490 14806
10762 4744 6897
4744 6897 10762
6897 4744 10762
11133 708 8819
708 8819 11133
8819 708 11133
6870 2370 5367
5367 2370 6870
2370 5367 6870
5732 1995 11983
11983 1995 5732
1995 5732 11983
7885 7872 14284
14284 7872 7885
7872 7885 14284
1259 155 12486
12486 155 1259
155 1259 12486
11807 10098 11232
11232 10098 11807
10098 11232 11807
7941 4883 13667
13667 4883 7941
4883 7941 13667
603 10101 10933
10933 603 10101
10101 603 10933
5303 3080 5091
5091 3080 5303
3080 5091 5303
10788 6198 12046
12046 6198 10788
6198 10788 12046
4738 3302 3383
3383 3302 4738
3302 3383 4738
14740 8678 9959
9959 8678 14740
8678 9959 14740
11333 10591 13735
10591 11333 13735
13735 10591 11333
13756 3287 12422
3287 12422 13756
12422 3287 13756
8430 7775 9307
9307 7775 8430
7775 8430 9307
11834 3115 5704
5704 3115 11834
3115 5704 11834
3536 828 12664
828 3536 12664
12664 828 3536
6168 1480 6453
6453 1480 6168
1480 6168 6453
3276 13240 13439
13439 3276 13240
13240 3276 13439
10413 6231 6432
6432 6231 10413
6231 6432 10413
4904 4754 14534
14534 4754 4904
4754 4904 14534
2321 10157 11702
11702 2321 10157
10157 2321 11702
13752 2842 4769
4769 2842 13752
2842 4769 13752
1449 4672 7755
4672 1449 7755
7755 1449 4672
10052 129 190
129 190 10052
190 129 10052
14343 2301 6016
6016 2301 14343
2301 6016 14343
7177 10451 12966
10451 7177 12966
12966 7177 10451
4541 3093 10005
10005 3093 4541
3093 4541 10005
2053 9045 12940
9045 2053 12940
12940 2053 9045
12541 6455 10352
6455 10352 12541
10352 6455 12541
915 4248 13217
13217 915 4248
4248 915 13217
11513 2549 9686
9686 2549 11513
2549 9686 11513
5851 880 5111
880 5111 5851
5111 880 5851
11027 1911 2123
2123 1911 11027
1911 2123 11027
8425 3538 8788
8788 3538 8425
3538 8425 8788
2423 3314 13141
13141 2423 3314
3314 2423 13141
11269 5861 8776
5861 8776 11269
8776 5861 11269
4640 12896 13540
12896 4640 13540
13540 4640 12896
10896 3607 13250
3607 10896 13250
13250 3607 10896
4917 2787 9504
2787 4917 9504
9504 2787 4917
12351 1212 8674
8674 1212 12351
1212 8674 12351
13988 8086 10716
8086 10716 13988
10716 8086 13988
863 10418 13483
13483 863 10418
10418 863 13483
8977 3957 4656
4656 3957 8977
3957 4656 8977
1892 1805 3546
1805 1892 3546
3546 1805 1892
10704 5202 8895
5202 8895 10704
8895 5202 10704
8513 6893 13773
13773 6893 8513
6893 8513 13773
8827 1116 5316
1116 5316 8827
5316 1116 8827
4222 8262 11973
11973 4222 8262
8262 4222 11973
11378 2655 13709
13709 2655 11378
2655 11378 13709
9293 2972 7571
7571 2972 9293
2972 7571 9293
6147 4105 8913
8913 4105 6147
4105 6147 8913
10256 220 5936
5936 220 10256
220 5936 10256
5657 4889 7018
7018 4889 5657
4889 5657 7018
2868 4508 7262
4508 2868 7262
7262 2868 4508
2283 3643 12114
3643 2283 12114
12114 2283 3643
4159 7174 8381
8381 4159 7174
7174 4159 8381
8897 797 7492
7492 797 8897
797 7492 8897
11940 6720 10175
6720 10175 11940
10175 6720 11940
3994 13065 14800
13065 3994 14800
14800 3994 13065
1613 6207 9359
9359 1613 6207
6207 1613 9359
8545 2654 7558
2654 7558 8545
7558 2654 8545
8275 7491 14415
7491 8275 14415
14415 7491 8275
13101 6012 10507
6012 10507 13101
10507 6012 13101
14532 9803 14312
9803 14312 14532
14312 9803 14532
5651 1828 13713
13713 1828 5651
1828 5651 13713
5156 569 14435
569 5156 14435
14435 569 5156
3007 531 2761
531 2761 3007
2761 531 3007
5654 3965 8914
3965 5654 8914
8914 3965 5654
7538 5547 8761
5547 7538 8761
8761 5547 7538
13480 12460 14081
14081 12460 13480
12460 13480 14081
7778 8343 14700
14700 7778 8343
8343 7778 14700
3554 2982 7014
7014 2982 3554
2982 3554 7014
6633 13313 14452
13313 6633 14452
14452 6633 13313
268 6532 13088
6532 268 13088
13088 268 6532
5408 14033 14977
14977 5408 14033
14033 5408 14977
2079 5559 12748
12748 2079 5559
5559 2079 12748
14539 8576 13197
13197 8576 14539
8576 13197 14539
890 6185 8124
6185 890 8124
8124 890 6185
5167 4739 8355
4739 5167 8355
8355 4739 5167
8743 1224 11625
11625 1224 8743
1224 8743 11625
1114 3622 5519
3622 1114 5519
5519 1114 3622
12309 350 3210
3210 350 12309
350 3210 12309
6697 1145 7768
7768 1145 6697
1145 6697 7768
3071 1874 5223
1874 3071 5223
5223 1874 3071
9113 11859 12232
11859 9113 12232
12232 9113 11859
14442 13626 14719
13626 14442 14719
14719 13626 14442
9346 24 12994
24 9346 12994
12994 24 9346
2853 1283 11261
11261 1283 2853
1283 2853 11261
3932 10965 14971
10965 3932 14971
14971 3932 10965
9475 12004 13153
13153 9475 12004
12004 9475 13153
1881 12059 12958
12958 1881 12059
12059 1881 12958
4877 3585 12444
3585 4877 12444
12444 3585 4877
4591 4543 5956
4543 4591 5956
5956 4543 4591
12783 4173 6512
4173 6512 12783
6512 4173 12783
7848 245 5585
5585 245 7848
245 5585 7848
7648 10105 10998
10105 7648 10998
10998 7648 10105
9742 3945 7322
3945 7322 9742
7322 3945 9742
13209 8053 8476
8476 8053 13209
8053 8476 13209
2546 12320 13127
13127 2546 12320
12320 2546 13127
10640 6291 8001
6291 8001 10640
8001 6291 10640
8509 2676 13210
13210 2676 8509
2676 8509 13210
10991 996 6261
996 6261 10991
6261 996 10991
9907 3241 10979
10979 3241 9907
3241 9907 10979
10030 1633 7622
7622 1633 10030
1633 7622 10030
3333 3899 14522
14522 3333 3899
3899 3333 14522
13825 12048 12627
12627 12048 13825
12048 12627 13825
3435 7593 10287
10287 3435 7593
7593 3435 10287
14285 3692 9787
3692 9787 14285
9787 3692 14285
271 6454 7385
6454 271 7385
7385 271 6454
4443 3464 5751
5751 3464 4443
3464 4443 5751
6948 5225 6721
5225 6721 6948
6721 5225 6948
7552 8816 12995
12995 7552 8816
8816 7552 12995
10084 4427 10510
4427 10084 10510
10510 4427 10084
11649 4741 14839
4741 11649 14839
14839 4741 11649
2327 10233 11986
11986 2327 10233
10233 2327 11986
10603 4605 5268
4605 5268 10603
5268 4605 10603
8964 12297 14142
14142 8964 12297
12297 8964 14142
10715 14093 14392
14392 10715 14093
14093 10715 14392
2550 7072 7797
7072 2550 7797
7797 2550 7072
10834 5197 5526
5197 5526 10834
5526 5197 10834
7824 5079 9651
9651 5079 7824
5079 7824 9651
7042 5841 14722
5841 7042 14722
14722 5841 7042
3534 4130 14925
4130 3534 14925
14925 3534 4130
1562 3259 11751
11751 1562 3259
3259 1562 11751
2746 7835 8064
8064 2746 7835
7835 2746 8064
495 588 12480
588 495 12480
12480 495 588
9435 4417 9588
9588 4417 9435
4417 9435 9588
9486 4292 11669
11669 4292 9486
4292 9486 11669
13082 1222 11623
1222 11623 13082
11623 1222 13082
1486 54 9206
9206 54 1486
54 1486 9206
7418 2640 12028
12028 2640 7418
2640 7418 12028
594 9955 10492
9955 594 10492
10492 594 9955
9534 6496 10398
10398 6496 9534
6496 9534 10398
1186 634 7882
634 1186 7882
7882 634 1186
3475 1549 8003
1549 3475 8003
8003 1549 3475
5982 12534 13382
12534 5982 13382
13382 5982 12534
11829 5385 14475
5385 11829 14475
14475 5385 11829
13322 971 7937
971 7937 13322
7937 971 13322
4047 885 12668
12668 885 4047
885 4047 12668
8660 2264 13927
13927 2264 8660
2264 8660 13927
1557 678 6644
678 1557 6644
6644 678 1557
6360 1057 10808
1057 6360 10808
10808 1057 6360
12834 9069 13513
9069 12834 13513
13513 9069 12834
1052 5070 11186
5070 1052 11186
11186 1052 5070
5664 2090 13018
13018 2090 5664
2090 5664 13018
10879 2309 13858
2309 10879 13858
13858 2309 10879
9566 4544 13279
13279 4544 9566
4544 9566 13279
4798 3300 5133
5133 3300 4798
3300 4798 5133
3368 4218 11972
11972 3368 4218
4218 3368 11972
2172 9752 13538
13538 2172 9752
9752 2172 13538
5554 10768 13493
10768 5554 13493
13493 5554 10768
2990 6979 10587
10587 2990 6979
6979 2990 10587
8146 4073 7260
7260 4073 8146
4073 7260 8146
3337 5798 12247
12247 3337 5798
5798 3337 12247
11324 2800 13400
2800 11324 13400
13400 2800 11324
13193 11519 12003
11519 12003 13193
12003 11519 13193
114 8921 14651
8921 114 14651
14651 114 8921
9090 2930 11826
2930 9090 11826
11826 2930 9090
10345 2473 14547
14547 2473 10345
2473 10345 14547
2310 10399 14307
14307 2310 10399
10399 2310 14307
12319 2428 9561
2428 9561 12319
9561 2428 12319
2487 9747 12279
12279 2487 9747
9747 2487 12279
14187 846 7106
7106 846 14187
846 7106 14187
14769 6792 12961
12961 6792 14769
6792 12961 14769
10326 8712 9365
8712 9365 10326
9365 8712 10326
6304 1016 6118
6118 1016 6304
1016 6118 6304
2952 657 8600
657 2952 8600
8600 657 2952
8336 1698 10356
1698 8336 10356
10356 1698 8336
3821 6915 7532
7532 3821 6915
6915 3821 7532
10180 4143 12079
4143 10180 12079
12079 4143 10180
3650 4379 14634
4379 3650 14634
14634 3650 4379
8737 597 13420
13420 597 8737
597 8737 13420
1485 6973 7435
6973 1485 7435
7435 1485 6973
6367 1310 6062
6062 1310 6367
1310 6062 6367
2213 757 1595
1595 757 2213
757 1595 2213
4470 1409 11652
1409 4470 11652
11652 1409 4470
1958 3334 6027
6027 1958 3334
3334 1958 6027
2667 1154 3511
1154 2667 3511
3511 1154 2667
2056 3432 8881
8881 2056 3432
3432 2056 8881
5429 2159 7838
2159 5429 7838
7838 2159 5429
5510 9663 11970
9663 5510 11970
11970 5510 9663
4618 9622 14810
9622 4618 14810
14810 4618 9622
12678 8413 9000
9000 8413 12678
8413 9000 12678
12713 2108 5570
5570 2108 12713
2108 5570 12713
7749 580 10261
580 7749 10261
10261 580 7749
11779 5409 10943
10943 5409 11779
5409 10943 11779
4879 1817 12432
12432 1817 4879
1817 4879 12432
1979 10672 12808
10672 1979 12808
12808 1979 10672
5656 3891 6123
6123 3891 5656
3891 5656 6123
6370 5753 12345
12345 5753 6370
5753 6370 12345
3634 8534 9498
8534 3634 9498
9498 3634 8534
5530 7450 9001
7450 5530 9001
9001 5530 7450
938 386 9063
9063 386 938
386 938 9063
2563 2482 8419
8419 2482 2563
2482 2563 8419
12155 12330 13672
13672 12155 12330
12330 12155 13672
6354 3192 8394
8394 3192 6354
3192 6354 8394
12160 2182 13554
13554 2182 12160
2182 12160 13554
5744 1384 4312
4312 1384 5744
1384 4312 5744
8285 1671 11478
11478 1671 8285
1671 8285 11478
13547 5945 7888
5945 7888 13547
7888 5945 13547
6554 2362 9567
2362 6554 9567
9567 2362 6554
12612 7704 11915
11915 7704 12612
7704 11915 12612
14010 989 10987
10987 989 14010
989 10987 14010
12509 2392 8153
2392 8153 12509
8153 2392 12509
14246 472 1312
472 1312 14246
1312 472 14246
1496 4578 9689
9689 1496 4578
4578 1496 9689
2489 6887 10813
6887 2489 10813
10813 2489 6887
5043 5239 11981
11981 5043 5239
5239 5043 11981
13013 11174 13449
11174 13013 13449
13449 11174 13013
1823 579 6965
6965 579 1823
579 1823 6965
7 1940 7049
7049 7 1940
1940 7 7049
8959 466 1988
466 1988 8959
1988 466 8959
8035 5674 6037
5674 6037 8035
6037 5674 8035
14087 3540 12826
3540 12826 14087
12826 3540 14087
12156 1887 13089
13089 1887 12156
1887 12156 13089
8943 5769 9685
9685 5769 8943
5769 8943 9685
8535 3618 4220
3618 4220 8535
4220 3618 8535
14830 726 11589
11589 726 14830
726 11589 14830
7318 14316 14885
14316 7318 14885
14885 7318 14316
10370 11577 13885
13885 10370 11577
11577 10370 13885
8529 5944 13011
5944 8529 13011
13011 5944 8529
14761 3243 8989
8989 3243 14761
3243 8989 14761
3750 8424 9933
8424 3750 9933
9933 3750 8424
8792 10582 12145
10582 8792 12145
12145 8792 10582
10752 2131 7277
2131 7277 10752
7277 2131 10752
811 292 2206
292 811 2206
2206 292 811
9540 28 13243
28 9540 13243
13243 28 9540
2059 12681 14164
12681 2059 14164
14164 2059 12681
14503 7367 13665
13665 7367 14503
7367 13665 14503
11044 1164 8860
8860 1164 11044
1164 8860 11044
1886 7063 11446
11446 1886 7063
7063 1886 11446
1508 230 4800
4800 230 1508
230 1508 4800
7736 835 13553
13553 835 7736
835 7736 13553
5324 10944 14062
10944 5324 14062
14062 5324 10944
9699 1791 9073
9073 1791 9699
1791 9073 9699
12801 1552 12888
1552 12801 12888
12888 1552 12801
13191 10102 12673
10102 12673 13191
12673 10102 13191
14933 2431 5818
2431 5818 14933
5818 2431 14933
9125 8785 10548
8785 9125 10548
10548 8785 9125
13186 8223 13601
8223 13186 13601
13601 8223 13186
8758 442 7857
7857 442 8758
442 7857 8758
11624 7816 13006
7816 11624 13006
13006 7816 11624
9493 3576 11481
3576 9493 11481
11481 3576 9493
7793 8645 10461
8645 7793 10461
10461 7793 8645
10343 9618 14961
9618 10343 14961
14961 9618 10343
14692 9006 14558
14558 9006 14692
9006 14558 14692
2628 1863 8134
8134 1863 2628
1863 2628 8134
7121 3438 5123
3438 5123 7121
5123 3438 7121
14121 2075 6941
2075 6941 14121
6941 2075 14121
8149 633 2833
2833 633 8149
633 2833 8149
12934 3090 12167
3090 12167 12934
12167 3090 12934
9388 9577 10797
9577 9388 10797
10797 9388 9577
2525 2401 4631
2401 2525 4631
4631 2401 2525
14593 8357 12329
8357 12329 14593
12329 8357 14593
8682 2363 10222
10222 2363 8682
2363 8682 10222
8458 98 11132
98 8458 11132
11132 98 8458
11591 10839 14893
10839 11591 14893
14893 10839 11591
9474 7392 10308
10308 7392 9474
7392 9474 10308
6341 8385 11359
8385 6341 11359
11359 6341 8385
4721 1238 10281
1238 4721 10281
10281 1238 4721
12484 6580 10015
6580 10015 12484
10015 6580 12484
3516 1816 2345
2345 1816 3516
1816 2345 3516
4046 10286 10549
10286 4046 10549
10549 4046 10286
6813 10118 11924
10118 6813 11924
11924 6813 10118
11917 353 13648
13648 353 11917
353 11917 13648
3459 76 6054
76 3459 6054
6054 76 3459
5663 3412 9682
3412 5663 9682
9682 3412 5663
10932 5532 8144
8144 5532 10932
5532 8144 10932
5251 6098 6439
6098 5251 6439
6439 5251 6098
10149 4472 14024
14024 4472 10149
4472 10149 14024
4112 4345 12637
4345 4112 12637
12637 4112 4345
11168 4339 12128
12128 4339 11168
4339 11168 12128
14564 11539 13358
13358 11539 14564
11539 13358 14564
1583 8894 13093
13093 1583 8894
8894 1583 13093
14931 1311 13009
13009 1311 14931
1311 13009 14931
14445 654 4622
654 4622 14445
4622 654 14445
5898 199 3703
199 3703 5898
3703 199 5898
6930 10504 11928
11928 6930 10504
10504 6930 11928
4580 8392 14067
14067 4580 8392
8392 4580 14067
4869 14336 14519
14519 4869 14336
14336 4869 14519
969 421 947
947 421 969
421 947 969
1034 13937 14985
13937 1034 14985
14985 1034 13937
25 1364 4346
4346 25 1364
1364 25 4346
6806 4862 6876
4862 6806 6876
6876 4862 6806
518 4884 6334
4884 518 6334
6334 518 4884
1498 7541 11271
11271 1498 7541
7541 1498 11271
9782 11092 11806
11806 9782 11092
11092 9782 11806
14034 2318 6561
2318 6561 14034
6561 2318 14034
10119 5545 14617
14617 5545 10119
5545 10119 14617
12436 4270 13007
13007 4270 12436
4270 12436 13007
9702 6886 7978
7978 6886 9702
6886 7978 9702
11086 2771 8371
2771 8371 11086
8371 2771 11086
13051 150 6956
150 6956 13051
6956 150 13051
12449 998 3532
998 3532 12449
3532 998 12449
11266 5904 7301
7301 5904 11266
5904 7301 11266
14421 13176 14083
14083 13176 14421
13176 14083 14421
5784 185 11376
11376 185 5784
185 5784 11376
5442 1137 7810
7810 1137 5442
1137 5442 7810
14382 2422 13087
13087 2422 14382
2422 13087 14382
1929 975 2938
975 1929 2938
2938 975 1929
5095 5643 13393
5643 5095 13393
13393 5095 5643
10956 834 5518
5518 834 10956
834 5518 10956
5132 5546 11875
5546 5132 11875
11875 5132 5546
10698 10077 10487
10077 10487 10698
10487 10077 10698
10063 852 1035
1035 852 10063
852 1035 10063
7364 2561 8129
2561 7364 8129
8129 2561 7364
13704 5999 10809
10809 5999 13704
5999 10809 13704
1845 7427 13509
13509 1845 7427
7427 1845 13509
3522 2405 3884
2405 3522 3884
3884 2405 3522
8165 7702 7851
7851 7702 8165
7702 7851 8165
2916 2231 8013
8013 2231 2916
2231 2916 8013
4981 8093 12121
8093 4981 12121
12121 4981 8093
2914 6100 7965
6100 2914 7965
7965 2914 6100
10639 3900 10824
10824 3900 10639
3900 10639 10824
8932 8591 12051
12051 8591 8932
8591 8932 12051
8823 2002 10842
2002 8823 10842
10842 2002 8823
6126 2170 8070
8070 2170 6126
2170 6126 8070
13952 1268 11159
11159 1268 13952
1268 11159 13952
3686 2610 12280
2610 3686 12280
12280 2610 3686
13639 2822 10837
2822 10837 13639
10837 2822 13639
3191 10059 10732
10732 3191 10059
10059 3191 10732
13818 12173 13421
12173 13421 13818
13421 12173 13818
1289 5646 12194
5646 1289 12194
12194 1289 5646
13113 4775 11380
4775 11380 13113
11380 4775 13113
7523 4522 5903
4522 5903 7523
5903 4522 7523
9246 1465 13300
1465 9246 13300
13300 1465 9246
396 7390 10179
10179 396 7390
7390 396 10179
2781 6901 9273
9273 2781 6901
6901 2781 9273
7344 2241 12396
2241 7344 12396
12396 2241 7344
7542 2664 7543
7543 2664 7542
2664 7542 7543
6236 1620 5911
5911 1620 6236
1620 5911 6236
13806 9174 9278
9174 9278 13806
9278 9174 13806
11768 7113 14424
14424 7113 11768
7113 11768 14424
1439 11799 12300
11799 1439 12300
12300 1439 11799
8100 2845 6993
2845 6993 8100
6993 2845 8100
13350 4467 10635
10635 4467 13350
4467 10635 13350
5059 4796 11314
4796 5059 11314
11314 4796 5059
6596 8799 14995
14995 6596 8799
8799 6596 14995
3197 8201 13786
8201 3197 13786
13786 3197 8201
4021 1926 6976
6976 1926 4021
1926 4021 6976
6127 210 7674
7674 210 6127
210 6127 7674
1357 1657 11695
11695 1357 1657
1657 1357 11695
14274 8641 11319
8641 11319 14274
11319 8641 14274
14091 2184 12421
2184 12421 14091
12421 2184 14091
3711 10668 10974
10668 3711 10974
10974 3711 10668
10160 993 14183
993 10160 14183
14183 993 10160
10764 12425 14021
12425 10764 14021
14021 10764 12425
12438 2360 5456
2360 5456 12438
5456 2360 12438
14879 8982 13847
8982 13847 14879
13847 8982 14879
11576 8237 8828
8237 8828 11576
8828 8237 11576
14578 9806 11402
9806 11402 14578
11402 9806 14578
7607 3858 13027
13027 3858 7607
3858 7607 13027
12010 6296 14434
14434 6296 12010
6296 12010 14434
522 3797 10514
3797 522 10514
10514 522 3797
14393 4164 11322
4164 11322 14393
11322 4164 14393
8078 1803 8624
1803 8078 8624
8624 1803 8078
3446 6393 13371
13371 3446 6393
6393 3446 13371
1772 4326 7717
4326 1772 7717
7717 1772 4326
3830 9027 13130
13130 3830 9027
9027 3830 13130
61 6178 7675
6178 61 7675
7675 61 6178
4145 2627 4161
4161 2627 4145
2627 4145 4161
2942 1193 4817
4817 1193 2942
1193 2942 4817
4540 3848 14072
3848 4540 14072
14072 3848 4540
14632 6869 14825
6869 14632 14825
14825 6869 14632
13319 3725 13377
3725 13319 13377
13377 3725 13319
14552 3626 3912
3626 3912 14552
3912 3626 14552
14727 2809 12506
2809 12506 14727
12506 2809 14727
8111 2887 5922
2887 5922 8111
5922 2887 8111
6066 3406 10394
10394 3406 6066
3406 6066 10394
4872 1422 9764
1422 4872 9764
9764 1422 4872
364 208 8114
208 364 8114
8114 208 364
1714 2013 14523
2013 1714 14523
14523 1714 2013
8787 9909 11240
9909 8787 11240
11240 8787 9909
5400 610 3391
3391 610 5400
610 3391 5400
11170 1601 8138
1601 8138 11170
8138 1601 11170
12274 8488 13591
8488 12274 13591
13591 8488 12274
956 6382 8986
6382 956 8986
8986 956 6382
8821 5615 12072
12072 5615 8821
5615 8821 12072
2921 166 14815
14815 166 2921
166 2921 14815
3121 4304 7195
4304 3121 7195
7195 3121 4304
6959 4462 14626
4462 6959 14626
14626 4462 6959
10822 3327 10733
10733 3327 10822
3327 10733 10822
9578 373 13582
373 9578 13582
13582 373 9578
3867 13864 14575
13864 3867 14575
14575 3867 13864
9669 10665 12122
12122 9669 10665
10665 9669 12122
1515 3685 3966
3966 1515 3685
3685 1515 3966
9270 4898 5698
4898 5698 9270
5698 4898 9270
568 4638 9347
4638 568 9347
9347 568 4638
9698 1709 11306
11306 1709 9698
1709 9698 11306
6356 5174 5896
5896 5174 6356
5174 5896 6356
9719 7531 12147
7531 9719 12147
12147 7531 9719
14948 9055 12499
9055 12499 14948
12499 9055 14948
381 5671 11403
11403 381 5671
5671 381 11403
13690 6483 9700
9700 6483 13690
6483 9700 13690
6756 1332 7402
7402 1332 6756
1332 6756 7402
11961 7828 10141
10141 7828 11961
7828 10141 11961
3817 1642 6601
6601 1642 3817
1642 3817 6601
8199 8830 10794
8830 8199 10794
10794 8199 8830
9244 2076 12839
12839 2076 9244
2076 9244 12839
5485 5690 10395
5690 5485 10395
10395 5485 5690
12645 9570 10002
10002 9570 12645
9570 10002 12645
11606 457 12054
457 11606 12054
12054 457 11606
5539 13598 14600
14600 5539 13598
13598 5539 14600
1032 7655 9060
7655 1032 9060
9060 1032 7655
14300 4402 14687
14687 4402 14300
4402 14300 14687
9722 102 6714
6714 102 9722
102 6714 9722
6000 2988 3699
3699 2988 6000
2988 3699 6000
8603 3664 7248
7248 3664 8603
3664 7248 8603
2016 2695 11141
11141 2016 2695
2695 2016 11141
11097 2142 3186
2142 3186 11097
3186 2142 11097
8185 1466 10116
1466 8185 10116
10116 1466 8185
5574 7023 11494
11494 5574 7023
7023 5574 11494
241 1288 13278
1288 241 13278
13278 241 1288
1335 3068 4742
3068 1335 4742
4742 1335 3068
6740 1399 2595
2595 1399 6740
1399 2595 6740
14335 3164 14524
3164 14335 14524
14524 3164 14335
1686 3059 8536
8536 1686 3059
3059 1686 8536
1684 12695 13788
13788 1684 12695
12695 1684 13788
1812 4555 9118
9118 1812 4555
4555 1812 9118
11218 8368 11868
11868 8368 11218
8368 11218 11868
9372 2900 12301
2900 9372 12301
12301 2900 9372
10636 7159 12186
12186 7159 10636
7159 10636 12186
14776 8887 13993
13993 8887 14776
8887 13993 14776
6526 9918 12885
12885 6526 9918
9918 6526 12885
1405 65 14792
14792 65 1405
65 1405 14792
7916 857 8960
857 7916 8960
8960 857 7916
1507 14525 14869
14869 1507 14525
14525 1507 14869
14584 13776 14959
13776 14584 14959
14959 13776 14584
4952 10937 13005
13005 4952 10937
10937 4952 13005
8723 712 11075
712 8723 11075
11075 712 8723
3318 1611 14760
1611 3318 14760
14760 1611 3318
12169 10551 12067
12067 10551 12169
10551 12067 12169
1075 737 9257
9257 737 1075
737 1075 9257
12431 1397 7200
7200 1397 12431
1397 7200 12431
4452 12254 15000
15000 4452 12254
12254 4452 15000
2106 7473 14268
7473 2106 14268
14268 2106 7473
14318 11238 14275
11238 14275 14318
14275 11238 14318
8517 638 9164
9164 638 8517
638 8517 9164
5092 274 552
274 552 5092
552 274 5092
1015 5386 11570
11570 1015 5386
5386 1015 11570
12033 10298 10595
10298 10595 12033
10595 10298 12033
1389 6195 11740
11740 1389 6195
6195 1389 11740
5755 1223 11886
1223 5755 11886
11886 1223 5755
3102 5279 12070
5279 3102 12070
12070 3102 5279
8022 2506 5528
5528 2506 8022
2506 5528 8022
14618 8772 14778
8772 14618 14778
14778 8772 14618
10331 2151 9424
9424 2151 10331
2151 9424 10331
12930 1596 9889
1596 9889 12930
9889 1596 12930
11302 3654 14077
3654 11302 14077
14077 3654 11302
2674 659 12924
12924 659 2674
659 2674 12924
10296 1606 2447
1606 2447 10296
2447 1606 10296
8874 12005 14930
14930 8874 12005
12005 8874 14930
14724 5103 7347
5103 7347 14724
7347 5103 14724
2166 11746 12904
12904 2166 11746
11746 2166 12904
6500 9791 11442
11442 6500 9791
9791 6500 11442
901 6674 8717
6674 901 8717
8717 901 6674
13707 1846 4070
1846 4070 13707
4070 1846 13707
10585 12239 13881
13881 10585 12239
12239 10585 13881
10302 4036 4653
4036 4653 10302
4653 4036 10302
4749 480 2643
2643 480 4749
480 2643 4749
7152 9163 14116
9163 7152 14116
14116 7152 9163
1119 1501 1547
1547 1119 1501
1501 1119 1547
2720 1080 12533
1080 2720 12533
12533 1080 2720
14854 721 6728
721 6728 14854
6728 721 14854
12255 113 7047
113 7047 12255
7047 113 12255
13618 5299 10786
10786 5299 13618
5299 10786 13618
14198 11039 14720
14720 11039 14198
11039 14198 14720
4980 1923 6668
1923 4980 6668
6668 1923 4980
12895 11367 13360
13360 11367 12895
11367 12895 13360
3239 12606 12674
12606 3239 12674
12674 3239 12606
10432 11921 12520
12520 10432 11921
11921 10432 12520
14134 9670 11845
11845 9670 14134
9670 11845 14134
8273 2539 7980
7980 2539 8273
2539 7980 8273
5544 5071 12289
5071 5544 12289
12289 5071 5544
4971 3175 8428
3175 4971 8428
8428 3175 4971
12824 4987 8988
4987 8988 12824
8988 4987 12824
215 10315 13390
10315 215 13390
13390 215 10315
6210 4978 13353
4978 6210 13353
13353 4978 6210
12342 4007 4833
4833 4007 12342
4007 4833 12342
3517 4365 5340
5340 3517 4365
4365 3517 5340
7807 2992 11774
2992 7807 11774
11774 2992 7807
6380 1338 6656
6656 1338 6380
1338 6380 6656
3602 9311 13472
13472 3602 9311
9311 3602 13472
14743 2733 6430
2733 6430 14743
6430 2733 14743
953 2139 2906
2139 953 2906
2906 953 2139
854 1737 1775
1775 854 1737
1737 854 1775
14143 2500 14419
2500 14143 14419
14419 2500 14143
5259 1322 7017
7017 1322 5259
1322 5259 7017
5351 1069 14066
1069 5351 14066
14066 1069 5351
5714 6705 7446
7446 5714 6705
6705 5714 7446
2948 5511 12245
12245 2948 5511
5511 2948 12245
774 7533 12714
12714 774 7533
7533 774 12714
14058 1509 9780
9780 1509 14058
1509 9780 14058
10136 1055 14367
14367 1055 10136
1055 10136 14367
9626 1712 7399
1712 7399 9626
7399 1712 9626
4967 10137 11927
11927 4967 10137
10137 4967 11927
10977 3319 8725
8725 3319 10977
3319 8725 10977
12246 6912 14891
14891 6912 12246
6912 12246 14891
11285 1488 7338
1488 7338 11285
7338 1488 11285
10200 1079 1262
1262 1079 10200
1079 1262 10200
1954 5965 10689
5965 1954 10689
10689 1954 5965
4353 4086 13057
13057 4086 4353
4086 4353 13057
2288 6662 12494
6662 2288 12494
12494 2288 6662
11313 6389 13838
13838 6389 11313
6389 11313 13838
11837 11242 14242
14242 11242 11837
11242 11837 14242
14431 12528 13033
12528 13033 14431
13033 12528 14431
12572 11857 13467
13467 11857 12572
11857 12572 13467
8981 1617 3261
1617 3261 8981
3261 1617 8981
5549 4724 6709
6709 4724 5549
4724 5549 6709
4837 8996 13021
8996 4837 13021
13021 4837 8996
8295 2352 8544
2352 8295 8544
8544 2352 8295
12032 8744 14968
8744 12032 14968
14968 8744 12032
6052 2882 13355
13355 2882 6052
2882 6052 13355
5253 11440 13386
11440 5253 13386
13386 5253 11440
8808 3280 4442
4442 3280 8808
3280 4442 8808
11296 4493 9516
4493 9516 11296
9516 4493 11296
6954 4394 6005
4394 6005 6954
6005 4394 6954
8810 13597 13832
13597 8810 13832
13832 8810 13597
10989 4093 11579
4093 10989 11579
11579 4093 10989
10756 8703 14549
14549 8703 10756
8703 10756 14549
12933 505 1568
505 1568 12933
1568 505 12933
3182 2949 6895
6895 2949 3182
2949 3182 6895
11462 604 12341
604 11462 12341
12341 604 11462
5938 2512 11631
2512 5938 11631
11631 2512 5938
11508 4495 9016
4495 9016 11508
9016 4495 11508
1602 2191 2471
2191 1602 2471
2471 1602 2191
3967 1381 8107
8107 1381 3967
1381 3967 8107
6940 3636 8079
8079 3636 6940
3636 6940 8079
3733 3894 14443
3894 3733 14443
14443 3733 3894
7153 3396 12634
12634 3396 7153
3396 7153 12634
4803 7900 9138
7900 4803 9138
9138 4803 7900
7834 4609 14695
14695 4609 7834
4609 7834 14695
13609 2528 14159
14159 2528 13609
2528 13609 14159
8386 4004 10474
4004 8386 10474
10474 4004 8386
4912 545 10524
10524 545 4912
545 4912 10524
13644 12551 14374
14374 12551 13644
12551 13644 14374
326 10379 13778
13778 326 10379
10379 326 13778
3845 3075 11490
11490 3075 3845
3075 3845 11490
7921 2851 10894
2851 7921 10894
10894 2851 7921
2734 2014 9262
9262 2014 2734
2014 2734 9262
11383 4087 4213
4087 4213 11383
4213 4087 11383
6753 3596 6911
3596 6753 6911
6911 3596 6753
7907 7721 10606
7721 7907 10606
10606 7721 7907
12090 462 12336
462 12090 12336
12336 462 12090
528 4623 12638
4623 528 12638
12638 528 4623
9443 10528 11584
10528 9443 11584
11584 9443 10528
13675 9581 12922
12922 9581 13675
9581 12922 13675
7693 6745 7827
6745 7693 7827
7827 6745 7693
9245 888 6174
6174 888 9245
888 6174 9245
5017 2453 9422
9422 2453 5017
2453 5017 9422
12760 8807 14518
14518 8807 12760
8807 12760 14518
4425 3258 11156
3258 4425 11156
11156 3258 4425
12261 3402 9528
3402 9528 12261
9528 3402 12261
2333 5313 9470
5313 2333 9470
9470 2333 5313
6399 11904 13131
13131 6399 11904
11904 6399 13131
4217 9859 14646
14646 4217 9859
9859 4217 14646
5731 10657 13783
10657 5731 13783
13783 5731 10657
9963 1975 3758
3758 1975 9963
1975 3758 9963
12927 809 3133
3133 809 12927
809 3133 12927
5463 8774 10201
10201 5463 8774
8774 5463 10201
11925 2946 13948
13948 2946 11925
2946 11925 13948
14278 5812 11608
5812 11608 14278
11608 5812 14278
1726 4002 9171
9171 1726 4002
4002 1726 9171
13548 1927 12814
1927 12814 13548
12814 1927 13548
8773 631 3350
3350 631 8773
631 3350 8773
11105 11008 11346
11346 11008 11105
11008 11105 11346
377 2508 11938
11938 377 2508
2508 377 11938
9999 8095 13938
8095 9999 13938
13938 8095 9999
53 3715 6933
3715 53 6933
6933 53 3715
12091 8081 10161
10161 8081 12091
8081 10161 12091
13749 2089 13499
2089 13499 13749
13499 2089 13749
4049 10303 13848
10303 4049 13848
13848 4049 10303
13080 14223 14624
14624 13080 14223
14223 13080 14624
10270 11127 11658
11658 10270 11127
11127 10270 11658
9677 2188 3119
2188 3119 9677
3119 2188 9677
864 12471 13555
12471 864 13555
13555 864 12471
6122 10129 11605
11605 6122 10129
10129 6122 11605
11644 4088 4311
4088 4311 11644
4311 4088 11644
4648 1628 4977
1628 4648 4977
4977 1628 4648
12353 6059 8694
8694 6059 12353
6059 8694 12353
12825 8710 14411
8710 12825 14411
14411 8710 12825
14599 2578 13719
2578 13719 14599
13719 2578 14599
3575 11040 14338
14338 3575 11040
11040 3575 14338
676 578 1201
1201 578 676
578 676 1201
13703 3676 14227
14227 3676 13703
3676 13703 14227
9910 11956 12860
12860 9910 11956
11956 9910 12860
11335 593 13860
13860 593 11335
593 11335 13860
3926 1162 10915
1162 3926 10915
10915 1162 3926
11088 537 9838
537 9838 11088
9838 537 11088
2895 6611 12111
6611 2895 12111
12111 2895 6611
13471 9976 11078
11078 9976 13471
9976 11078 13471
4233 2384 5520
