356 656 697
697 356 656
656 356 697
14 606 909
909 14 606
606 14 909
488 103 1090
103 488 1090
1090 103 488
1426 923 1066
923 1066 1426
1066 923 1426
1170 638 1421
1421 638 1170
638 1170 1421
718 445 524
524 445 718
445 524 718
1117 29 30
29 30 1117
30 29 1117
615 1151 1386
1386 615 1151
1151 615 1386
136 944 1135
1135 136 944
944 136 1135
286 644 956
956 286 644
644 286 956
8 994 1362
994 8 1362
1362 8 994
1302 192 1226
1226 192 1302
192 1226 1302
1225 621 1272
1272 621 1225
621 1225 1272
204 125 478
478 125 204
125 204 478
780 226 1425
226 780 1425
1425 226 780
1381 26 217
217 26 1381
26 217 1381
264 719 1105
719 264 1105
1105 264 719
304 320 434
434 304 320
320 304 434
767 255 609
255 609 767
609 255 767
594 232 1375
1375 232 594
232 594 1375
810 428 1086
1086 428 810
428 810 1086
557 778 1062
1062 557 778
778 557 1062
1370 680 1484
1484 680 1370
680 1370 1484
1472 360 861
861 360 1472
360 861 1472
396 219 252
219 252 396
252 219 396
555 87 199
87 199 555
199 87 555
1406 504 826
826 504 1406
504 826 1406
626 1433 1490
1490 626 1433
1433 626 1490
801 607 1439
607 801 1439
1439 607 801
1258 893 1475
1475 893 1258
893 1258 1475
5 617 1188
1188 5 617
617 5 1188
1328 700 1382
700 1328 1382
1382 700 1328
984 631 1396
631 984 1396
1396 631 984
234 133 669
133 234 669
669 133 234
331 76 1049
76 331 1049
1049 76 331
794 915 1022
915 794 1022
1022 794 915
521 375 1103
1103 375 521
375 521 1103
1146 787 1069
787 1069 1146
1069 787 1146
122 19 352
352 19 122
19 122 352
141 382 914
914 141 382
382 141 914
1185 169 305
169 305 1185
305 169 1185
1367 1063 1297
1063 1297 1367
1297 1063 1367
1326 118 1479
1479 118 1326
118 1326 1479
721 262 970
262 721 970
970 262 721
625 892 1459
892 625 1459
1459 625 892
922 1141 1180
1180 922 1141
1141 922 1180
1348 824 838
838 824 1348
824 838 1348
916 450 716
450 716 916
716 450 916
533 174 1261
174 533 1261
1261 174 533
800 34 1360
1360 34 800
34 800 1360
1445 139 312
312 139 1445
139 312 1445
1114 471 1298
471 1114 1298
1298 471 1114
1042 545 755
755 545 1042
545 755 1042
97 1161 1372
1161 97 1372
1372 97 1161
852 412 1270
1270 412 852
412 852 1270
1276 113 1033
1033 113 1276
113 1033 1276
100 1182 1467
1467 100 1182
1182 100 1467
465 686 807
686 465 807
807 465 686
1422 588 1099
588 1099 1422
1099 588 1422
953 284 1347
284 953 1347
1347 284 953
144 154 940
940 144 154
154 144 940
990 896 1285
896 990 1285
1285 896 990
1110 188 659
188 659 1110
659 188 1110
967 876 1410
1410 876 967
876 967 1410
675 1144 1419
1144 675 1419
1419 675 1144
803 27 526
526 27 803
27 526 803
917 514 1411
1411 514 917
514 917 1411
221 593 992
992 221 593
593 221 992
111 180 271
271 111 180
180 111 271
1266 1001 1091
1001 1091 1266
1091 1001 1266
796 21 855
21 796 855
855 21 796
900 706 1075
1075 706 900
706 900 1075
1024 763 924
924 763 1024
763 924 1024
1246 3 333
333 3 1246
3 333 1246
1430 295 776
776 295 1430
295 776 1430
687 215 1048
215 687 1048
1048 215 687
608 101 1081
1081 101 608
101 608 1081
1325 495 1357
495 1325 1357
1357 495 1325
315 633 1352
633 315 1352
1352 315 633
919 1201 1350
1350 919 1201
1201 919 1350
1436 576 1250
576 1250 1436
1250 576 1436
195 212 928
212 195 928
928 195 212
91 66 291
291 66 91
66 91 291
294 498 1358
1358 294 498
498 294 1358
628 213 973
213 628 973
973 213 628
374 688 1498
688 374 1498
1498 374 688
54 38 92
38 54 92
92 38 54
108 483 1137
483 108 1137
1137 108 483
205 512 1108
1108 205 512
512 205 1108
344 10 752
10 344 752
752 10 344
259 845 950
845 259 950
950 259 845
73 624 879
624 73 879
879 73 624
160 743 1363
743 160 1363
1363 160 743
1259 388 1383
388 1259 1383
1383 388 1259
361 182 972
182 361 972
972 182 361
629 429 509
429 509 629
509 429 629
155 64 1338
1338 64 155
64 155 1338
652 135 150
135 150 652
150 135 652
1273 347 641
641 347 1273
347 641 1273
667 4 322
4 322 667
322 4 667
1200 575 1106
575 1106 1200
1106 575 1200
390 830 1355
830 390 1355
1355 390 830
244 771 1077
1077 244 771
771 244 1077
210 832 1345
1345 210 832
832 210 1345
1031 132 658
658 132 1031
132 658 1031
999 190 1446
1446 190 999
190 999 1446
491 684 1429
684 491 1429
1429 491 684
318 198 982
982 198 318
198 318 982
447 666 918
666 447 918
918 447 666
932 413 508
508 413 932
413 508 932
1474 191 1196
191 1196 1474
1196 191 1474
1487 671 1420
1420 671 1487
671 1420 1487
492 354 379
379 354 492
354 379 492
1177 171 564
171 564 1177
564 171 1177
701 336 469
469 336 701
336 469 701
1428 238 1011
1011 238 1428
238 1011 1428
272 843 1083
843 272 1083
1083 272 843
599 637 869
869 599 637
637 599 869
493 289 431
431 289 493
289 431 493
760 172 497
497 172 760
172 497 760
506 552 931
931 506 552
552 506 931
965 1017 1079
1079 965 1017
1017 965 1079
1465 766 812
812 766 1465
766 812 1465
1476 461 949
949 461 1476
461 949 1476
1157 636 974
974 636 1157
636 974 1157
1124 1140 1434
1434 1124 1140
1140 1124 1434
795 316 481
316 481 795
481 316 795
1456 887 1341
1341 887 1456
887 1341 1456
573 837 1289
837 573 1289
1289 573 837
976 959 1278
959 976 1278
1278 959 976
1113 980 1107
980 1107 1113
1107 980 1113
369 281 963
963 281 369
281 369 963
693 946 1397
1397 693 946
946 693 1397
186 157 587
587 157 186
157 186 587
689 246 741
741 246 689
246 689 741
1189 531 1267
1267 531 1189
531 1189 1267
1006 395 1316
1316 395 1006
395 1006 1316
16 598 1400
1400 16 598
598 16 1400
1 1147 1401
1147 1 1401
1401 1 1147
339 690 1269
690 339 1269
1269 339 690
756 282 438
282 438 756
438 282 756
1312 163 381
163 381 1312
381 163 1312
1087 12 1471
12 1087 1471
1471 12 1087
1064 211 902
902 211 1064
211 902 1064
126 323 1000
1000 126 323
323 126 1000
650 649 1321
1321 649 650
649 650 1321
941 750 1440
1440 750 941
750 941 1440
1166 63 1190
1190 63 1166
63 1166 1190
672 104 676
676 104 672
104 672 676
935 733 768
768 733 935
733 768 935
86 257 937
257 86 937
937 86 257
827 96 560
560 96 827
96 560 827
1227 324 489
489 324 1227
324 489 1227
793 543 1366
543 793 1366
1366 543 793
107 334 409
334 107 409
409 107 334
872 84 237
237 84 872
84 237 872
1499 546 1178
546 1178 1499
1178 546 1499
648 309 875
309 648 875
875 309 648
341 406 906
406 341 906
906 341 406
942 831 1342
1342 831 942
831 942 1342
402 726 968
726 402 968
968 402 726
703 56 732
56 703 732
732 56 703
1072 77 1391
1391 77 1072
77 1072 1391
865 377 1364
377 865 1364
1364 377 865
410 473 986
986 410 473
473 410 986
224 466 616
466 224 616
616 224 466
1496 220 359
359 220 1496
220 359 1496
391 236 313
236 313 391
313 236 391
350 222 513
222 350 513
513 222 350
1480 841 1473
1473 841 1480
841 1473 1480
1143 528 1224
1224 528 1143
528 1143 1224
116 556 1483
1483 116 556
556 116 1483
18 1150 1216
1150 18 1216
1216 18 1150
921 330 538
330 538 921
538 330 921
632 534 1390
534 632 1390
1390 534 632
1012 535 770
770 535 1012
535 770 1012
858 1047 1414
1047 858 1414
1414 858 1047
184 444 1175
444 184 1175
1175 184 444
640 404 425
404 425 640
425 404 640
929 55 1162
1162 55 929
55 929 1162
1098 571 1385
571 1098 1385
1385 571 1098
197 563 1206
1206 197 563
563 197 1206
46 1122 1287
1122 46 1287
1287 46 1122
523 1209 1417
1209 523 1417
1417 523 1209
1165 13 1116
13 1116 1165
1116 13 1165
744 72 1441
72 744 1441
1441 72 744
223 548 1067
548 223 1067
1067 223 548
378 1252 1253
1253 378 1252
1252 378 1253
1183 454 664
454 664 1183
664 454 1183
1384 901 1239
1239 901 1384
901 1239 1384
387 1029 1376
1029 387 1376
1376 387 1029
814 1293 1492
1293 814 1492
1492 814 1293
468 475 682
682 468 475
475 468 682
1486 759 761
761 759 1486
759 761 1486
278 920 1468
1468 278 920
920 278 1468
647 342 1210
1210 342 647
342 647 1210
1230 355 1065
355 1065 1230
1065 355 1230
20 707 1197
707 20 1197
1197 20 707
639 301 677
301 639 677
677 301 639
779 1125 1344
1125 779 1344
1344 779 1125
510 357 1274
1274 357 510
357 510 1274
17 148 225
148 17 225
225 17 148
85 476 601
601 85 476
476 85 601
1317 630 828
828 630 1317
630 828 1317
399 1115 1138
1115 399 1138
1138 399 1115
1388 449 496
449 496 1388
496 449 1388
303 227 1448
1448 227 303
227 303 1448
95 110 692
692 95 110
110 95 692
343 681 714
681 343 714
714 343 681
1408 443 1308
1308 443 1408
443 1308 1408
1213 734 1176
1176 734 1213
734 1176 1213
83 120 627
120 83 627
627 83 120
773 1284 1378
1378 773 1284
1284 773 1378
1343 1324 1418
1324 1343 1418
1418 1324 1343
978 65 1222
1222 65 978
65 978 1222
518 769 1126
1126 518 769
769 518 1126
1025 457 635
457 635 1025
635 457 1025
739 168 955
955 168 739
168 739 955
983 90 1142
1142 90 983
90 983 1142
897 580 709
580 709 897
709 580 897
214 472 501
501 214 472
472 214 501
511 218 1133
1133 218 511
218 511 1133
788 820 1128
820 788 1128
1128 788 820
1095 231 276
276 231 1095
231 276 1095
1145 464 870
464 870 1145
870 464 1145
952 170 961
961 170 952
170 952 961
325 43 1070
43 325 1070
1070 43 325
143 613 738
613 143 738
738 143 613
175 346 742
742 175 346
346 175 742
1301 249 268
268 249 1301
249 268 1301
31 419 789
789 31 419
419 31 789
728 1249 1380
1380 728 1249
1249 728 1380
1056 505 748
748 505 1056
505 748 1056
1271 24 311
24 311 1271
311 24 1271
536 421 618
618 421 536
421 536 618
996 1184 1275
1275 996 1184
1184 996 1275
185 153 570
153 185 570
570 153 185
507 196 736
196 507 736
736 196 507
993 53 1240
1240 53 993
53 993 1240
233 1191 1353
1353 233 1191
1191 233 1353
123 414 704
704 123 414
414 123 704
720 1040 1444
1040 720 1444
1444 720 1040
962 591 988
591 962 988
988 591 962
1053 181 424
181 424 1053
424 181 1053
816 207 1310
1310 207 816
207 816 1310
1313 683 1205
1205 683 1313
683 1205 1313
102 206 520
206 102 520
520 102 206
602 314 804
314 602 804
804 314 602
146 997 1010
997 146 1010
1010 146 997
1305 349 1121
349 1121 1305
1121 349 1305
948 668 1369
1369 668 948
668 948 1369
310 368 1097
1097 310 368
368 310 1097
871 351 1427
1427 351 871
351 871 1427
50 882 1336
1336 50 882
882 50 1336
1229 849 1034
849 1034 1229
1034 849 1229
777 1019 1156
1019 777 1156
1156 777 1019
792 1111 1235
1111 792 1235
1235 792 1111
490 353 715
715 353 490
353 490 715
1296 805 1020
805 1020 1296
1020 805 1296
857 260 307
260 307 857
307 260 857
416 1403 1458
1458 416 1403
1403 416 1458
934 79 727
79 727 934
727 79 934
486 62 1379
1379 62 486
62 486 1379
1002 515 1485
1485 515 1002
515 1002 1485
1054 280 1393
1393 280 1054
280 1054 1393
1354 913 1335
1335 913 1354
913 1335 1354
1238 881 883
883 881 1238
881 883 1238
41 485 612
612 41 485
485 41 612
874 1454 1491
1491 874 1454
1454 874 1491
1488 1028 1351
1351 1028 1488
1028 1351 1488
1449 1123 1241
1123 1241 1449
1241 1123 1449
37 112 971
971 37 112
112 37 971
166 408 1041
1041 166 408
408 166 1041
1236 943 1158
1158 943 1236
943 1158 1236
592 179 662
662 179 592
179 592 662
945 407 1139
1139 407 945
407 945 1139
1127 177 1470
177 1127 1470
1470 177 1127
954 187 1084
1084 187 954
187 954 1084
747 467 775
775 467 747
467 747 775
799 455 1021
1021 455 799
455 799 1021
889 1307 1309
1307 889 1309
1309 889 1307
1223 60 620
620 60 1223
60 620 1223
933 951 1331
951 933 1331
1331 933 951
1315 561 1173
561 1173 1315
1173 561 1315
385 44 1442
1442 44 385
44 385 1442
411 651 1319
1319 411 651
651 411 1319
51 936 1237
1237 51 936
936 51 1237
710 1320 1402
1320 710 1402
1402 710 1320
332 525 1257
525 332 1257
1257 332 525
809 269 969
269 809 969
969 269 809
290 392 394
394 290 392
392 290 394
1018 300 1260
1260 300 1018
300 1018 1260
1109 340 542
542 340 1109
340 542 1109
774 253 998
998 253 774
253 774 998
245 167 365
365 167 245
167 245 365
1495 70 417
417 70 1495
70 417 1495
128 437 926
437 128 926
926 128 437
1050 366 554
366 554 1050
554 366 1050
1059 549 737
737 549 1059
549 737 1059
966 717 1136
717 966 1136
1136 717 966
335 584 730
730 335 584
584 335 730
1327 1039 1172
1039 1172 1327
1172 1039 1327
432 586 1304
1304 432 586
586 432 1304
877 15 129
15 129 877
129 15 877
1466 1163 1264
1163 1264 1466
1264 1163 1466
1330 614 657
614 657 1330
657 614 1330
678 363 480
480 363 678
363 480 678
673 981 1268
1268 673 981
981 673 1268
1131 540 1005
540 1005 1131
1005 540 1131
1129 393 856
856 393 1129
393 856 1129
94 460 1199
1199 94 460
460 94 1199
1043 229 764
764 229 1043
229 764 1043
1198 230 266
230 266 1198
266 230 1198
6 516 819
819 6 516
516 6 819
319 791 991
791 319 991
991 319 791
1096 321 758
758 321 1096
321 758 1096
859 559 1030
559 859 1030
1030 559 859
440 1160 1423
1423 440 1160
1160 440 1423
247 888 1432
888 247 1432
1432 247 888
1299 898 1245
898 1245 1299
1245 898 1299
372 362 529
362 372 529
529 362 372
685 864 1332
864 685 1332
1332 685 864
401 240 868
240 401 868
868 240 401
583 1154 1334
1154 583 1334
1334 583 1154
1036 908 1371
908 1036 1371
1371 908 1036
1203 499 1186
1186 499 1203
499 1186 1203
783 448 884
448 783 884
884 448 783
261 581 1265
581 261 1265
1265 261 581
1023 596 642
642 596 1023
596 642 1023
308 711 821
821 308 711
711 308 821
1452 183 1389
1389 183 1452
183 1389 1452
745 293 1453
293 745 1453
1453 293 745
326 740 1195
740 326 1195
1195 326 740
600 1038 1060
1060 600 1038
1038 600 1060
823 474 1323
474 823 1323
1323 474 823
487 274 797
797 274 487
274 487 797
1051 435 1215
435 1051 1215
1215 435 1051
1027 565 1026
565 1026 1027
1026 565 1027
7 577 1015
577 7 1015
1015 7 577
722 69 911
911 69 722
69 722 911
358 1078 1288
1078 358 1288
1288 358 1078
159 527 1416
1416 159 527
527 159 1416
297 818 1263
1263 297 818
818 297 1263
1212 446 853
853 446 1212
446 853 1212
562 241 458
458 241 562
241 458 562
817 1073 1409
1409 817 1073
1073 817 1409
470 705 863
705 470 863
863 470 705
283 1251 1303
1251 283 1303
1303 283 1251
813 1171 1204
1171 813 1204
1204 813 1171
891 109 1181
109 891 1181
1181 109 891
1407 58 597
58 597 1407
597 58 1407
930 698 1243
1243 698 930
698 930 1243
403 903 964
964 403 903
903 403 964
1088 11 267
267 11 1088
11 267 1088
566 89 1494
89 566 1494
1494 89 566
985 674 1247
674 985 1247
1247 674 985
939 1294 1424
1294 939 1424
1424 939 1294
1009 878 1093
878 1009 1093
1093 878 1009
833 9 371
371 9 833
9 371 833
1431 786 1395
1395 786 1431
786 1395 1431
35 138 1082
1082 35 138
138 35 1082
1120 254 380
380 254 1120
254 380 1120
834 1104 1291
1291 834 1104
1104 834 1291
702 200 327
200 327 702
327 200 702
328 279 1089
279 328 1089
1089 279 328
729 45 1004
1004 45 729
45 729 1004
482 2 1046
1046 2 482
2 482 1046
386 699 1413
1413 386 699
699 386 1413
1286 947 1463
947 1286 1463
1463 947 1286
285 808 925
808 285 925
925 285 808
713 364 477
477 364 713
364 477 713
1234 193 1311
1311 193 1234
193 1234 1311
162 494 746
746 162 494
494 162 746
1228 263 1174
1174 263 1228
263 1174 1228
660 98 653
653 98 660
98 653 660
426 1179 1438
1179 426 1438
1438 426 1179
52 840 1008
840 52 1008
1008 52 840
977 156 1374
156 977 1374
1374 156 977
137 292 867
867 137 292
292 137 867
854 822 927
822 854 927
927 822 854
1368 75 149
75 149 1368
149 75 1368
152 694 1058
1058 152 694
694 152 1058
164 846 1014
1014 164 846
846 164 1014
1155 82 1080
1080 82 1155
82 1080 1155
1493 842 1481
1481 842 1493
842 1481 1493
1085 532 558
532 558 1085
558 532 1085
1217 975 1361
975 1217 1361
1361 975 1217
551 643 1329
1329 551 643
643 551 1329
553 836 1437
1437 553 836
836 553 1437
623 275 605
605 275 623
275 605 623
938 127 1102
1102 127 938
127 938 1102
1314 619 1482
1482 619 1314
619 1314 1482
1497 422 1055
422 1055 1497
1055 422 1497
1193 723 1218
1218 723 1193
723 1193 1218
277 99 1076
99 277 1076
1076 99 277
1277 48 78
78 48 1277
48 78 1277
1208 383 1262
1262 383 1208
383 1208 1262
208 484 866
484 208 866
866 208 484
194 835 1290
1290 194 835
835 194 1290
1500 25 189
25 189 1500
189 25 1500
317 40 691
40 317 691
691 40 317
140 655 785
785 140 655
655 140 785
1221 345 604
345 604 1221
604 345 1221
1134 568 894
568 894 1134
894 568 1134
1233 848 1356
848 1233 1356
1356 848 1233
265 161 1455
1455 161 265
161 265 1455
1037 1101 1112
1101 1037 1112
1112 1037 1101
61 844 1094
1094 61 844
844 61 1094
1337 1007 1061
1061 1007 1337
1007 1061 1337
1219 503 725
725 503 1219
503 725 1219
203 415 427
415 203 427
427 203 415
36 890 1443
1443 36 890
890 36 1443
420 1035 1462
1462 420 1035
1035 420 1462
753 772 1242
772 753 1242
1242 753 772
995 724 1281
724 995 1281
1281 724 995
603 306 1292
1292 306 603
306 603 1292
1477 862 1435
1435 862 1477
862 1435 1477
1450 550 907
550 907 1450
907 550 1450
1280 299 661
299 661 1280
661 299 1280
1016 645 989
645 989 1016
989 645 1016
22 134 815
815 22 134
134 22 815
1153 987 1469
1469 987 1153
987 1153 1469
68 106 115
106 68 115
115 68 106
42 67 825
825 42 67
67 42 825
1149 114 610
114 610 1149
610 114 1149
1339 117 860
860 117 1339
117 860 1339
39 121 958
958 39 121
121 39 958
1132 456 1159
1159 456 1132
456 1132 1159
1248 850 1447
1447 850 1248
850 1248 1447
1187 1340 1349
1349 1187 1340
1340 1187 1349
782 165 202
165 202 782
202 165 782
654 537 749
537 654 749
749 537 654
611 567 1167
1167 567 611
567 611 1167
1387 547 1283
547 1283 1387
1283 547 1387
452 751 1404
1404 452 751
751 452 1404
479 296 765
296 479 765
765 296 479
131 530 1318
530 131 1318
1318 131 530
910 201 1169
1169 201 910
201 910 1169
500 124 273
273 124 500
124 273 500
235 1013 1074
1013 235 1074
1074 235 1013
519 433 1207
1207 433 519
433 519 1207
886 895 1211
895 886 1211
1211 886 895
130 258 839
839 130 258
258 130 839
337 256 1232
1232 256 337
256 337 1232
595 731 784
731 595 784
784 595 731
1148 216 695
216 695 1148
695 216 1148
376 49 829
829 49 376
49 376 829
145 439 442
442 145 439
439 145 442
338 544 579
544 338 579
579 338 544
1192 679 1398
1398 679 1192
679 1192 1398
151 178 1244
1244 151 178
178 151 1244
847 248 1164
248 847 1164
1164 248 847
1130 712 1457
1457 712 1130
712 1130 1457
585 517 569
517 569 585
569 517 585
298 622 1399
622 298 1399
1399 298 622
574 634 1092
634 574 1092
1092 574 634
57 1003 1373
1373 57 1003
1003 57 1373
1412 81 1322
1322 81 1412
81 1322 1412
806 158 802
158 802 806
802 158 806
239 74 754
74 239 754
754 74 239
1359 32 735
32 735 1359
735 32 1359
665 430 502
502 430 665
430 502 665
398 105 960
960 105 398
105 398 960
1068 47 1279
47 1068 1279
1279 47 1068
522 1052 1489
1489 522 1052
1052 522 1489
790 28 708
28 708 790
708 28 790
1168 670 905
905 670 1168
670 905 1168
957 590 885
590 885 957
885 590 957
1405 251 1365
251 1365 1405
1365 251 1405
539 288 1152
288 539 1152
1152 288 539
1220 23 663
663 23 1220
23 663 1220
1032 459 762
762 459 1032
459 762 1032
1295 348 373
348 373 1295
373 348 1295
33 1255 1461
1461 33 1255
1255 33 1461
451 423 572
423 451 572
572 423 451
582 209 1346
1346 209 582
209 582 1346
80 59 589
589 59 80
59 80 589
646 228 400
228 400 646
400 228 646
463 329 979
979 329 463
329 463 979
302 173 851
851 173 302
173 302 851
873 1254 1478
1478 873 1254
1254 873 1478
93 1194 1214
1214 93 1194
1194 93 1214
1415 384 1057
1057 384 1415
384 1057 1415
880 405 462
405 462 880
462 405 880
912 176 1071
176 912 1071
1071 176 912
1231 441 757
757 441 1231
441 757 1231
1118 418 781
418 781 1118
781 418 1118
1202 287 541
541 287 1202
287 541 1202
1256 811 1392
1392 811 1256
811 1256 1392
1282 904 1045
904 1045 1282
1045 904 1282
397 367 1300
1300 367 397
367 397 1300
1394 1377 1464
1464 1377 1394
1377 1394 1464
1119 798 899
798 899 1119
899 798 1119
389 1100 1306
1306 389 1100
1100 389 1306
1044 243 1333
243 1044 1333
1333 243 1044
147 242 270
270 147 242
242 147 270
578 119 1451
119 578 1451
1451 119 578
696 142 1460
1460 142 696
142 696 1460
436 71 453
453 71 436
71 436 453
370 88 250
88 250 370
250 88 370
