9667 11580 14589
14589 9667 11580
11580 9667 14589
3344 3376 12577
3376 3344 12577
12577 3344 3376
5550 13688 14852
14852 5550 13688
13688 5550 14852
8608 2205 14086
2205 8608 14086
14086 2205 8608
1196 9886 14610
9886 1196 14610
14610 1196 9886
12072 1366 2372
2372 1366 12072
1366 2372 12072
2285 2326 7280
2326 2285 7280
7280 2285 2326
11417 4626 13505
13505 4626 11417
4626 11417 13505
11590 1087 12145
12145 1087 11590
1087 11590 12145
6781 9562 10820
9562 6781 10820
10820 6781 9562
7452 3671 6481
3671 6481 7452
6481 3671 7452
3931 854 12887
854 3931 12887
12887 854 3931
5090 5260 10655
5260 5090 10655
10655 5090 5260
2719 9221 12129
12129 2719 9221
9221 2719 12129
4157 1648 13202
1648 4157 13202
13202 1648 4157
5986 3470 7705
3470 5986 7705
7705 3470 5986
14863 22 4858
4858 22 14863
22 4858 14863
14824 7013 13875
7013 13875 14824
13875 7013 14824
6968 1003 6881
1003 6881 6968
6881 1003 6968
8573 3122 8321
8321 3122 8573
3122 8321 8573
4091 6933 8497
8497 4091 6933
6933 4091 8497
2528 7925 13845
7925 2528 13845
13845 2528 7925
4876 1132 11062
1132 4876 11062
11062 1132 4876
14166 1273 12222
1273 12222 14166
12222 1273 14166
12662 13589 13979
13589 12662 13979
13979 12662 13589
8937 7030 13985
7030 8937 13985
13985 7030 8937
4173 5781 13996
5781 4173 13996
13996 4173 5781
9712 4351 11170
4351 9712 11170
11170 4351 9712
2936 8921 9439
8921 2936 9439
9439 2936 8921
11787 623 13455
623 11787 13455
13455 623 11787
6892 12212 13783
13783 6892 12212
12212 6892 13783
3461 5052 8577
5052 3461 8577
8577 3461 5052
545 2580 5494
2580 545 5494
5494 545 2580
2752 9782 14116
9782 2752 14116
14116 2752 9782
9415 9154 10712
10712 9154 9415
9154 9415 10712
12280 2287 4111
2287 4111 12280
4111 2287 12280
9554 501 6806
6806 501 9554
501 6806 9554
12566 5030 12697
5030 12566 12697
12697 5030 12566
12289 13527 14674
14674 12289 13527
13527 12289 14674
1404 11935 14279
11935 1404 14279
14279 1404 11935
14522 5388 7614
5388 7614 14522
7614 5388 14522
12630 194 3586
3586 194 12630
194 3586 12630
7033 7396 10448
10448 7033 7396
7396 7033 10448
10980 3140 13504
3140 10980 13504
13504 3140 10980
13028 4923 4983
4983 4923 13028
4923 4983 13028
8601 9779 9846
9779 8601 9846
9846 8601 9779
8089 2376 8555
8555 2376 8089
2376 8089 8555
4475 13722 14954
13722 4475 14954
14954 4475 13722
10004 8276 13435
13435 8276 10004
8276 10004 13435
10315 797 8377
8377 797 10315
797 8377 10315
9725 3194 6383
3194 6383 9725
6383 3194 9725
1180 5454 13372
13372 1180 5454
5454 1180 13372
14870 7680 13086
7680 13086 14870
13086 7680 14870
372 1824 4954
1824 372 4954
4954 372 1824
539 92 9294
9294 92 539
92 539 9294
10018 3998 13051
13051 3998 10018
3998 10018 13051
12782 6255 9505
9505 6255 12782
6255 9505 12782
12834 9215 14978
9215 12834 14978
14978 9215 12834
1775 3128 14557
14557 1775 3128
3128 1775 14557
7222 4660 7366
4660 7222 7366
7366 4660 7222
11189 4577 12235
4577 11189 12235
12235 4577 11189
13057 8223 9217
8223 9217 13057
9217 8223 13057
8495 7220 10745
10745 7220 8495
7220 8495 10745
3105 13049 13521
13049 3105 13521
13521 3105 13049
4342 1255 4163
1255 4163 4342
4163 1255 4342
13239 3009 5751
5751 3009 13239
3009 5751 13239
887 10014 11334
10014 887 11334
11334 887 10014
3198 3494 11113
3494 3198 11113
11113 3198 3494
4426 3947 14781
3947 4426 14781
14781 3947 4426
391 2625 13446
2625 391 13446
13446 391 2625
2540 5363 8636
8636 2540 5363
5363 2540 8636
4411 1061 1894
1894 1061 4411
1061 1894 4411
7205 5858 10416
10416 5858 7205
5858 7205 10416
1464 1869 11125
11125 1464 1869
1869 1464 11125
6920 5184 13696
13696 5184 6920
5184 6920 13696
4665 713 4661
713 4661 4665
4661 713 4665
6525 3096 10088
3096 6525 10088
10088 3096 6525
2616 7875 11691
7875 2616 11691
11691 2616 7875
6938 3757 9025
9025 3757 6938
3757 6938 9025
2750 5201 8334
8334 2750 5201
5201 2750 8334
5885 3295 14454
14454 3295 5885
3295 5885 14454
12196 5441 12723
12723 5441 12196
5441 12196 12723
5900 8383 12394
12394 5900 8383
8383 5900 12394
487 5759 8421
5759 487 8421
8421 487 5759
7388 13152 13475
13475 7388 13152
13152 7388 13475
4935 2458 4624
4624 2458 4935
2458 4624 4935
2709 11444 14997
11444 2709 14997
14997 2709 11444
11701 1280 12849
12849 1280 11701
1280 11701 12849
7775 9274 10657
9274 7775 10657
10657 7775 9274
13552 4491 5300
5300 4491 13552
4491 5300 13552
14552 8798 9317
8798 9317 14552
9317 8798 14552
7956 2585 10345
2585 7956 10345
10345 2585 7956
10551 4140 9461
4140 9461 10551
9461 4140 10551
2071 2756 11421
2756 2071 11421
11421 2071 2756
10047 4753 13958
13958 4753 10047
4753 10047 13958
9643 3890 11784
3890 9643 11784
11784 3890 9643
12600 3828 10645
10645 3828 12600
3828 10645 12600
2087 1692 2391
2391 1692 2087
1692 2087 2391
2695 5536 11213
5536 2695 11213
11213 2695 5536
6319 7259 12135
12135 6319 7259
7259 6319 12135
14891 3739 8828
3739 8828 14891
8828 3739 14891
1799 4035 6055
4035 1799 6055
6055 1799 4035
1062 3568 7632
7632 1062 3568
3568 1062 7632
9050 1760 14006
14006 1760 9050
1760 9050 14006
7689 3392 7738
7738 3392 7689
3392 7689 7738
1788 10300 10632
10300 1788 10632
10632 1788 10300
13050 8258 12855
12855 8258 13050
8258 12855 13050
13158 3125 12891
12891 3125 13158
3125 12891 13158
940 5018 11528
5018 940 11528
11528 940 5018
12040 8626 9870
8626 9870 12040
9870 8626 12040
2997 2476 3797
2476 2997 3797
3797 2476 2997
7789 3047 8553
3047 7789 8553
8553 3047 7789
10220 2796 12534
12534 2796 10220
2796 10220 12534
4662 2105 8046
8046 2105 4662
2105 4662 8046
5438 7751 13283
13283 5438 7751
7751 5438 13283
1185 1377 8376
1377 1185 8376
8376 1185 1377
10274 71 612
612 71 10274
71 612 10274
3255 9485 12262
12262 3255 9485
9485 3255 12262
9728 10268 12810
10268 9728 12810
12810 9728 10268
5420 1757 1804
1757 1804 5420
1804 1757 5420
4136 6865 11883
11883 4136 6865
6865 4136 11883
8379 3369 8590
8590 3369 8379
3369 8379 8590
14272 8356 14048
8356 14048 14272
14048 8356 14272
14983 8988 9396
9396 8988 14983
8988 9396 14983
13039 2614 4911
4911 2614 13039
2614 4911 13039
2158 8058 12378
12378 2158 8058
8058 2158 12378
12090 4233 8904
4233 8904 12090
8904 4233 12090
13637 14187 14608
14187 13637 14608
14608 13637 14187
7939 5262 11630
5262 7939 11630
11630 5262 7939
14913 1565 3013
1565 3013 14913
3013 1565 14913
12479 5292 11717
5292 11717 12479
11717 5292 12479
10918 606 3759
3759 606 10918
606 3759 10918
1714 9795 11952
9795 1714 11952
11952 1714 9795
12324 7207 13972
13972 7207 12324
7207 12324 13972
6575 12439 14722
14722 6575 12439
12439 6575 14722
202 3467 11148
3467 202 11148
11148 202 3467
1105 1159 2587
1159 1105 2587
2587 1105 1159
12532 3238 4511
4511 3238 12532
3238 4511 12532
1375 5320 11990
5320 1375 11990
11990 1375 5320
11473 276 5506
276 5506 11473
5506 276 11473
13171 11236 12056
11236 12056 13171
12056 11236 13171
12203 2571 2713
2571 2713 12203
2713 2571 12203
2198 2000 14206
2000 2198 14206
14206 2000 2198
10368 2642 11562
11562 2642 10368
2642 10368 11562
14705 3081 7392
7392 3081 14705
3081 7392 14705
2204 5709 10888
5709 2204 10888
10888 2204 5709
10576 6563 14561
14561 6563 10576
6563 10576 14561
12595 8837 10557
8837 10557 12595
10557 8837 12595
6364 2054 9611
2054 6364 9611
9611 2054 6364
3746 7404 14614
7404 3746 14614
14614 3746 7404
9121 2062 5639
5639 2062 9121
2062 5639 9121
3900 1627 8183
1627 3900 8183
8183 1627 3900
3584 4444 12011
4444 3584 12011
12011 3584 4444
8505 12172 13880
13880 8505 12172
12172 8505 13880
8327 11360 13824
11360 8327 13824
13824 8327 11360
14708 1766 12267
1766 12267 14708
12267 1766 14708
11767 8293 12977
12977 8293 11767
8293 11767 12977
12062 5303 8311
5303 8311 12062
8311 5303 12062
2117 2711 13493
13493 2117 2711
2711 2117 13493
6108 9588 14004
9588 6108 14004
14004 6108 9588
7274 5921 10513
5921 7274 10513
10513 5921 7274
6380 3120 5916
3120 5916 6380
5916 3120 6380
5724 4865 6198
4865 5724 6198
6198 4865 5724
5028 6484 7279
7279 5028 6484
6484 5028 7279
5238 1584 12302
1584 5238 12302
12302 1584 5238
10332 4257 12312
12312 4257 10332
4257 10332 12312
14911 6235 8351
8351 6235 14911
6235 8351 14911
11009 1222 6090
6090 1222 11009
1222 6090 11009
3897 2563 6766
2563 3897 6766
6766 2563 3897
4818 7509 13364
13364 4818 7509
7509 4818 13364
6539 9001 11114
11114 6539 9001
9001 6539 11114
6181 6945 14100
14100 6181 6945
6945 6181 14100
6889 6951 11326
11326 6889 6951
6951 6889 11326
637 5177 7347
5177 637 7347
7347 637 5177
8487 7500 12158
12158 7500 8487
7500 8487 12158
31 8741 14754
8741 31 14754
14754 31 8741
4442 1811 13990
1811 4442 13990
13990 1811 4442
8887 9569 14132
14132 8887 9569
9569 8887 14132
6244 3680 8597
8597 3680 6244
3680 6244 8597
11252 9675 11700
11700 9675 11252
9675 11252 11700
2332 2067 12153
2067 2332 12153
12153 2067 2332
6149 620 3862
3862 620 6149
620 3862 6149
4408 2930 10747
2930 4408 10747
10747 2930 4408
12163 8720 10669
10669 8720 12163
8720 10669 12163
9776 8265 14990
8265 9776 14990
14990 8265 9776
14284 3362 14015
14015 3362 14284
3362 14015 14284
8252 3361 4050
4050 3361 8252
3361 4050 8252
6008 7821 14819
7821 6008 14819
14819 6008 7821
7898 532 9708
532 7898 9708
9708 532 7898
3080 6494 7698
6494 3080 7698
7698 3080 6494
984 3126 8193
3126 984 8193
8193 984 3126
4701 11268 14215
11268 4701 14215
14215 4701 11268
9992 107 13407
107 9992 13407
13407 107 9992
132 3735 6556
6556 132 3735
3735 132 6556
13767 8446 11441
8446 11441 13767
11441 8446 13767
737 3905 4497
4497 737 3905
3905 737 4497
14864 3069 13249
13249 3069 14864
3069 13249 14864
8407 7004 13961
7004 8407 13961
13961 7004 8407
5818 5905 6661
5905 5818 6661
6661 5818 5905
5748 3044 11608
11608 3044 5748
3044 5748 11608
5152 4944 7806
7806 4944 5152
4944 5152 7806
8048 1091 11887
1091 8048 11887
11887 1091 8048
644 5096 12412
12412 644 5096
5096 644 12412
2060 6294 8829
6294 2060 8829
8829 2060 6294
6718 10072 10086
10086 6718 10072
10072 6718 10086
1480 5706 13760
5706 1480 13760
13760 1480 5706
370 7672 12348
7672 370 12348
12348 370 7672
14292 6700 14295
6700 14292 14295
14295 6700 14292
14003 9859 12953
12953 9859 14003
9859 12953 14003
4077 805 12248
12248 805 4077
805 4077 12248
12276 2468 14867
14867 2468 12276
2468 12276 14867
4038 3483 5505
3483 4038 5505
5505 3483 4038
14498 5013 7422
7422 5013 14498
5013 7422 14498
7908 5525 9890
5525 7908 9890
9890 5525 7908
11518 11204 11209
11204 11209 11518
11209 11204 11518
537 1603 6583
1603 537 6583
6583 537 1603
5808 9436 13429
13429 5808 9436
9436 5808 13429
7573 376 6585
6585 376 7573
376 6585 7573
7408 11925 14737
11925 7408 14737
14737 7408 11925
11411 13146 13492
13146 11411 13492
13492 11411 13146
7879 1276 11882
11882 1276 7879
1276 7879 11882
10354 5203 5314
5203 5314 10354
5314 5203 10354
4667 13320 14112
13320 4667 14112
14112 4667 13320
4726 12713 14032
14032 4726 12713
12713 4726 14032
8423 6836 7002
6836 7002 8423
7002 6836 8423
5133 11766 13631
11766 5133 13631
13631 5133 11766
3907 5022 7478
7478 3907 5022
5022 3907 7478
11585 6211 13757
13757 6211 11585
6211 11585 13757
13454 4985 5635
5635 4985 13454
4985 5635 13454
11138 3389 5472
5472 3389 11138
3389 5472 11138
1520 5586 13876
5586 1520 13876
13876 1520 5586
12875 12614 12666
12666 12614 12875
12614 12666 12875
6043 2005 8740
8740 2005 6043
2005 6043 8740
14346 2100 11261
2100 11261 14346
11261 2100 14346
9135 618 1743
618 1743 9135
1743 618 9135
722 5642 9283
5642 722 9283
9283 722 5642
10859 1549 10640
10640 1549 10859
1549 10640 10859
4045 1927 10430
1927 4045 10430
10430 1927 4045
14266 8591 10964
8591 10964 14266
10964 8591 14266
678 1228 13456
1228 678 13456
13456 678 1228
2061 5559 11428
5559 2061 11428
11428 2061 5559
9433 3893 7196
7196 3893 9433
3893 7196 9433
4799 5098 11896
5098 4799 11896
11896 4799 5098
6579 1874 3794
1874 3794 6579
3794 1874 6579
9697 7295 9802
9802 7295 9697
7295 9697 9802
4329 9777 10109
9777 4329 10109
10109 4329 9777
6635 5621 13782
13782 5621 6635
5621 6635 13782
13189 2570 13399
13399 2570 13189
2570 13189 13399
9686 683 1406
683 1406 9686
1406 683 9686
12867 45 12292
12292 45 12867
45 12292 12867
14104 2955 3328
2955 3328 14104
3328 2955 14104
12357 1335 9107
9107 1335 12357
1335 9107 12357
4421 10343 11276
11276 4421 10343
10343 4421 11276
541 426 10081
426 541 10081
10081 426 541
1665 6907 12077
6907 1665 12077
12077 1665 6907
2070 2304 9918
2304 2070 9918
9918 2070 2304
1684 5763 7251
7251 1684 5763
5763 1684 7251
3165 3022 10015
3022 3165 10015
10015 3022 3165
10531 2986 10103
10103 2986 10531
2986 10103 10531
8886 2792 13956
13956 2792 8886
2792 8886 13956
10611 1176 5551
5551 1176 10611
1176 5551 10611
1530 4687 12702
4687 1530 12702
12702 1530 4687
3699 978 3567
978 3567 3699
3567 978 3699
14950 5487 8529
8529 5487 14950
5487 8529 14950
6389 5261 12793
12793 5261 6389
5261 6389 12793
11429 2618 6367
2618 6367 11429
6367 2618 11429
6982 2300 10477
10477 2300 6982
2300 6982 10477
12422 56 6216
6216 56 12422
56 6216 12422
13644 4739 12969
4739 12969 13644
12969 4739 13644
7134 939 10876
10876 939 7134
939 7134 10876
12052 6993 9059
9059 6993 12052
6993 9059 12052
12003 5633 12851
5633 12003 12851
12851 5633 12003
11045 3948 14941
14941 3948 11045
3948 11045 14941
14210 2413 11053
2413 11053 14210
11053 2413 14210
12006 386 10752
10752 386 12006
386 10752 12006
344 8678 10240
8678 344 10240
10240 344 8678
8774 3944 7712
3944 7712 8774
7712 3944 8774
10176 589 6985
589 6985 10176
6985 589 10176
10328 239 1346
1346 239 10328
239 1346 10328
12266 8558 10309
8558 10309 12266
10309 8558 12266
8734 8756 14750
8756 8734 14750
14750 8734 8756
1045 6780 8399
8399 1045 6780
6780 1045 8399
8382 2548 5736
5736 2548 8382
2548 5736 8382
14208 10549 12039
10549 12039 14208
12039 10549 14208
6698 10941 11151
10941 6698 11151
11151 6698 10941
13425 7237 9618
9618 7237 13425
7237 9618 13425
12499 2978 10383
10383 2978 12499
2978 10383 12499
6701 7473 10566
10566 6701 7473
7473 6701 10566
1580 6366 7086
7086 1580 6366
6366 1580 7086
3490 37 13311
37 3490 13311
13311 37 3490
4139 2295 4161
2295 4139 4161
4161 2295 4139
9199 5523 7762
5523 7762 9199
7762 5523 9199
6514 2212 6598
6598 2212 6514
2212 6514 6598
14223 3649 14685
14685 3649 14223
3649 14223 14685
5638 4213 14764
14764 4213 5638
4213 5638 14764
6909 6918 7692
7692 6909 6918
6918 6909 7692
6123 7530 8523
8523 6123 7530
7530 6123 8523
11145 9954 11211
11211 9954 11145
9954 11145 11211
4214 2313 6538
6538 2313 4214
2313 4214 6538
10999 8362 9511
9511 8362 10999
8362 9511 10999
10537 913 10626
913 10537 10626
10626 913 10537
6025 5668 11737
5668 6025 11737
11737 5668 6025
14025 3656 14339
14339 3656 14025
3656 14025 14339
14665 2717 4555
4555 2717 14665
2717 4555 14665
5462 9184 11519
9184 5462 11519
11519 5462 9184
2029 9578 10825
9578 2029 10825
10825 2029 9578
14955 660 7616
7616 660 14955
660 7616 14955
6613 1294 11532
1294 6613 11532
11532 1294 6613
8198 5949 8412
8412 5949 8198
5949 8198 8412
12051 1146 2887
2887 1146 12051
1146 2887 12051
2938 3289 10248
3289 2938 10248
10248 2938 3289
4839 1739 8016
8016 1739 4839
1739 4839 8016
13692 1249 8548
8548 1249 13692
1249 8548 13692
12696 641 12993
12993 641 12696
641 12696 12993
7798 3244 5301
3244 5301 7798
5301 3244 7798
4179 5453 8604
5453 4179 8604
8604 4179 5453
13216 488 6665
6665 488 13216
488 6665 13216
8194 5444 14018
5444 8194 14018
14018 5444 8194
4836 7141 14661
7141 4836 14661
14661 4836 7141
11904 155 10629
10629 155 11904
155 10629 11904
14153 9847 11403
9847 11403 14153
11403 9847 14153
4908 80 6311
6311 80 4908
80 4908 6311
778 11108 12369
11108 778 12369
12369 778 11108
6091 11956 12560
12560 6091 11956
11956 6091 12560
1171 12126 12615
12615 1171 12126
12126 1171 12615
10586 6246 8822
6246 8822 10586
8822 6246 10586
2651 10473 12070
12070 2651 10473
10473 2651 12070
13900 4988 6788
6788 4988 13900
4988 6788 13900
4009 6694 14924
14924 4009 6694
6694 4009 14924
12347 6039 14821
6039 12347 14821
14821 6039 12347
8186 3839 14226
3839 8186 14226
14226 3839 8186
13747 8236 12951
12951 8236 13747
8236 12951 13747
10561 6007 6045
6045 6007 10561
6007 6045 10561
4300 9061 9187
9187 4300 9061
9061 4300 9187
8430 8654 14994
14994 8430 8654
8654 8430 14994
8784 1450 3497
1450 3497 8784
3497 1450 8784
8162 12570 13840
12570 8162 13840
13840 8162 12570
5689 4291 14212
4291 5689 14212
14212 4291 5689
9183 346 12071
346 9183 12071
12071 346 9183
4679 4535 11862
4535 4679 11862
11862 4535 4679
524 6956 7633
6956 524 7633
7633 524 6956
2806 5367 5629
5629 2806 5367
5367 2806 5629
6834 3491 11622
11622 3491 6834
3491 6834 11622
671 6503 6709
6709 671 6503
6503 671 6709
2575 3689 8880
8880 2575 3689
3689 2575 8880
5216 4843 9095
9095 4843 5216
4843 5216 9095
14858 5498 10880
5498 10880 14858
10880 5498 14858
12081 10924 12938
10924 12081 12938
12938 10924 12081
12853 2672 7590
2672 7590 12853
7590 2672 12853
5046 2646 10168
10168 2646 5046
2646 5046 10168
2542 2586 3217
3217 2542 2586
2586 2542 3217
9371 825 4431
825 4431 9371
4431 825 9371
4529 4930 6457
6457 4529 4930
4930 4529 6457
11986 3941 6261
3941 6261 11986
6261 3941 11986
11457 1313 7146
1313 7146 11457
7146 1313 11457
10496 4302 6765
4302 6765 10496
6765 4302 10496
13394 10222 12774
12774 10222 13394
10222 12774 13394
672 1233 3066
1233 672 3066
3066 672 1233
14056 920 5864
5864 920 14056
920 5864 14056
6561 878 3525
878 3525 6561
3525 878 6561
7000 11638 13173
13173 7000 11638
11638 7000 13173
1992 8867 10594
10594 1992 8867
8867 1992 10594
9705 1930 8273
1930 8273 9705
8273 1930 9705
11286 3929 4685
4685 3929 11286
3929 4685 11286
3305 4096 7370
4096 3305 7370
7370 3305 4096
7397 705 9438
9438 705 7397
705 7397 9438
13632 5097 12301
12301 5097 13632
5097 12301 13632
6318 1528 6171
1528 6171 6318
6171 1528 6318
9374 5929 7656
7656 5929 9374
5929 7656 9374
14889 4652 9358
9358 4652 14889
4652 9358 14889
13111 6384 8380
8380 6384 13111
6384 8380 13111
13855 649 1519
649 1519 13855
1519 649 13855
8413 12780 14669
12780 8413 14669
14669 8413 12780
4984 8253 11892
11892 4984 8253
8253 4984 11892
9963 4232 6223
6223 4232 9963
4232 6223 9963
12821 4356 11323
4356 11323 12821
11323 4356 12821
9823 13273 14517
13273 9823 14517
14517 9823 13273
9528 11015 13231
13231 9528 11015
11015 9528 13231
13556 14270 14463
14270 13556 14463
14463 13556 14270
10839 10197 13826
13826 10197 10839
10197 10839 13826
4088 619 10722
619 4088 10722
10722 619 4088
7247 10773 13298
10773 7247 13298
13298 7247 10773
10113 9306 14581
14581 9306 10113
9306 10113 14581
8587 2469 12180
12180 2469 8587
2469 8587 12180
4651 5538 7975
5538 4651 7975
7975 4651 5538
4692 3846 9869
3846 4692 9869
9869 3846 4692
6176 6237 8378
8378 6176 6237
6237 6176 8378
13392 6673 12829
12829 6673 13392
6673 12829 13392
11569 11634 13939
11634 11569 13939
13939 11569 11634
10570 2552 5815
2552 5815 10570
5815 2552 10570
6306 7097 12530
12530 6306 7097
7097 6306 12530
3253 3816 14450
14450 3253 3816
3816 3253 14450
10402 8933 13700
8933 10402 13700
13700 8933 10402
928 2165 12913
12913 928 2165
2165 928 12913
3059 327 10321
327 3059 10321
10321 327 3059
2094 1070 14496
14496 1070 2094
1070 2094 14496
5229 11742 14622
11742 5229 14622
14622 5229 11742
10836 8061 13536
8061 10836 13536
13536 8061 10836
8967 229 3857
229 3857 8967
3857 229 8967
3317 3546 4068
4068 3317 3546
3546 3317 4068
6132 8133 8801
8801 6132 8133
8133 6132 8801
2550 11553 11921
11553 2550 11921
11921 2550 11553
6080 304 7700
7700 304 6080
304 6080 7700
2676 3139 9410
3139 2676 9410
9410 2676 3139
5029 1725 12106
12106 1725 5029
1725 5029 12106
822 6663 9207
6663 822 9207
9207 822 6663
7484 3597 5049
5049 3597 7484
3597 5049 7484
3205 5074 14740
5074 3205 14740
14740 3205 5074
13024 3904 9009
3904 9009 13024
9009 3904 13024
9500 10294 11916
11916 9500 10294
10294 9500 11916
14770 87 10780
10780 87 14770
87 10780 14770
929 3425 13132
13132 929 3425
3425 929 13132
3750 2785 12859
12859 2785 3750
2785 3750 12859
5901 1594 9741
9741 1594 5901
1594 5901 9741
5811 4097 10994
4097 5811 10994
10994 4097 5811
9652 4106 8603
4106 8603 9652
8603 4106 9652
6811 8117 10305
8117 6811 10305
10305 6811 8117
9069 9619 13759
13759 9069 9619
9619 9069 13759
2703 6210 8440
6210 2703 8440
8440 2703 6210
8172 8721 12154
8721 8172 12154
12154 8172 8721
8648 6975 9188
9188 6975 8648
6975 8648 9188
10663 6150 9422
9422 6150 10663
6150 9422 10663
13217 669 13558
669 13217 13558
13558 669 13217
2604 2078 7156
2078 2604 7156
7156 2078 2604
7413 2744 4400
2744 4400 7413
4400 2744 7413
11541 317 10608
10608 317 11541
317 10608 11541
7841 6463 8533
8533 6463 7841
6463 7841 8533
10359 7271 9193
9193 7271 10359
7271 9193 10359
7665 443 14556
443 7665 14556
14556 443 7665
12791 2436 14237
2436 12791 14237
14237 2436 12791
2842 7268 11177
7268 2842 11177
11177 2842 7268
3715 7745 8622
8622 3715 7745
7745 3715 8622
14297 750 5707
750 5707 14297
5707 750 14297
11510 6800 11881
11881 6800 11510
6800 11510 11881
804 8140 8713
8140 804 8713
8713 804 8140
9581 8624 12238
12238 8624 9581
8624 9581 12238
6708 4805 14371
14371 4805 6708
4805 6708 14371
5357 8569 8833
8569 5357 8833
8833 5357 8569
7204 13498 14490
13498 7204 14490
14490 7204 13498
12306 7780 11920
11920 7780 12306
7780 11920 12306
3698 6675 13020
13020 3698 6675
6675 3698 13020
2597 2561 3174
3174 2561 2597
2561 2597 3174
4202 1656 7050
1656 4202 7050
7050 1656 4202
2228 1086 10804
1086 2228 10804
10804 1086 2228
8528 7310 7599
7599 7310 8528
7310 7599 8528
10132 9843 12190
12190 9843 10132
9843 10132 12190
296 7726 8129
7726 296 8129
8129 296 7726
456 10555 10627
10555 456 10627
10627 456 10555
11993 9771 15000
9771 11993 15000
15000 9771 11993
6341 6874 12542
12542 6341 6874
6874 6341 12542
10955 5085 11185
11185 5085 10955
5085 10955 11185
1570 2055 9275
2055 1570 9275
9275 1570 2055
8866 13438 14869
14869 8866 13438
13438 8866 14869
7129 2059 12159
12159 2059 7129
2059 7129 12159
124 293 2021
293 124 2021
2021 124 293
11010 1304 2302
2302 1304 11010
1304 2302 11010
12998 3663 8541
8541 3663 12998
3663 8541 12998
10992 4485 8783
4485 8783 10992
8783 4485 10992
8889 4778 11302
11302 4778 8889
4778 8889 11302
191 10698 14774
14774 191 10698
10698 191 14774
7588 1885 9466
1885 7588 9466
9466 1885 7588
7069 2180 5236
2180 5236 7069
5236 2180 7069
1693 2530 6644
6644 1693 2530
2530 1693 6644
13008 555 2357
555 2357 13008
2357 555 13008
1991 1447 13136
1447 1991 13136
13136 1447 1991
11843 3629 12055
12055 3629 11843
3629 11843 12055
5331 1210 14964
1210 5331 14964
14964 1210 5331
502 5841 6358
5841 502 6358
6358 502 5841
4067 2448 10713
10713 2448 4067
2448 4067 10713
11135 3810 14853
14853 3810 11135
3810 11135 14853
14167 1155 2797
1155 2797 14167
2797 1155 14167
7620 3820 4560
4560 3820 7620
3820 4560 7620
12965 1872 3251
1872 3251 12965
3251 1872 12965
9976 1476 3035
1476 3035 9976
3035 1476 9976
10794 3323 10715
10715 3323 10794
3323 10715 10794
14541 3865 14613
14613 3865 14541
3865 14541 14613
3437 9200 14318
14318 3437 9200
9200 3437 14318
12777 1895 6274
6274 1895 12777
1895 6274 12777
12892 4966 14616
4966 12892 14616
14616 4966 12892
3233 3300 13535
3300 3233 13535
13535 3233 3300
5119 1316 2736
1316 2736 5119
2736 1316 5119
12440 3952 13693
3952 12440 13693
13693 3952 12440
12168 4633 11057
11057 4633 12168
4633 11057 12168
7115 1144 9456
1144 7115 9456
9456 1144 7115
9426 3725 8080
8080 3725 9426
3725 8080 9426
10650 6472 8709
6472 8709 10650
8709 6472 10650
13660 6480 8163
6480 8163 13660
8163 6480 13660
2728 11988 12504
12504 2728 11988
11988 2728 12504
5068 3767 11181
3767 5068 11181
11181 3767 5068
8641 5445 7253
7253 5445 8641
5445 7253 8641
1410 9722 12179
12179 1410 9722
9722 1410 12179
6529 190 13812
190 6529 13812
13812 190 6529
1716 4477 9445
9445 1716 4477
4477 1716 9445
7424 3115 13467
13467 3115 7424
3115 7424 13467
10649 2424 4540
4540 2424 10649
2424 4540 10649
1806 1403 2915
2915 1403 1806
1403 1806 2915
1614 5594 8420
5594 1614 8420
8420 1614 5594
12858 3429 13038
3429 12858 13038
13038 3429 12858
3548 185 13232
185 3548 13232
13232 185 3548
3838 8241 14670
8241 3838 14670
14670 3838 8241
588 4276 8674
4276 588 8674
8674 588 4276
14926 1765 5602
1765 5602 14926
5602 1765 14926
10672 3050 13869
3050 10672 13869
13869 3050 10672
1539 10821 13044
13044 1539 10821
10821 1539 13044
13604 11023 13497
13497 11023 13604
11023 13497 13604
1113 4377 14739
4377 1113 14739
14739 1113 4377
677 3615 4957
3615 677 4957
4957 677 3615
207 8806 13460
13460 207 8806
8806 207 13460
1988 6891 7916
7916 1988 6891
6891 1988 7916
14544 1690 10815
10815 1690 14544
1690 10815 14544
5973 4153 12444
12444 4153 5973
4153 5973 12444
8766 1101 4635
4635 1101 8766
1101 4635 8766
11524 7973 13690
13690 7973 11524
7973 11524 13690
11821 6878 11744
6878 11744 11821
11744 6878 11821
7823 1358 8581
8581 1358 7823
1358 7823 8581
14140 9158 14410
9158 14140 14410
14410 9158 14140
10947 2637 12437
12437 2637 10947
2637 10947 12437
6172 213 3872
3872 213 6172
213 3872 6172
13045 8398 11320
11320 8398 13045
8398 11320 13045
954 1015 2356
2356 954 1015
1015 954 2356
13728 10628 11957
11957 10628 13728
10628 11957 13728
13047 8640 9027
9027 8640 13047
8640 9027 13047
1852 1160 11959
1160 1852 11959
11959 1160 1852
14464 10350 12346
12346 10350 14464
10350 12346 14464
13793 5622 12690
5622 12690 13793
12690 5622 13793
11368 8613 9548
9548 8613 11368
8613 9548 11368
4980 14530 14732
14732 4980 14530
14530 4980 14732
1558 1225 5020
5020 1225 1558
1225 1558 5020
6595 977 7190
977 6595 7190
7190 977 6595
10391 11230 12160
11230 10391 12160
12160 10391 11230
5317 1854 3465
3465 1854 5317
1854 3465 5317
5761 7273 8068
8068 5761 7273
7273 5761 8068
10399 10598 12133
10598 10399 12133
12133 10399 10598
5752 4247 5582
4247 5582 5752
5582 4247 5752
1579 1879 5294
1879 1579 5294
5294 1579 1879
12251 4680 9318
9318 4680 12251
4680 9318 12251
12746 10514 14684
10514 12746 14684
14684 10514 12746
6372 8116 12146
8116 6372 12146
12146 6372 8116
11575 2159 10795
2159 10795 11575
10795 2159 11575
3375 3662 7375
7375 3375 3662
3662 3375 7375
3166 3284 4246
4246 3166 3284
3284 3166 4246
13328 3031 12141
12141 3031 13328
3031 12141 13328
12065 4806 13269
4806 12065 13269
13269 4806 12065
3308 4389 6029
4389 3308 6029
6029 3308 4389
7464 325 7777
7777 325 7464
325 7464 7777
13166 1412 10414
10414 1412 13166
1412 10414 13166
10134 6527 10789
10789 6527 10134
6527 10134 10789
8787 15 13621
13621 15 8787
15 8787 13621
9903 473 489
489 473 9903
473 489 9903
4425 9982 14233
14233 4425 9982
9982 4425 14233
9537 6142 13344
13344 6142 9537
6142 9537 13344
3560 500 10008
10008 500 3560
500 3560 10008
12144 6111 12703
12703 6111 12144
6111 12144 12703
6971 1593 4064
1593 4064 6971
4064 1593 6971
2047 200 5042
5042 200 2047
200 2047 5042
715 1844 3476
3476 715 1844
1844 715 3476
12093 3029 13489
13489 3029 12093
3029 12093 13489
7270 4374 13138
13138 4374 7270
4374 7270 13138
2761 8217 10209
8217 2761 10209
10209 2761 8217
6562 3339 10749
3339 6562 10749
10749 3339 6562
8031 7761 10179
10179 7761 8031
7761 8031 10179
11613 2113 7499
2113 7499 11613
7499 2113 11613
14696 4642 5111
5111 4642 14696
4642 5111 14696
13374 287 5849
287 5849 13374
5849 287 13374
104 7423 11031
11031 104 7423
7423 104 11031
4169 7784 12419
7784 4169 12419
12419 4169 7784
11200 11445 13144
11445 11200 13144
13144 11200 11445
1538 11304 13426
11304 1538 13426
13426 1538 11304
9483 5189 12364
5189 9483 12364
12364 5189 9483
12957 2782 11385
2782 11385 12957
11385 2782 12957
208 5676 9018
9018 208 5676
5676 208 9018
909 3507 10734
10734 909 3507
3507 909 10734
8717 799 9577
799 8717 9577
9577 799 8717
11169 1934 5224
1934 5224 11169
5224 1934 11169
7840 4158 14671
4158 7840 14671
14671 4158 7840
3889 6767 9092
6767 3889 9092
9092 3889 6767
131 2001 13296
2001 131 13296
13296 131 2001
2525 6850 11511
6850 2525 11511
11511 2525 6850
13252 11625 12471
11625 12471 13252
12471 11625 13252
2747 5834 11614
11614 2747 5834
5834 2747 11614
11389 7136 9818
9818 7136 11389
7136 9818 11389
2281 315 3264
315 2281 3264
3264 315 2281
9137 7636 7813
7813 7636 9137
7636 7813 9137
12233 3117 8582
3117 8582 12233
8582 3117 12233
2983 3002 4228
4228 2983 3002
3002 2983 4228
7284 9343 12688
12688 7284 9343
9343 7284 12688
4883 4261 9693
9693 4261 4883
4261 4883 9693
3752 10306 14197
14197 3752 10306
10306 3752 14197
6003 1683 11837
11837 1683 6003
1683 6003 11837
14713 8838 10714
8838 10714 14713
10714 8838 14713
2721 2428 5341
2428 2721 5341
5341 2428 2721
2007 10157 12013
12013 2007 10157
10157 2007 12013
3440 2266 8660
8660 2266 3440
2266 3440 8660
1073 3169 7172
3169 1073 7172
7172 1073 3169
6164 2354 14044
2354 6164 14044
14044 2354 6164
13822 4081 11927
4081 11927 13822
11927 4081 13822
730 198 7894
198 730 7894
7894 198 730
6177 9076 14799
14799 6177 9076
9076 6177 14799
2949 8404 8841
8404 2949 8841
8841 2949 8404
7518 6064 9315
6064 7518 9315
9315 6064 7518
13065 4462 7080
7080 4462 13065
4462 7080 13065
2442 1235 4819
4819 1235 2442
1235 2442 4819
5691 3742 7932
7932 3742 5691
3742 5691 7932
1124 454 6325
6325 454 1124
454 1124 6325
6578 2492 4926
4926 2492 6578
2492 4926 6578
13814 8322 12661
12661 8322 13814
8322 12661 13814
5793 4567 6609
6609 4567 5793
4567 5793 6609
11818 1248 10874
1248 10874 11818
10874 1248 11818
3976 7556 10366
7556 3976 10366
10366 3976 7556
9813 3684 7201
3684 7201 9813
7201 3684 9813
5734 5670 12430
12430 5670 5734
5670 5734 12430
7765 866 11078
11078 866 7765
866 7765 11078
8077 695 8729
695 8077 8729
8729 695 8077
12012 4230 8242
4230 8242 12012
8242 4230 12012
4395 8778 14416
14416 4395 8778
8778 4395 14416
6057 4218 6707
6707 4218 6057
4218 6057 6707
4024 9829 11606
11606 4024 9829
9829 4024 11606
6336 3187 4986
3187 4986 6336
4986 3187 6336
5617 14001 14182
14182 5617 14001
14001 5617 14182
6379 783 10453
10453 783 6379
783 6379 10453
7212 6858 8302
8302 6858 7212
6858 7212 8302
11842 242 3436
242 3436 11842
3436 242 11842
6899 2577 5398
5398 2577 6899
2577 5398 6899
11112 2799 9635
9635 2799 11112
2799 9635 11112
13309 2149 3876
2149 3876 13309
3876 2149 13309
12123 3347 12831
12831 3347 12123
3347 12123 12831
3930 1857 9925
9925 1857 3930
1857 3930 9925
6999 8176 13998
13998 6999 8176
8176 6999 13998
10971 9491 14611
14611 9491 10971
9491 10971 14611
10776 5259 14063
5259 10776 14063
14063 5259 10776
14250 2121 11522
11522 2121 14250
2121 11522 14250
4132 1504 6220
1504 4132 6220
6220 1504 4132
12539 9994 13716
13716 9994 12539
9994 12539 13716
13419 5777 12024
5777 12024 13419
12024 5777 13419
12641 187 851
187 851 12641
851 187 12641
8501 254 3091
3091 254 8501
254 3091 8501
3354 7058 10847
10847 3354 7058
7058 3354 10847
4033 11325 13278
13278 4033 11325
11325 4033 13278
13335 860 4207
860 4207 13335
4207 860 13335
10986 12377 14915
12377 10986 14915
14915 10986 12377
2920 9218 12420
12420 2920 9218
9218 2920 12420
5242 9376 14127
9376 5242 14127
14127 5242 9376
14338 7093 14969
14969 7093 14338
7093 14338 14969
13835 4991 10851
10851 4991 13835
4991 10851 13835
13412 8405 8594
8405 8594 13412
8594 8405 13412
3007 6416 8343
6416 3007 8343
8343 3007 6416
1724 3011 14143
3011 1724 14143
14143 1724 3011
4147 483 2043
483 2043 4147
2043 483 4147
3292 2840 9551
9551 2840 3292
2840 3292 9551
12128 8701 10198
10198 8701 12128
8701 10198 12128
7257 6006 7075
6006 7075 7257
7075 6006 7257
9288 1206 1780
1780 1206 9288
1206 1780 9288
12379 6288 12824
6288 12379 12824
12824 6288 12379
9417 1557 14880
1557 9417 14880
14880 1557 9417
9599 3512 13790
3512 9599 13790
13790 3512 9599
8202 809 4052
4052 809 8202
809 4052 8202
14171 746 3236
746 3236 14171
3236 746 14171
2773 4854 7708
4854 2773 7708
7708 2773 4854
7660 495 5485
495 5485 7660
5485 495 7660
9241 6723 13616
13616 6723 9241
6723 9241 13616
1861 5599 5928
5599 1861 5928
5928 1861 5599
4177 4496 4823
4496 4177 4823
4823 4177 4496
7107 3258 4509
3258 4509 7107
4509 3258 7107
13684 5147 8100
8100 5147 13684
5147 8100 13684
6695 3193 4327
4327 3193 6695
3193 4327 6695
8638 7098 11584
11584 7098 8638
7098 8638 11584
7133 12219 14873
14873 7133 12219
12219 7133 14873
7848 6084 9082
9082 6084 7848
6084 7848 9082
9194 5939 12728
5939 9194 12728
12728 5939 9194
14477 7912 14791
14791 7912 14477
7912 14477 14791
11352 118 6662
118 6662 11352
6662 118 11352
3424 7844 8113
8113 3424 7844
7844 3424 8113
914 4375 14500
14500 914 4375
4375 914 14500
8924 13113 14016
13113 8924 14016
14016 8924 13113
9423 6324 8156
8156 6324 9423
6324 8156 9423
13982 2663 10388
10388 2663 13982
2663 10388 13982
718 4729 5396
5396 718 4729
4729 718 5396
4736 6576 13974
6576 4736 13974
13974 4736 6576
1082 2440 11811
2440 1082 11811
11811 1082 2440
8991 9115 13191
9115 8991 13191
13191 8991 9115
13909 948 1099
948 1099 13909
1099 948 13909
1472 4664 14707
14707 1472 4664
4664 1472 14707
13064 257 1393
1393 257 13064
257 1393 13064
1964 903 10983
10983 903 1964
903 1964 10983
14069 3200 10664
10664 3200 14069
3200 10664 14069
1135 3144 3273
3273 1135 3144
3144 1135 3273
5801 7071 8433
7071 5801 8433
8433 5801 7071
2045 1689 6846
1689 2045 6846
6846 1689 2045
6776 4787 9857
4787 6776 9857
9857 4787 6776
12857 4156 13803
13803 4156 12857
4156 12857 13803
5142 2673 6537
2673 5142 6537
6537 2673 5142
9522 8208 14355
8208 9522 14355
14355 8208 9522
14014 2686 8205
2686 8205 14014
8205 2686 14014
7330 8069 9421
8069 7330 9421
9421 7330 8069
8895 2611 10478
10478 2611 8895
2611 8895 10478
2385 11460 11598
11460 2385 11598
11598 2385 11460
5766 93 7743
7743 93 5766
93 5766 7743
907 9130 14634
14634 907 9130
9130 907 14634
7688 9192 9459
9459 7688 9192
9192 7688 9459
569 6627 11392
6627 569 11392
11392 569 6627
6683 1138 4905
4905 1138 6683
1138 4905 6683
8214 9967 10797
9967 8214 10797
10797 8214 9967
13702 2075 8496
2075 8496 13702
8496 2075 13702
3381 10322 14839
10322 3381 14839
14839 3381 10322
4332 403 4310
403 4310 4332
4310 403 4332
12216 520 5816
5816 520 12216
520 5816 12216
6285 668 11366
668 6285 11366
11366 668 6285
14756 2539 7088
7088 2539 14756
2539 7088 14756
7429 130 1052
130 1052 7429
1052 130 7429
12187 4696 5263
5263 4696 12187
4696 5263 12187
8359 2178 4152
4152 2178 8359
2178 4152 8359
13800 3612 12827
12827 3612 13800
3612 12827 13800
7067 2289 8610
2289 7067 8610
8610 2289 7067
11362 2030 6584
2030 6584 11362
6584 2030 11362
2738 2226 4451
4451 2226 2738
2226 2738 4451
2699 4513 13642
13642 2699 4513
4513 2699 13642
565 1924 14664
14664 565 1924
1924 565 14664
11941 1462 7329
7329 1462 11941
1462 7329 11941
7662 2888 10796
2888 7662 10796
10796 2888 7662
7474 8128 10901
10901 7474 8128
8128 7474 10901
2319 5671 14811
5671 2319 14811
14811 2319 5671
4816 2564 10009
10009 2564 4816
2564 4816 10009
11158 5967 9388
9388 5967 11158
5967 9388 11158
14375 3230 14736
14736 3230 14375
3230 14375 14736
11961 2283 10348
10348 2283 11961
2283 10348 11961
7504 10073 11312
10073 7504 11312
11312 7504 10073
9398 2803 11834
11834 2803 9398
2803 9398 11834
11694 8317 11871
11871 8317 11694
8317 11694 11871
3727 7677 9179
7677 3727 9179
9179 3727 7677
504 4551 5902
4551 504 5902
5902 504 4551
3464 7931 9538
9538 3464 7931
7931 3464 9538
5247 1272 8767
8767 1272 5247
1272 5247 8767
7920 373 1750
373 1750 7920
1750 373 7920
5686 5255 10288
10288 5255 5686
5255 5686 10288
1055 6522 7667
6522 1055 7667
7667 1055 6522
375 3502 11890
3502 375 11890
11890 375 3502
7497 3176 7449
7449 3176 7497
3176 7449 7497
4263 895 1139
895 1139 4263
1139 895 4263
2763 1034 6804
1034 2763 6804
6804 1034 2763
2327 3834 5966
5966 2327 3834
3834 2327 5966
5913 2910 5502
2910 5502 5913
5502 2910 5913
4765 164 13110
13110 164 4765
164 4765 13110
4596 3559 7959
7959 3559 4596
3559 4596 7959
7678 3888 14234
3888 7678 14234
14234 3888 7678
11828 7818 14198
14198 7818 11828
7818 11828 14198
8268 364 6728
364 6728 8268
6728 364 8268
9102 10753 14460
10753 9102 14460
14460 9102 10753
4104 4387 11551
11551 4104 4387
4387 4104 11551
11712 1897 14849
14849 1897 11712
1897 11712 14849
6691 1153 8551
8551 1153 6691
1153 6691 8551
12469 6242 7121
6242 7121 12469
7121 6242 12469
3396 7354 10094
10094 3396 7354
7354 3396 10094
2537 5590 6087
6087 2537 5590
5590 2537 6087
11277 655 6863
6863 655 11277
655 6863 11277
14209 4107 12033
4107 12033 14209
12033 4107 14209
8964 823 836
823 836 8964
836 823 8964
4014 117 8290
117 4014 8290
8290 117 4014
11655 3881 11165
11165 3881 11655
3881 11165 11655
9367 3480 5999
5999 3480 9367
3480 5999 9367
8272 428 1240
428 1240 8272
1240 428 8272
6605 12332 13213
12332 6605 13213
13213 6605 12332
6555 7065 14079
7065 6555 14079
14079 6555 7065
4117 4864 7119
4864 4117 7119
7119 4117 4864
5716 2830 11448
2830 5716 11448
11448 2830 5716
14020 6362 14908
14908 6362 14020
6362 14020 14908
9189 4750 9801
4750 9189 9801
9801 4750 9189
13717 11577 12423
11577 12423 13717
12423 11577 13717
8907 3770 10392
3770 8907 10392
10392 3770 8907
9898 2933 14923
2933 9898 14923
14923 2933 9898
10900 5609 9395
9395 5609 10900
5609 9395 10900
12258 1710 3701
3701 1710 12258
1710 3701 12258
8361 3450 5025
5025 3450 8361
3450 5025 8361
6066 820 2839
820 2839 6066
2839 820 6066
6342 6737 14344
6737 6342 14344
14344 6342 6737
12476 4384 13657
13657 4384 12476
4384 12476 13657
4950 4855 6739
4855 4950 6739
6739 4855 4950
6396 786 2562
2562 786 6396
786 2562 6396
4463 6805 8690
8690 4463 6805
6805 4463 8690
6851 1039 1172
1039 1172 6851
1172 1039 6851
3133 5959 10107
10107 3133 5959
5959 3133 10107
10938 5108 8106
8106 5108 10938
5108 8106 10938
2494 3016 9854
3016 2494 9854
9854 2494 3016
14953 8403 12946
12946 8403 14953
8403 12946 14953
11603 13004 14249
14249 11603 13004
13004 11603 14249
13677 6569 14103
6569 13677 14103
14103 6569 13677
14656 3004 14228
3004 14228 14656
14228 3004 14656
6013 8299 11969
8299 6013 11969
11969 6013 8299
6403 13398 14131
14131 6403 13398
13398 6403 14131
5509 13592 14928
14928 5509 13592
13592 5509 14928
3506 944 2445
2445 944 3506
944 2445 3506
12500 4868 6625
6625 4868 12500
4868 6625 12500
7496 11129 11732
11129 7496 11732
11732 7496 11129
4206 3620 10432
3620 4206 10432
10432 3620 4206
10651 3613 6119
3613 6119 10651
6119 3613 10651
6349 8653 13745
8653 6349 13745
13745 6349 8653
1129 1065 14807
14807 1065 1129
1065 1129 14807
10337 7447 8267
8267 7447 10337
7447 8267 10337
3675 4468 14352
14352 3675 4468
4468 3675 14352
5788 7479 9198
7479 5788 9198
9198 5788 7479
8232 6566 9955
9955 6566 8232
6566 8232 9955
2648 1262 13970
1262 2648 13970
13970 1262 2648
11012 169 1102
1102 169 11012
169 1102 11012
2868 9015 9706
9706 2868 9015
9015 2868 9706
9368 1433 7826
1433 7826 9368
7826 1433 9368
13975 5094 9086
5094 9086 13975
9086 5094 13975
11184 2770 4386
4386 2770 11184
2770 4386 11184
279 8936 12375
12375 279 8936
8936 279 12375
13861 761 1635
1635 761 13861
761 1635 13861
1323 2874 4766
2874 1323 4766
4766 1323 2874
14528 11022 13670
11022 13670 14528
13670 11022 14528
4041 7054 10093
7054 4041 10093
10093 4041 7054
3231 7198 8020
8020 3231 7198
7198 3231 8020
14154 9699 14897
9699 14154 14897
14897 9699 14154
13437 1260 8948
1260 8948 13437
8948 1260 13437
2994 2733 13079
2733 2994 13079
13079 2733 2994
2182 13313 14098
13313 2182 14098
14098 2182 13313
4740 430 3201
3201 430 4740
430 3201 4740
396 8269 11240
11240 396 8269
8269 396 11240
1866 6692 6706
6692 1866 6706
6706 1866 6692
12625 11564 14961
14961 11564 12625
11564 12625 14961
13852 8960 10458
8960 10458 13852
10458 8960 13852
11265 10178 13828
10178 11265 13828
13828 10178 11265
1136 684 9833
9833 684 1136
684 1136 9833
9897 13411 14788
13411 9897 14788
14788 9897 13411
3385 6896 12547
12547 3385 6896
6896 3385 12547
14317 9546 11363
9546 11363 14317
11363 9546 14317
4236 1166 6856
1166 4236 6856
6856 1166 4236
14537 7387 7770
7770 7387 14537
7387 7770 14537
8649 6021 14615
6021 8649 14615
14615 6021 8649
11487 333 12915
12915 333 11487
333 11487 12915
3730 209 9464
209 3730 9464
9464 209 3730
7236 4973 14596
4973 7236 14596
14596 4973 7236
6511 2832 3142
3142 2832 6511
2832 3142 6511
3801 8651 11470
8651 3801 11470
11470 3801 8651
2956 11633 12099
11633 2956 12099
12099 2956 11633
3722 5897 10772
5897 3722 10772
10772 3722 5897
12966 1801 2854
1801 2854 12966
2854 1801 12966
2602 10755 13063
13063 2602 10755
10755 2602 13063
10019 4910 12032
12032 4910 10019
4910 10019 12032
10741 748 5869
5869 748 10741
748 5869 10741
4441 543 13777
543 4441 13777
13777 543 4441
2704 3027 14893
14893 2704 3027
3027 2704 14893
4131 3249 13424
3249 4131 13424
13424 3249 4131
6459 5256 14920
14920 5256 6459
5256 6459 14920
12092 5917 10349
