4312 4081 6267
4081 4312 6267
6267 4081 4312
2464 3723 7035
3723 2464 7035
7035 2464 3723
11188 3558 14296
3558 11188 14296
14296 3558 11188
6166 2537 11306
2537 6166 11306
11306 2537 6166
1031 2913 14817
2913 1031 14817
14817 1031 2913
13726 1665 11969
11969 1665 13726
1665 11969 13726
5195 3674 9744
9744 3674 5195
3674 5195 9744
3722 2822 12035
2822 3722 12035
12035 2822 3722
1632 11120 14756
14756 1632 11120
11120 1632 14756
7463 11210 11537
11537 7463 11210
11210 7463 11537
1058 6845 9968
9968 1058 6845
6845 1058 9968
2764 1694 3455
3455 1694 2764
1694 2764 3455
1793 2598 3140
2598 1793 3140
3140 1793 2598
242 1045 8546
1045 242 8546
8546 242 1045
14753 5506 10008
10008 5506 14753
5506 10008 14753
11838 333 2569
2569 333 11838
333 2569 11838
14067 12812 14387
14387 12812 14067
12812 14067 14387
4483 3415 7484
3415 4483 7484
7484 3415 4483
14029 1234 14088
14088 1234 14029
1234 14029 14088
139 550 11310
11310 139 550
550 139 11310
14509 8426 12167
12167 8426 14509
8426 12167 14509
13905 2732 6715
6715 2732 13905
2732 6715 13905
1983 10509 12997
12997 1983 10509
10509 1983 12997
790 9201 10088
9201 790 10088
10088 790 9201
4882 8237 14695
14695 4882 8237
8237 4882 14695
12845 1528 12916
12916 1528 12845
1528 12845 12916
12683 12368 13392
13392 12368 12683
12368 12683 13392
13583 2295 13345
13345 2295 13583
2295 13345 13583
6923 1066 12515
12515 1066 6923
1066 6923 12515
7637 5769 13616
13616 5769 7637
5769 7637 13616
10268 5456 6299
5456 6299 10268
6299 5456 10268
7033 531 14938
14938 531 7033
531 7033 14938
9804 294 4283
4283 294 9804
294 4283 9804
1159 2069 14765
14765 1159 2069
2069 1159 14765
3930 7309 7578
7309 3930 7578
7578 3930 7309
11875 3245 10510
3245 10510 11875
10510 3245 11875
10558 3432 3498
3432 3498 10558
3498 3432 10558
9863 11240 12115
11240 9863 12115
12115 9863 11240
13997 7997 9183
9183 7997 13997
7997 9183 13997
182 2564 8972
8972 182 2564
2564 182 8972
590 185 2434
185 590 2434
2434 185 590
4439 4389 11518
4389 4439 11518
11518 4389 4439
10810 12065 14580
12065 10810 14580
14580 10810 12065
13331 9604 11147
9604 11147 13331
11147 9604 13331
1323 5360 12702
12702 1323 5360
5360 1323 12702
3808 4171 8002
8002 3808 4171
4171 3808 8002
767 3460 4064
3460 767 4064
4064 767 3460
3502 4770 9145
4770 3502 9145
9145 3502 4770
875 7748 10097
7748 875 10097
10097 875 7748
14561 11708 12910
12910 11708 14561
11708 12910 14561
9292 3534 6909
3534 6909 9292
6909 3534 9292
13192 2455 5372
5372 2455 13192
2455 5372 13192
6626 1810 7606
1810 6626 7606
7606 1810 6626
69 1245 7160
7160 69 1245
1245 69 7160
11067 12137 12268
12268 11067 12137
12137 11067 12268
10606 2358 3779
2358 3779 10606
3779 2358 10606
5728 4401 12959
12959 4401 5728
4401 5728 12959
6862 2514 7790
7790 2514 6862
2514 6862 7790
12747 2042 4636
2042 4636 12747
4636 2042 12747
13954 7094 14000
14000 7094 13954
7094 13954 14000
1030 3170 13548
13548 1030 3170
3170 1030 13548
1922 7613 9970
9970 1922 7613
7613 1922 9970
12269 981 5716
5716 981 12269
981 5716 12269
6655 5015 6318
5015 6318 6655
6318 5015 6655
2926 6331 12685
6331 2926 12685
12685 2926 6331
7231 13725 13806
13806 7231 13725
13725 7231 13806
12221 6336 7326
6336 7326 12221
7326 6336 12221
1106 7093 9228
7093 1106 9228
9228 1106 7093
1723 9585 10778
9585 1723 10778
10778 1723 9585
11934 7786 10854
7786 10854 11934
10854 7786 11934
9961 1991 14264
14264 1991 9961
1991 9961 14264
358 1832 9878
1832 358 9878
9878 358 1832
8930 2630 14244
14244 2630 8930
2630 8930 14244
7112 6241 9912
9912 6241 7112
6241 7112 9912
11261 9081 10307
9081 10307 11261
10307 9081 11261
12460 2003 14996
2003 12460 14996
14996 2003 12460
5970 13458 14768
13458 5970 14768
14768 5970 13458
7731 1113 7922
7922 1113 7731
1113 7731 7922
1954 4214 8174
4214 1954 8174
8174 1954 4214
3940 13380 14606
14606 3940 13380
13380 3940 14606
3155 3691 14721
14721 3155 3691
3691 3155 14721
11767 1361 4050
1361 4050 11767
4050 1361 11767
7332 1078 11512
1078 7332 11512
11512 1078 7332
11623 8721 11705
11705 8721 11623
8721 11623 11705
5906 8399 9212
9212 5906 8399
8399 5906 9212
10602 2004 3087
3087 2004 10602
2004 3087 10602
3923 10045 12258
12258 3923 10045
10045 3923 12258
1824 12954 13631
13631 1824 12954
12954 1824 13631
12779 5182 11419
11419 5182 12779
5182 11419 12779
5824 4926 9908
4926 5824 9908
9908 4926 5824
5045 5238 8952
5238 5045 8952
8952 5045 5238
13676 7701 14628
7701 13676 14628
14628 7701 13676
12251 9531 10731
9531 10731 12251
10731 9531 12251
8787 2277 2290
2290 2277 8787
2277 2290 8787
7063 13183 13322
13322 7063 13183
13183 7063 13322
10919 1944 2858
2858 1944 10919
1944 2858 10919
9616 2310 11211
2310 9616 11211
11211 2310 9616
13267 14095 14334
14334 13267 14095
14095 13267 14334
9289 4528 4795
4795 4528 9289
4528 4795 9289
1389 4368 9027
4368 1389 9027
9027 1389 4368
14139 11092 14970
14970 11092 14139
11092 14139 14970
10 7293 13498
7293 10 13498
13498 10 7293
191 2890 5972
5972 191 2890
2890 191 5972
1386 2064 11819
2064 1386 11819
11819 1386 2064
10660 6604 13142
6604 10660 13142
13142 6604 10660
7647 4256 14420
14420 4256 7647
4256 7647 14420
8169 10189 14223
14223 8169 10189
10189 8169 14223
6912 2209 6213
2209 6213 6912
6213 2209 6912
8076 4570 12595
4570 8076 12595
12595 4570 8076
1102 5761 14413
5761 1102 14413
14413 1102 5761
10430 2420 13085
13085 2420 10430
2420 10430 13085
7644 3702 3887
3702 3887 7644
3887 3702 7644
12461 6462 13258
13258 6462 12461
6462 12461 13258
5509 11939 13917
11939 5509 13917
13917 5509 11939
9873 4269 7983
4269 7983 9873
7983 4269 9873
9766 3862 9385
9385 3862 9766
3862 9385 9766
10922 2249 4365
4365 2249 10922
2249 4365 10922
3187 8640 13403
13403 3187 8640
8640 3187 13403
1383 1423 13094
13094 1383 1423
1423 1383 13094
6974 2755 13774
2755 6974 13774
13774 2755 6974
770 512 2044
2044 512 770
512 770 2044
8411 4241 5925
4241 5925 8411
5925 4241 8411
4058 3541 4345
4345 3541 4058
3541 4058 4345
14305 2898 5945
2898 5945 14305
5945 2898 14305
2109 6123 12833
6123 2109 12833
12833 2109 6123
6387 46 3678
3678 46 6387
46 3678 6387
5891 3632 9214
9214 3632 5891
3632 5891 9214
10881 722 8688
8688 722 10881
722 8688 10881
11738 2845 11481
2845 11481 11738
11481 2845 11738
3804 3967 5937
3967 3804 5937
5937 3804 3967
12431 5040 14412
5040 12431 14412
14412 5040 12431
3937 5545 9928
9928 3937 5545
5545 3937 9928
3103 5888 14712
5888 3103 14712
14712 3103 5888
10497 3253 10390
3253 10390 10497
10390 3253 10497
11433 3360 5799
3360 5799 11433
5799 3360 11433
2177 10865 12256
10865 2177 12256
12256 2177 10865
11285 857 11611
11611 857 11285
857 11285 11611
8273 6024 8197
6024 8197 8273
8197 6024 8273
9957 4848 7440
4848 7440 9957
7440 4848 9957
3479 457 7337
457 3479 7337
7337 457 3479
220 11155 12543
11155 220 12543
12543 220 11155
11469 10543 14841
14841 10543 11469
10543 11469 14841
7945 1523 2925
1523 2925 7945
2925 1523 7945
6283 5669 13371
13371 5669 6283
5669 6283 13371
8427 924 14865
924 8427 14865
14865 924 8427
2107 8050 12542
8050 2107 12542
12542 2107 8050
7905 3789 14881
14881 3789 7905
3789 7905 14881
3166 7200 14621
14621 3166 7200
7200 3166 14621
13384 7488 10998
10998 7488 13384
7488 10998 13384
14007 664 8933
664 8933 14007
8933 664 14007
6389 4644 14456
4644 6389 14456
14456 4644 6389
2321 3828 12711
3828 2321 12711
12711 2321 3828
419 10523 14372
10523 419 14372
14372 419 10523
7854 12622 14766
12622 7854 14766
14766 7854 12622
2956 6489 8717
6489 2956 8717
8717 2956 6489
4446 2975 4629
4629 2975 4446
2975 4446 4629
9265 1520 12387
12387 1520 9265
1520 9265 12387
9231 5202 11432
5202 9231 11432
11432 5202 9231
13162 14475 14557
14557 13162 14475
14475 13162 14557
7973 7686 8329
7686 7973 8329
8329 7686 7973
8300 2997 14255
14255 2997 8300
2997 8300 14255
1728 11088 13306
11088 1728 13306
13306 1728 11088
11330 9476 12868
12868 9476 11330
9476 11330 12868
4669 1467 8135
1467 4669 8135
8135 1467 4669
1966 60 1613
1613 60 1966
60 1613 1966
662 7154 11521
11521 662 7154
7154 662 11521
2727 10116 10466
10116 2727 10466
10466 2727 10116
10800 222 1195
222 1195 10800
1195 222 10800
7341 5866 14168
14168 5866 7341
5866 7341 14168
587 6396 10777
10777 587 6396
6396 587 10777
14468 4495 13924
4495 13924 14468
13924 4495 14468
3757 7315 11462
11462 3757 7315
7315 3757 11462
12424 6161 6255
6255 6161 12424
6161 6255 12424
7836 2917 8450
2917 7836 8450
8450 2917 7836
9249 5964 10522
10522 5964 9249
5964 9249 10522
11747 9309 13393
9309 11747 13393
13393 9309 11747
10549 6637 11698
6637 10549 11698
11698 6637 10549
4910 6767 13973
6767 4910 13973
13973 4910 6767
12453 675 10537
675 10537 12453
10537 675 12453
6998 4525 5454
4525 5454 6998
5454 4525 6998
3322 5662 9812
5662 3322 9812
9812 3322 5662
6329 12430 12838
12838 6329 12430
12430 6329 12838
7216 4132 12147
4132 7216 12147
12147 4132 7216
14110 3096 12216
3096 12216 14110
12216 3096 14110
3790 9894 14630
14630 3790 9894
9894 3790 14630
10275 573 589
589 573 10275
573 589 10275
9042 660 4860
660 4860 9042
4860 660 9042
12627 12148 12399
12399 12148 12627
12148 12399 12627
10486 878 7544
878 7544 10486
7544 878 10486
7794 1688 5993
5993 1688 7794
1688 5993 7794
6928 2492 11762
11762 2492 6928
2492 6928 11762
1388 5190 7465
7465 1388 5190
5190 1388 7465
12025 12283 14470
14470 12025 12283
12283 12025 14470
11740 10728 12672
12672 10728 11740
10728 11740 12672
8789 10397 13906
10397 8789 13906
13906 8789 10397
3197 496 2380
496 2380 3197
2380 496 3197
4552 1967 7819
1967 4552 7819
7819 1967 4552
9031 1466 3712
3712 1466 9031
1466 3712 9031
13826 2778 3252
3252 2778 13826
2778 3252 13826
10528 6068 11532
6068 10528 11532
11532 6068 10528
2811 540 1888
540 1888 2811
1888 540 2811
5961 2125 6224
2125 5961 6224
6224 2125 5961
3910 11617 12793
11617 3910 12793
12793 3910 11617
7605 376 11989
376 7605 11989
11989 376 7605
10613 10972 11536
10972 10613 11536
11536 10613 10972
7646 3026 5176
3026 5176 7646
5176 3026 7646
11828 3480 13171
3480 11828 13171
13171 3480 11828
7176 264 8458
264 7176 8458
8458 264 7176
1140 7822 13447
7822 1140 13447
13447 1140 7822
14858 4797 5849
5849 4797 14858
4797 5849 14858
4567 6612 12226
6612 4567 12226
12226 4567 6612
539 8287 8367
8367 539 8287
8287 539 8367
599 3777 12592
12592 599 3777
3777 599 12592
13223 4903 10971
10971 4903 13223
4903 10971 13223
13563 2001 7676
2001 7676 13563
7676 2001 13563
9720 10655 13611
13611 9720 10655
10655 9720 13611
7391 10599 10905
10599 7391 10905
10905 7391 10599
5417 1028 12792
1028 5417 12792
12792 1028 5417
9615 4892 14471
4892 9615 14471
14471 4892 9615
245 991 13176
991 245 13176
13176 245 991
13373 5865 13787
13787 5865 13373
5865 13373 13787
8253 588 5035
588 5035 8253
5035 588 8253
8256 8224 9660
8224 8256 9660
9660 8224 8256
6278 3574 5978
5978 3574 6278
3574 5978 6278
4118 2879 10483
10483 2879 4118
2879 4118 10483
12697 393 9371
393 9371 12697
9371 393 12697
1305 9828 13020
9828 1305 13020
13020 1305 9828
7045 5912 9629
5912 7045 9629
9629 5912 7045
7095 6797 7233
7233 6797 7095
6797 7095 7233
9640 3577 7703
7703 3577 9640
3577 7703 9640
2765 492 9553
492 2765 9553
9553 492 2765
11024 5301 10134
10134 5301 11024
5301 10134 11024
2074 268 11836
268 2074 11836
11836 268 2074
4953 10819 11437
11437 4953 10819
10819 4953 11437
12965 5014 11624
11624 5014 12965
5014 11624 12965
14097 1451 3350
3350 1451 14097
1451 3350 14097
5596 6463 13790
13790 5596 6463
6463 5596 13790
12009 7025 14150
14150 7025 12009
7025 12009 14150
9382 7792 13805
13805 7792 9382
7792 9382 13805
1201 939 14405
939 1201 14405
14405 939 1201
2621 7575 13097
7575 2621 13097
13097 2621 7575
8249 2493 4665
4665 2493 8249
2493 4665 8249
4112 2604 12616
2604 4112 12616
12616 2604 4112
1697 9898 12098
12098 1697 9898
9898 1697 12098
12138 6683 14714
6683 12138 14714
14714 6683 12138
6131 5551 9105
5551 6131 9105
9105 5551 6131
13824 7453 9838
9838 7453 13824
7453 9838 13824
2245 5839 8990
8990 2245 5839
5839 2245 8990
11552 8231 8642
8642 8231 11552
8231 8642 11552
5262 1945 5875
5875 1945 5262
1945 5262 5875
10608 1760 7636
1760 7636 10608
7636 1760 10608
2318 6485 13950
13950 2318 6485
6485 2318 13950
5495 1536 5210
1536 5210 5495
5210 1536 5495
802 3227 9285
9285 802 3227
3227 802 9285
11313 7308 13858
7308 11313 13858
13858 7308 11313
7113 7579 9184
7579 7113 9184
9184 7113 7579
2317 2179 9464
2179 2317 9464
9464 2179 2317
4235 2480 3290
2480 3290 4235
3290 2480 4235
5646 2921 3849
3849 2921 5646
2921 3849 5646
3628 6501 9885
9885 3628 6501
6501 3628 9885
10318 597 7118
597 7118 10318
7118 597 10318
7535 3991 4413
3991 4413 7535
4413 3991 7535
5809 4352 4596
4596 4352 5809
4352 4596 5809
11770 6453 10962
6453 10962 11770
10962 6453 11770
13332 9942 13543
13543 9942 13332
9942 13332 13543
13296 8205 11531
8205 11531 13296
11531 8205 13296
14160 4983 8993
4983 8993 14160
8993 4983 14160
11145 1781 2202
2202 1781 11145
1781 2202 11145
9167 621 7192
7192 621 9167
621 7192 9167
8122 6411 10006
6411 8122 10006
10006 6411 8122
11741 3550 3770
3550 3770 11741
3770 3550 11741
5956 13556 14037
13556 5956 14037
14037 5956 13556
10542 6488 11418
6488 10542 11418
11418 6488 10542
11986 8208 12552
8208 11986 12552
12552 8208 11986
9388 6240 7075
6240 7075 9388
7075 6240 9388
10715 10862 13549
13549 10715 10862
10862 10715 13549
1549 2910 4066
2910 1549 4066
4066 1549 2910
11095 6906 8866
6906 8866 11095
8866 6906 11095
11043 5245 5440
5245 5440 11043
5440 5245 11043
9678 7486 12421
7486 9678 12421
12421 7486 9678
13513 1300 14648
14648 1300 13513
1300 13513 14648
14297 2155 11621
11621 2155 14297
2155 11621 14297
6036 5837 13621
5837 6036 13621
13621 5837 6036
2983 3184 12414
3184 2983 12414
12414 2983 3184
5924 1625 6684
6684 1625 5924
1625 5924 6684
4247 623 12400
12400 623 4247
623 4247 12400
14698 9555 11693
11693 9555 14698
9555 11693 14698
6850 1799 6257
6257 1799 6850
1799 6257 6850
5275 4980 13234
13234 4980 5275
4980 5275 13234
10485 8037 12132
8037 10485 12132
12132 8037 10485
3383 5524 6265
5524 3383 6265
6265 3383 5524
13478 4489 14068
4489 13478 14068
14068 4489 13478
2881 755 891
755 891 2881
891 755 2881
13940 6586 10789
10789 6586 13940
6586 10789 13940
14788 7919 12511
7919 12511 14788
12511 7919 14788
897 2019 14929
14929 897 2019
2019 897 14929
4442 4390 13116
4390 4442 13116
13116 4390 4442
12155 931 3305
3305 931 12155
931 3305 12155
11966 5437 11524
11524 5437 11966
5437 11524 11966
10249 5270 7011
7011 5270 10249
5270 7011 10249
475 3766 5737
3766 475 5737
5737 475 3766
11279 8625 14323
8625 11279 14323
14323 8625 11279
6209 8613 13825
13825 6209 8613
8613 6209 13825
1242 11249 14307
11249 1242 14307
14307 1242 11249
12736 7525 14238
7525 12736 14238
14238 7525 12736
4502 3478 7450
3478 4502 7450
7450 3478 4502
4245 4075 11716
4075 4245 11716
11716 4075 4245
10220 9617 12325
12325 9617 10220
9617 10220 12325
2900 7574 13933
7574 2900 13933
13933 2900 7574
6407 11335 13151
13151 6407 11335
11335 6407 13151
12068 6134 10069
10069 6134 12068
6134 10069 12068
558 3894 10965
3894 558 10965
10965 558 3894
11963 3242 3429
3429 3242 11963
3242 3429 11963
12343 13651 13778
13778 12343 13651
13651 12343 13778
8186 9227 12914
12914 8186 9227
9227 8186 12914
6229 7658 10418
10418 6229 7658
7658 6229 10418
3032 709 13750
709 3032 13750
13750 709 3032
2937 3204 9820
9820 2937 3204
3204 2937 9820
11912 7454 13903
13903 7454 11912
7454 11912 13903
2429 3053 8062
8062 2429 3053
3053 2429 8062
1626 9950 10869
9950 1626 10869
10869 1626 9950
3439 5623 9440
9440 3439 5623
5623 3439 9440
1754 4955 12553
4955 1754 12553
12553 1754 4955
3171 2818 10617
10617 2818 3171
2818 3171 10617
8686 10732 14199
14199 8686 10732
10732 8686 14199
4292 2631 6563
2631 4292 6563
6563 2631 4292
3921 8218 12010
12010 3921 8218
8218 3921 12010
8680 7588 13772
7588 8680 13772
13772 7588 8680
14626 3348 5540
5540 3348 14626
3348 5540 14626
9572 10538 13413
13413 9572 10538
10538 9572 13413
6227 5064 5337
5064 5337 6227
5337 5064 6227
477 2558 9176
9176 477 2558
2558 477 9176
10388 4721 6571
4721 6571 10388
6571 4721 10388
9058 1685 2638
2638 1685 9058
1685 2638 9058
9093 2922 11109
11109 2922 9093
2922 9093 11109
8223 4117 11578
4117 8223 11578
11578 4117 8223
6159 157 12032
12032 157 6159
157 6159 12032
13354 6896 11525
6896 11525 13354
11525 6896 13354
5648 630 3986
630 3986 5648
3986 630 5648
8459 13426 14172
13426 8459 14172
14172 8459 13426
5859 1961 4184
1961 4184 5859
4184 1961 5859
12273 1616 5760
5760 1616 12273
1616 5760 12273
3419 7052 12981
7052 3419 12981
12981 3419 7052
5674 5899 13056
13056 5674 5899
5899 5674 13056
5660 9743 13911
9743 5660 13911
13911 5660 9743
12246 4297 12437
12437 4297 12246
4297 12246 12437
3378 4025 8992
4025 3378 8992
8992 3378 4025
13779 11014 12309
12309 11014 13779
11014 12309 13779
13455 849 13163
13163 849 13455
849 13163 13455
6859 987 12231
12231 987 6859
987 6859 12231
7317 3783 10879
3783 7317 10879
10879 3783 7317
2656 6994 7934
6994 2656 7934
7934 2656 6994
14671 3748 5788
5788 3748 14671
3748 5788 14671
13893 3609 8112
8112 3609 13893
3609 8112 13893
27 4332 12331
12331 27 4332
4332 27 12331
12714 7834 9442
7834 9442 12714
9442 7834 12714
13469 80 13051
13051 80 13469
80 13051 13469
12411 1541 4317
1541 4317 12411
4317 1541 12411
9939 1162 13591
1162 9939 13591
13591 1162 9939
4597 3695 3731
3695 3731 4597
3731 3695 4597
7871 11152 14249
14249 7871 11152
11152 7871 14249
5652 12618 13237
13237 5652 12618
12618 5652 13237
3920 5230 7080
7080 3920 5230
5230 3920 7080
12056 9357 10623
9357 10623 12056
10623 9357 12056
3151 3010 5607
3010 3151 5607
5607 3010 3151
4826 2 171
171 2 4826
2 171 4826
2452 14121 14328
14328 2452 14121
14121 2452 14328
6199 845 9938
9938 845 6199
845 6199 9938
6539 3567 10181
10181 3567 6539
3567 6539 10181
8547 83 3315
3315 83 8547
83 3315 8547
2368 7889 8388
7889 2368 8388
8388 2368 7889
10068 1010 5086
1010 5086 10068
5086 1010 10068
4387 990 8435
990 4387 8435
8435 990 4387
4521 855 7614
7614 855 4521
855 4521 7614
5059 6298 10221
10221 5059 6298
6298 5059 10221
14505 9438 11460
9438 11460 14505
11460 9438 14505
4380 3882 11030
3882 4380 11030
11030 3882 4380
14594 1737 14448
14448 1737 14594
1737 14448 14594
4710 9782 10723
9782 4710 10723
10723 4710 9782
1237 6052 9122
6052 1237 9122
9122 1237 6052
4962 10109 10725
10109 4962 10725
10725 4962 10109
4449 7364 10156
7364 4449 10156
10156 4449 7364
9683 3193 5486
5486 3193 9683
3193 5486 9683
3801 9904 10581
9904 3801 10581
10581 3801 9904
8743 738 4684
738 4684 8743
4684 738 8743
10456 4754 6176
4754 6176 10456
6176 4754 10456
2899 13551 13948
13948 2899 13551
13551 2899 13948
9039 2663 12998
2663 9039 12998
12998 2663 9039
8641 1782 12229
12229 1782 8641
1782 8641 12229
12665 693 12992
12992 693 12665
693 12665 12992
12871 10215 14744
10215 12871 14744
14744 10215 12871
1428 2284 3772
3772 1428 2284
2284 1428 3772
4958 12044 13070
12044 4958 13070
13070 4958 12044
4020 7714 14715
14715 4020 7714
7714 4020 14715
4987 2086 5036
2086 4987 5036
5036 2086 4987
1864 1099 12754
1099 1864 12754
12754 1099 1864
8451 1231 3004
1231 3004 8451
3004 1231 8451
7608 3466 5591
5591 3466 7608
3466 5591 7608
8752 13102 14042
13102 8752 14042
14042 8752 13102
1342 11649 14455
14455 1342 11649
11649 1342 14455
2073 2993 7470
2993 2073 7470
7470 2073 2993
2735 2712 3749
3749 2712 2735
2712 2735 3749
5173 5536 7439
7439 5173 5536
5536 5173 7439
2624 14044 14285
14285 2624 14044
14044 2624 14285
12780 2488 5612
5612 2488 12780
2488 5612 12780
11883 2947 11224
11224 2947 11883
2947 11224 11883
3116 6344 6642
6344 3116 6642
6642 3116 6344
9602 3700 12879
3700 9602 12879
12879 3700 9602
2714 178 2080
178 2080 2714
2080 178 2714
2882 12501 14754
14754 2882 12501
12501 2882 14754
14779 4233 11183
11183 4233 14779
4233 11183 14779
10950 1382 14794
1382 10950 14794
14794 1382 10950
4711 9206 12660
9206 4711 12660
12660 4711 9206
1762 3835 7345
7345 1762 3835
3835 1762 7345
1138 4650 11157
4650 1138 11157
11157 1138 4650
11504 9603 11394
9603 11394 11504
11394 9603 11504
1598 8183 9189
9189 1598 8183
8183 1598 9189
6093 4604 7408
4604 6093 7408
7408 4604 6093
8765 7110 8515
7110 8515 8765
8515 7110 8765
9168 1253 2817
1253 2817 9168
2817 1253 9168
10584 2905 11952
2905 10584 11952
11952 2905 10584
12824 13751 14878
14878 12824 13751
13751 12824 14878
12190 7876 13470
13470 7876 12190
7876 12190 13470
11612 103 4534
4534 103 11612
103 4534 11612
5097 5181 9119
9119 5097 5181
5181 5097 9119
1663 1168 3719
3719 1168 1663
1168 1663 3719
6808 2678 11173
2678 6808 11173
11173 2678 6808
4575 3943 10977
3943 4575 10977
10977 3943 4575
9429 4731 5731
4731 5731 9429
5731 4731 9429
13872 4111 8964
8964 4111 13872
4111 8964 13872
6870 4784 10700
4784 6870 10700
10700 4784 6870
3611 5490 13622
5490 3611 13622
13622 3611 5490
6988 2066 3680
2066 3680 6988
3680 2066 6988
6624 10701 14231
14231 6624 10701
10701 6624 14231
9985 3865 10412
10412 3865 9985
3865 9985 10412
12922 466 4883
4883 466 12922
466 4883 12922
3380 2490 9282
2490 3380 9282
9282 2490 3380
12397 5227 8735
5227 8735 12397
8735 5227 12397
3229 1474 2912
2912 1474 3229
1474 2912 3229
5677 2383 4078
2383 4078 5677
4078 2383 5677
2334 392 5794
392 2334 5794
5794 392 2334
4559 2692 14746
14746 2692 4559
2692 4559 14746
14048 2386 12071
12071 2386 14048
2386 12071 14048
409 5510 11162
11162 409 5510
5510 409 11162
13929 1290 6033
1290 6033 13929
6033 1290 13929
7076 1496 13830
1496 7076 13830
13830 1496 7076
5387 5569 6007
5569 5387 6007
6007 5387 5569
4501 495 1048
495 1048 4501
1048 495 4501
12108 1251 13349
1251 12108 13349
13349 1251 12108
11301 12613 14111
12613 11301 14111
14111 11301 12613
8797 5941 12519
12519 5941 8797
5941 8797 12519
304 1839 14391
1839 304 14391
14391 304 1839
26 10290 11739
10290 26 11739
11739 26 10290
1435 748 5450
748 1435 5450
5450 748 1435
11478 194 4871
4871 194 11478
194 4871 11478
14228 10130 14751
10130 14228 14751
14751 10130 14228
633 8477 12308
12308 633 8477
8477 633 12308
4199 952 14813
952 4199 14813
14813 952 4199
1468 989 10674
10674 989 1468
989 1468 10674
9654 5018 6577
6577 5018 9654
5018 6577 9654
4590 2057 4789
4789 2057 4590
2057 4590 4789
8073 6478 7103
7103 6478 8073
6478 7103 8073
8856 11893 13487
13487 8856 11893
11893 8856 13487
14358 9053 14527
14527 9053 14358
9053 14358 14527
91 1753 14120
14120 91 1753
1753 91 14120
4511 2040 9774
9774 2040 4511
2040 4511 9774
3137 12637 12739
12637 3137 12739
12739 3137 12637
7749 5254 11283
11283 5254 7749
5254 7749 11283
9169 4768 5691
5691 4768 9169
4768 5691 9169
13719 449 12337
12337 449 13719
449 12337 13719
1244 5407 11307
11307 1244 5407
5407 1244 11307
11700 2943 2977
2943 2977 11700
2977 2943 11700
6284 5813 12653
5813 6284 12653
12653 5813 6284
9015 1687 7705
7705 1687 9015
1687 7705 9015
8236 8033 12620
8033 8236 12620
12620 8033 8236
7850 7526 10720
7526 7850 10720
10720 7526 7850
7721 4010 12677
12677 4010 7721
4010 7721 12677
1893 72 1669
1669 72 1893
72 1669 1893
2720 6546 7249
7249 2720 6546
6546 2720 7249
8943 5106 12971
12971 5106 8943
5106 8943 12971
5474 3059 5367
3059 5367 5474
5367 3059 5474
8495 11449 14177
11449 8495 14177
14177 8495 11449
4620 239 4119
4119 239 4620
239 4119 4620
13022 905 10163
905 10163 13022
10163 905 13022
14488 292 12769
292 12769 14488
12769 292 14488
13812 1417 5252
1417 5252 13812
5252 1417 13812
12478 5772 11973
11973 5772 12478
5772 11973 12478
4509 2740 5033
2740 4509 5033
5033 2740 4509
8571 1508 9670
1508 8571 9670
9670 1508 8571
560 3501 14498
14498 560 3501
3501 560 14498
9709 1868 7678
7678 1868 9709
1868 7678 9709
7173 2570 5496
2570 5496 7173
5496 2570 7173
5952 6372 9545
9545 5952 6372
6372 5952 9545
9088 2953 7592
2953 7592 9088
7592 2953 9088
7050 7772 14156
14156 7050 7772
7772 7050 14156
9166 2940 13841
2940 9166 13841
13841 2940 9166
4042 5065 11282
5065 4042 11282
11282 4042 5065
12689 5501 12448
12448 5501 12689
5501 12448 12689
4071 6688 9379
6688 4071 9379
9379 4071 6688
13289 13442 14015
13442 13289 14015
14015 13289 13442
803 7343 13410
13410 803 7343
7343 803 13410
9806 9966 11921
11921 9806 9966
9966 9806 11921
2414 8803 14315
8803 2414 14315
14315 2414 8803
959 7297 14466
7297 959 14466
14466 959 7297
10302 2666 5285
5285 2666 10302
2666 5285 10302
11125 1844 13328
1844 11125 13328
13328 1844 11125
10362 12413 13420
12413 10362 13420
13420 10362 12413
8753 1848 6692
6692 1848 8753
1848 6692 8753
8472 3445 12238
3445 8472 12238
12238 3445 8472
13735 6472 8553
8553 6472 13735
6472 8553 13735
1304 13472 14515
14515 1304 13472
13472 1304 14515
13357 225 5304
5304 225 13357
225 5304 13357
5347 566 14828
14828 566 5347
566 5347 14828
2164 5971 9781
5971 2164 9781
9781 2164 5971
8558 2211 5991
5991 2211 8558
2211 5991 8558
10367 6198 12445
12445 6198 10367
6198 10367 12445
1050 413 14859
14859 413 1050
413 1050 14859
4085 5793 14490
14490 4085 5793
5793 4085 14490
14670 1559 10712
1559 10712 14670
10712 1559 14670
1570 5663 10089
5663 1570 10089
10089 1570 5663
10644 10969 12418
12418 10644 10969
10969 10644 12418
9469 7074 14830
14830 7074 9469
7074 9469 14830
6833 10159 10346
10346 6833 10159
10159 6833 10346
6573 5100 14624
14624 5100 6573
5100 6573 14624
13722 2367 8494
2367 8494 13722
8494 2367 13722
9927 1220 1635
1220 1635 9927
1635 1220 9927
9868 6369 8017
6369 8017 9868
8017 6369 9868
12867 1128 14014
14014 1128 12867
1128 12867 14014
5619 2632 14980
14980 2632 5619
2632 5619 14980
11009 2092 7524
2092 7524 11009
7524 2092 11009
13504 7987 10980
10980 7987 13504
7987 10980 13504
6495 2668 8193
2668 6495 8193
8193 2668 6495
1002 8567 10880
8567 1002 10880
10880 1002 8567
2572 3020 7875
3020 2572 7875
7875 2572 3020
3063 1775 9700
1775 3063 9700
9700 1775 3063
13759 10391 11857
11857 10391 13759
10391 11857 13759
5680 3710 10442
3710 5680 10442
10442 3710 5680
5378 5907 10902
5907 5378 10902
10902 5378 5907
14465 6071 9140
9140 6071 14465
6071 9140 14465
11576 1384 13902
13902 1384 11576
1384 11576 13902
6282 8254 13225
13225 6282 8254
8254 6282 13225
3190 1226 10063
1226 3190 10063
10063 1226 3190
12286 8901 13270
13270 8901 12286
8901 12286 13270
6705 7030 9449
7030 6705 9449
9449 6705 7030
5284 10716 13744
13744 5284 10716
10716 5284 13744
1020 5829 13353
13353 1020 5829
5829 1020 13353
5124 2529 12248
2529 5124 12248
12248 2529 5124
1811 5968 10929
5968 1811 10929
10929 1811 5968
7185 4425 6405
6405 4425 7185
4425 6405 7185
12473 4757 6437
4757 6437 12473
6437 4757 12473
11596 8969 13198
8969 11596 13198
13198 8969 11596
10868 5797 11089
5797 10868 11089
11089 5797 10868
8482 12527 13745
13745 8482 12527
12527 8482 13745
9425 2160 7240
2160 7240 9425
7240 2160 9425
2733 7516 14763
14763 2733 7516
7516 2733 14763
5870 3050 5373
3050 5373 5870
5373 3050 5870
8421 1896 4691
4691 1896 8421
1896 4691 8421
118 5462 14538
14538 118 5462
5462 118 14538
14094 3243 10312
10312 3243 14094
3243 10312 14094
4626 3623 5368
5368 3623 4626
3623 4626 5368
8820 8215 12540
8215 8820 12540
12540 8215 8820
10212 3540 10065
10065 3540 10212
3540 10065 10212
7348 670 4912
670 4912 7348
4912 670 7348
13277 4633 9707
9707 4633 13277
4633 9707 13277
3232 6666 7878
6666 3232 7878
7878 3232 6666
4430 11975 14923
11975 4430 14923
14923 4430 11975
9667 4622 5768
4622 5768 9667
5768 4622 9667
4039 2883 12985
12985 2883 4039
2883 4039 12985
2936 5043 12520
12520 2936 5043
5043 2936 12520
7740 5650 10719
5650 7740 10719
10719 5650 7740
11806 6900 14771
6900 11806 14771
14771 6900 11806
1488 577 12219
577 1488 12219
12219 577 1488
12661 3797 8968
3797 8968 12661
8968 3797 12661
11325 5533 10256
5533 10256 11325
10256 5533 11325
12619 12506 13091
12506 12619 13091
13091 12506 12619
12472 10747 12036
10747 12036 12472
12036 10747 12472
9914 149 8415
8415 149 9914
149 8415 9914
1314 4140 14560
4140 1314 14560
14560 1314 4140
1260 4803 7452
7452 1260 4803
4803 1260 7452
11299 11177 14485
14485 11177 11299
11177 11299 14485
2065 2349 13739
13739 2065 2349
2349 2065 13739
5528 5953 8206
5953 5528 8206
8206 5528 5953
2341 13080 13525
13525 2341 13080
13080 2341 13525
1373 13944 14666
14666 1373 13944
13944 1373 14666
13081 9203 14155
14155 9203 13081
9203 13081 14155
7529 8390 9732
9732 7529 8390
8390 7529 9732
3079 8561 12516
8561 3079 12516
12516 3079 8561
12162 7549 8084
8084 7549 12162
7549 8084 12162
1783 5796 9971
5796 1783 9971
9971 1783 5796
11686 8045 13449
13449 8045 11686
8045 11686 13449
9317 551 825
551 825 9317
825 551 9317
6420 1075 3391
3391 1075 6420
1075 3391 6420
8759 9274 12638
9274 8759 12638
12638 8759 9274
6851 323 4814
323 4814 6851
4814 323 6851
2016 3643 8651
3643 2016 8651
8651 2016 3643
5277 3120 5727
3120 5277 5727
5727 3120 5277
961 12240 12596
12596 961 12240
12240 961 12596
6914 1248 4295
4295 1248 6914
1248 4295 6914
14343 8272 11853
8272 11853 14343
11853 8272 14343
6469 8713 9753
9753 6469 8713
8713 6469 9753
14226 11660 14662
14662 11660 14226
11660 14226 14662
2220 10046 10946
10946 2220 10046
10046 2220 10946
1243 7274 9686
7274 1243 9686
9686 1243 7274
4920 653 11902
653 4920 11902
11902 653 4920
9076 1093 9859
9859 1093 9076
1093 9076 9859
9688 1777 3435
3435 1777 9688
1777 3435 9688
8396 3738 14333
14333 3738 8396
3738 8396 14333
11130 1482 14839
14839 1482 11130
1482 11130 14839
12435 1950 7899
7899 1950 12435
1950 7899 12435
2133 667 7057
7057 667 2133
667 2133 7057
14631 6484 12479
12479 6484 14631
6484 12479 14631
4741 4169 14730
14730 4169 4741
4169 4741 14730
8832 5225 11408
11408 5225 8832
5225 8832 11408
156 6341 11759
6341 156 11759
11759 156 6341
11822 1853 3961
1853 3961 11822
3961 1853 11822
13436 3210 13566
3210 13436 13566
13566 3210 13436
11318 4465 14548
14548 4465 11318
4465 11318 14548
2513 1025 4878
4878 1025 2513
1025 2513 4878
269 7580 10787
10787 269 7580
7580 269 10787
8978 4755 10938
10938 4755 8978
4755 8978 10938
7702 5049 5638
5638 5049 7702
5049 5638 7702
8727 5878 14757
14757 5878 8727
5878 8727 14757
9345 1921 14090
14090 1921 9345
1921 9345 14090
6609 3532 6823
6823 3532 6609
3532 6609 6823
73 4053 8156
4053 73 8156
8156 73 4053
14539 2547 2859
2859 2547 14539
2547 2859 14539
12327 2252 9573
9573 2252 12327
2252 9573 12327
9495 4668 8976
4668 8976 9495
8976 4668 9495
7153 3220 8056
8056 3220 7153
3220 7153 8056
11442 737 13165
13165 737 11442
737 11442 13165
677 2411 3728
3728 677 2411
2411 677 3728
2084 12925 14473
14473 2084 12925
12925 2084 14473
1166 2955 4123
4123 1166 2955
2955 1166 4123
8792 7820 14973
14973 7820 8792
7820 8792 14973
10833 2916 5057
2916 5057 10833
5057 2916 10833
3987 1714 14467
1714 3987 14467
14467 1714 3987
2865 1150 11269
11269 1150 2865
1150 2865 11269
13860 1359 5288
5288 1359 13860
1359 5288 13860
14320 4488 14767
14767 4488 14320
4488 14320 14767
2100 7832 12884
7832 2100 12884
12884 2100 7832
6561 4208 11834
4208 6561 11834
11834 4208 6561
12522 5072 6113
6113 5072 12522
5072 6113 12522
14743 8684 13308
8684 13308 14743
13308 8684 14743
9337 6846 7753
7753 6846 9337
6846 7753 9337
2996 4399 9127
4399 2996 9127
9127 2996 4399
1964 7418 11091
7418 1964 11091
11091 1964 7418
10038 1282 9742
9742 1282 10038
1282 9742 10038
14433 4412 13746
13746 4412 14433
4412 13746 14433
9113 6537 11567
6537 9113 11567
11567 6537 9113
11033 3276 12360
12360 3276 11033
3276 11033 12360
7290 6426 12642
6426 7290 12642
12642 6426 7290
6168 530 12571
12571 530 6168
530 6168 12571
10427 3043 11943
3043 10427 11943
11943 3043 10427
13795 1229 12106
12106 1229 13795
1229 12106 13795
12150 5316 7221
7221 5316 12150
5316 7221 12150
1087 2542 3999
3999 1087 2542
2542 1087 3999
7436 2479 6269
2479 6269 7436
6269 2479 7436
7212 2864 11242
11242 2864 7212
2864 7212 11242
7758 14100 14814
14814 7758 14100
14100 7758 14814
7761 3824 11782
3824 7761 11782
11782 3824 7761
14900 719 5236
719 5236 14900
5236 719 14900
2729 7617 10834
10834 2729 7617
7617 2729 10834
14699 1823 10218
1823 10218 14699
10218 1823 14699
4397 10147 11238
10147 4397 11238
11238 4397 10147
9594 2462 12171
2462 9594 12171
12171 2462 9594
4367 4905 6960
4905 4367 6960
6960 4367 4905
11913 7628 8036
8036 7628 11913
7628 8036 11913
14299 5665 12280
12280 5665 14299
5665 12280 14299
189 4196 4261
4196 189 4261
4261 189 4196
4923 1074 5480
5480 1074 4923
1074 4923 5480
12796 4800 7797
7797 4800 12796
4800 7797 12796
4038 2210 8523
8523 2210 4038
2210 4038 8523
2605 2208 3931
3931 2208 2605
2208 2605 3931
10635 11585 14723
14723 10635 11585
11585 10635 14723
12300 1097 10649
10649 1097 12300
1097 10649 12300
9060 6857 8850
6857 8850 9060
8850 6857 9060
9329 8283 9092
8283 9092 9329
9092 8283 9329
4216 435 3660
3660 435 4216
435 3660 4216
13111 8529 12973
8529 12973 13111
12973 8529 13111
4405 13126 14563
14563 4405 13126
13126 4405 14563
8194 9066 12610
12610 8194 9066
9066 8194 12610
8262 12487 14747
12487 8262 14747
14747 8262 12487
3209 2059 14801
14801 2059 3209
2059 3209 14801
6246 2984 5720
5720 2984 6246
2984 5720 6246
8586 2753 3872
3872 2753 8586
2753 3872 8586
13134 5954 11140
11140 5954 13134
5954 11140 13134
6940 6852 9322
6852 6940 9322
9322 6852 6940
14196 6194 12332
6194 12332 14196
12332 6194 14196
1529 515 9991
9991 515 1529
515 1529 9991
13480 1487 6365
6365 1487 13480
1487 6365 13480
6615 2762 10000
10000 2762 6615
2762 6615 10000
6391 5296 5617
5617 5296 6391
5296 5617 6391
12498 12952 14460
12952 12498 14460
14460 12498 12952
986 1392 2281
1392 986 2281
2281 986 1392
14076 3506 14450
14450 3506 14076
3506 14076 14450
2841 3638 14361
3638 2841 14361
14361 2841 3638
11610 3834 14610
3834 11610 14610
14610 3834 11610
6903 6233 12940
6233 6903 12940
12940 6233 6903
10916 106 9271
9271 106 10916
106 9271 10916
5998 9645 10961
9645 5998 10961
10961 5998 9645
8891 8116 14119
14119 8116 8891
8116 8891 14119
366 6568 6806
6806 366 6568
6568 366 6806
11340 7015 9502
9502 7015 11340
7015 9502 11340
9940 3675 4872
3675 4872 9940
4872 3675 9940
12207 287 13361
287 12207 13361
13361 287 12207
5400 3041 5588
5588 3041 5400
3041 5400 5588
14151 4072 4161
4072 4161 14151
4161 4072 14151
11923 227 8846
227 8846 11923
8846 227 11923
10753 3335 9513
9513 3335 10753
3335 9513 10753
13886 656 3401
3401 656 13886
656 3401 13886
14393 1876 5069
5069 1876 14393
1876 5069 14393
3474 10920 14954
10920 3474 14954
14954 3474 10920
8565 14183 14519
14183 8565 14519
14519 8565 14183
6898 3584 10286
10286 3584 6898
3584 6898 10286
2128 4349 13785
13785 2128 4349
4349 2128 13785
1931 995 13930
995 1931 13930
13930 995 1931
4110 4780 7694
7694 4110 4780
4780 4110 7694
9825 9034 12396
12396 9034 9825
9034 9825 12396
7623 8886 9402
9402 7623 8886
8886 7623 9402
5323 1254 14947
1254 5323 14947
14947 1254 5323
7298 10327 13315
10327 7298 13315
13315 7298 10327
10034 3621 10554
10554 3621 10034
3621 10034 10554
8332 1479 5130
1479 5130 8332
5130 1479 8332
10927 923 8591
8591 923 10927
923 8591 10927
14640 4524 13765
13765 4524 14640
4524 13765 14640
11754 7688 8267
8267 7688 11754
7688 8267 11754
13627 284 12486
12486 284 13627
284 12486 13627
5818 2511 10678
10678 2511 5818
2511 5818 10678
11932 2175 4998
2175 4998 11932
4998 2175 11932
4609 13370 13938
13938 4609 13370
13370 4609 13938
14517 2167 3547
2167 3547 14517
3547 2167 14517
915 13131 14409
13131 915 14409
14409 915 13131
11727 13103 13140
13140 11727 13103
13103 11727 13140
14317 12725 13829
12725 13829 14317
13829 12725 14317
6427 4335 5466
5466 4335 6427
4335 5466 6427
2707 1554 4832
1554 2707 4832
4832 1554 2707
1689 4722 6375
4722 1689 6375
6375 1689 4722
232 974 8096
974 232 8096
8096 232 974
4060 84 8528
8528 84 4060
84 4060 8528
1915 51 1142
1142 51 1915
51 1142 1915
4223 1533 14599
1533 4223 14599
14599 1533 4223
2776 1072 5152
1072 2776 5152
5152 1072 2776
10812 3972 10636
10636 3972 10812
3972 10636 10812
5278 9217 14211
9217 5278 14211
14211 5278 9217
885 255 7837
255 885 7837
7837 255 885
8475 2650 3553
2650 3553 8475
3553 2650 8475
10562 10018 14362
14362 10018 10562
10018 10562 14362
4976 4290 10331
10331 4290 4976
4290 4976 10331
4760 2229 6935
6935 2229 4760
2229 4760 6935
1833 3829 11411
11411 1833 3829
3829 1833 11411
10407 6451 7435
6451 7435 10407
7435 6451 10407
10765 1470 3119
3119 1470 10765
1470 3119 10765
1713 740 12326
12326 740 1713
740 1713 12326
14823 8241 11622
8241 11622 14823
11622 8241 14823
12432 4044 4580
4044 4580 12432
4580 4044 12432
7313 5297 11303
5297 7313 11303
11303 5297 7313
5136 59 842
842 59 5136
59 842 5136
8192 8671 8862
8671 8192 8862
8862 8192 8671
6667 8781 13252
8781 6667 13252
13252 6667 8781
10048 4547 9958
9958 4547 10048
4547 9958 10048
846 371 8522
8522 371 846
371 846 8522
1123 11588 14717
14717 1123 11588
11588 1123 14717
3604 7078 8188
7078 3604 8188
8188 3604 7078
11008 11223 12587
11223 11008 12587
12587 11008 11223
1464 3462 4585
3462 1464 4585
4585 1464 3462
11717 2927 2946
2946 2927 11717
2927 2946 11717
10127 2653 11802
2653 10127 11802
11802 2653 10127
8957 1311 7141
1311 7141 8957
7141 1311 8957
11712 2613 14331
14331 2613 11712
2613 11712 14331
8119 893 904
904 893 8119
893 904 8119
8092 10148 14164
14164 8092 10148
10148 8092 14164
11405 6423 10021
6423 10021 11405
10021 6423 11405
394 5032 10492
10492 394 5032
5032 394 10492
9293 10151 11527
11527 9293 10151
10151 9293 11527
6527 9855 13243
9855 6527 13243
13243 6527 9855
14774 494 12161
12161 494 14774
494 12161 14774
2435 11972 14158
11972 2435 14158
14158 2435 11972
3047 9224 14321
9224 3047 14321
14321 3047 9224
6412 5526 6156
6156 5526 6412
5526 6156 6412
9919 1968 2792
2792 1968 9919
1968 2792 9919
3758 3049 14481
3049 3758 14481
14481 3049 3758
10313 398 13092
13092 398 10313
398 10313 13092
7519 12993 13971
13971 7519 12993
12993 7519 13971
5781 7013 12420
7013 5781 12420
12420 5781 7013
9788 3135 9982
3135 9788 9982
9982 3135 9788
9839 2540 3299
3299 2540 9839
2540 3299 9839
11959 5374 12748
12748 5374 11959
5374 11959 12748
3530 10304 12099
10304 3530 12099
12099 3530 10304
10173 807 8601
807 8601 10173
8601 807 10173
11246 3115 5133
3115 5133 11246
5133 3115 11246
14755 3129 3194
3129 3194 14755
3194 3129 14755
712 11881 12220
11881 712 12220
12220 712 11881
13377 6748 11297
6748 11297 13377
11297 6748 13377
12996 10250 14617
10250 12996 14617
14617 10250 12996
13649 3998 9390
3998 9390 13649
9390 3998 13649
3206 7632 10277
7632 3206 10277
10277 3206 7632
2302 1067 8418
1067 2302 8418
8418 1067 2302
1200 7049 9793
9793 1200 7049
7049 1200 9793
7948 5801 7386
5801 7386 7948
7386 5801 7948
1266 2891 3286
3286 1266 2891
2891 1266 3286
5697 5138 6214
5138 5697 6214
6214 5138 5697
9338 12732 12797
12732 9338 12797
12797 9338 12732
6297 5355 7152
7152 5355 6297
5355 6297 7152
5783 5302 6722
6722 5302 5783
5302 5783 6722
557 8981 14030
8981 557 14030
14030 557 8981
8432 1619 7981
1619 7981 8432
7981 1619 8432
2780 98 14109
14109 98 2780
98 2780 14109
4651 5481 10498
10498 4651 5481
5481 4651 10498
10506 2079 2530
2530 2079 10506
2079 2530 10506
1203 7 12383
7 1203 12383
12383 7 1203
10679 11444 13923
11444 10679 13923
13923 10679 11444
4647 2242 13351
13351 2242 4647
2242 4647 13351
11723 8843 13576
8843 11723 13576
13576 8843 11723
8599 895 9593
9593 895 8599
895 8599 9593
12579 12006 13210
12006 12579 13210
13210 12006 12579
3417 2117 11414
11414 2117 3417
2117 3417 11414
7327 13133 13901
13901 7327 13133
13133 7327 13901
12983 5369 12385
12385 5369 12983
5369 12385 12983
4115 4225 7923
7923 4115 4225
4225 4115 7923
8945 4124 6848
6848 4124 8945
4124 6848 8945
4344 8359 14608
8359 4344 14608
14608 4344 8359
10207 3162 8917
3162 8917 10207
8917 3162 10207
10461 12125 13226
13226 10461 12125
12125 10461 13226
8078 3327 9005
9005 3327 8078
3327 8078 9005
769 11319 12848
11319 769 12848
12848 769 11319
14863 5735 14308
5735 14308 14863
14308 5735 14863
1790 8479 12939
8479 1790 12939
12939 1790 8479
6983 7631 11579
7631 6983 11579
11579 6983 7631
10267 3247 9694
9694 3247 10267
3247 9694 10267
5940 230 5789
230 5789 5940
5789 230 5940
5542 2526 6938
6938 2526 5542
2526 5542 6938
10155 1731 13685
1731 10155 13685
13685 1731 10155
1684 14736 14832
14736 1684 14832
14832 1684 14736
3633 1005 10206
1005 3633 10206
10206 1005 3633
6307 6741 9175
6741 6307 9175
9175 6307 6741
12355 3812 8926
3812 8926 12355
8926 3812 12355
117 1716 8907
1716 117 8907
8907 117 1716
1481 2017 13050
2017 1481 13050
13050 1481 2017
13789 7630 14550
14550 7630 13789
7630 13789 14550
1851 2578 5815
2578 1851 5815
5815 1851 2578
12198 2384 7763
7763 2384 12198
2384 7763 12198
13122 10453 12749
10453 12749 13122
12749 10453 13122
11711 3239 10954
10954 3239 11711
