25659 20484 106314
106314 20484 25659
20484 25659 106314
78803 127702 129049
129049 78803 127702
127702 78803 129049
19333 46201 55511
46201 19333 55511
55511 19333 46201
25560 110967 116883
116883 25560 110967
110967 25560 116883
33032 20452 42140
20452 33032 42140
42140 20452 33032
100213 62305 132278
132278 62305 100213
62305 100213 132278
8127 123893 135377
123893 8127 135377
135377 8127 123893
141120 99762 102267
102267 99762 141120
99762 102267 141120
92152 12806 85596
12806 85596 92152
85596 12806 92152
10688 31139 81969
81969 10688 31139
31139 10688 81969
73601 42555 47031
42555 47031 73601
47031 42555 73601
111526 29942 74975
29942 74975 111526
74975 29942 111526
88014 23275 89777
23275 88014 89777
89777 23275 88014
121295 127848 137536
127848 121295 137536
137536 121295 127848
33726 32831 117710
117710 32831 33726
32831 33726 117710
52836 5736 87107
87107 5736 52836
5736 52836 87107
62127 21392 144521
21392 62127 144521
144521 21392 62127
95661 3627 114584
3627 95661 114584
114584 3627 95661
43407 94755 124111
94755 43407 124111
124111 43407 94755
41233 18450 46031
46031 18450 41233
18450 41233 46031
87009 41155 93938
93938 41155 87009
41155 87009 93938
146666 2250 48255
2250 48255 146666
48255 2250 146666
115926 39847 109271
109271 39847 115926
39847 109271 115926
81617 82286 84010
84010 81617 82286
82286 81617 84010
107519 140029 140621
140029 107519 140621
140621 107519 140029
145617 35463 122622
122622 35463 145617
35463 122622 145617
132064 11073 95701
11073 95701 132064
95701 11073 132064
51783 97832 109174
97832 51783 109174
109174 51783 97832
116492 76129 149521
149521 76129 116492
76129 116492 149521
46658 103817 117355
103817 46658 117355
117355 46658 103817
102321 65108 148381
148381 65108 102321
65108 102321 148381
19592 23102 118321
118321 19592 23102
23102 19592 118321
140242 26224 111244
26224 111244 140242
111244 26224 140242
19932 90484 134962
90484 19932 134962
134962 19932 90484
31887 32201 119686
32201 31887 119686
119686 31887 32201
31151 21604 41114
41114 21604 31151
21604 31151 41114
143169 55998 76048
76048 55998 143169
55998 76048 143169
41381 40202 105011
40202 41381 105011
105011 40202 41381
149082 34460 120578
34460 120578 149082
120578 34460 149082
31325 106297 137147
137147 31325 106297
106297 31325 137147
131947 41174 147267
147267 41174 131947
41174 131947 147267
95482 98251 133134
98251 95482 133134
133134 95482 98251
34956 6369 64537
6369 34956 64537
64537 6369 34956
143913 13748 126839
126839 13748 143913
13748 126839 143913
60851 83839 92237
83839 60851 92237
92237 60851 83839
98677 14247 95474
95474 14247 98677
14247 95474 98677
25637 25743 110721
110721 25637 25743
25743 25637 110721
21706 39609 61704
61704 21706 39609
39609 21706 61704
42391 10382 37505
37505 10382 42391
10382 37505 42391
98068 52053 88827
52053 88827 98068
88827 52053 98068
102736 54542 85413
85413 54542 102736
54542 85413 102736
29533 14024 51166
14024 29533 51166
51166 14024 29533
132894 92762 110271
92762 110271 132894
110271 92762 132894
145504 131223 132319
132319 131223 145504
131223 132319 145504
54161 35607 92687
35607 54161 92687
92687 35607 54161
16225 80539 111768
80539 16225 111768
111768 16225 80539
5923 25260 113666
25260 5923 113666
113666 5923 25260
27210 43240 51053
43240 27210 51053
51053 27210 43240
123267 33229 74622
74622 33229 123267
33229 74622 123267
76235 15827 95412
95412 15827 76235
15827 76235 95412
147420 66529 141456
141456 66529 147420
66529 141456 147420
91408 3897 110316
110316 3897 91408
3897 91408 110316
11495 81812 149073
81812 11495 149073
149073 11495 81812
109016 24658 134071
24658 109016 134071
134071 24658 109016
107111 5934 49294
5934 49294 107111
49294 5934 107111
95693 54508 58011
58011 54508 95693
54508 58011 95693
8042 58144 134528
134528 8042 58144
58144 8042 134528
21701 90651 145460
90651 21701 145460
145460 21701 90651
15314 96422 97569
97569 15314 96422
96422 15314 97569
72265 93533 148531
93533 72265 148531
148531 72265 93533
84185 19863 65437
19863 65437 84185
65437 19863 84185
142333 36522 124666
124666 36522 142333
36522 124666 142333
17058 31639 109762
109762 17058 31639
31639 17058 109762
31773 65518 117550
117550 31773 65518
65518 31773 117550
18519 97523 140390
97523 18519 140390
140390 18519 97523
45375 53775 92586
53775 45375 92586
92586 45375 53775
31774 14681 125671
125671 14681 31774
14681 31774 125671
73535 85800 106662
106662 73535 85800
85800 73535 106662
26027 83147 113648
113648 26027 83147
83147 26027 113648
149616 59516 117506
117506 59516 149616
59516 117506 149616
60292 21169 114199
114199 21169 60292
21169 60292 114199
116025 55457 115170
55457 115170 116025
115170 55457 116025
86229 126426 138204
126426 86229 138204
138204 86229 126426
135038 49549 127400
127400 49549 135038
49549 127400 135038
50301 70849 72642
72642 50301 70849
70849 50301 72642
75503 11881 90949
90949 11881 75503
11881 75503 90949
50517 28670 38897
38897 28670 50517
28670 38897 50517
75692 20382 97958
20382 75692 97958
97958 20382 75692
3209 14908 84100
84100 3209 14908
14908 3209 84100
15632 73351 87662
73351 15632 87662
87662 15632 73351
148060 11260 66010
11260 66010 148060
66010 11260 148060
108457 31154 51071
51071 31154 108457
31154 51071 108457
142645 2283 14998
14998 2283 142645
2283 14998 142645
36269 20592 46864
46864 20592 36269
20592 36269 46864
55984 1807 149839
1807 55984 149839
149839 1807 55984
17456 26984 51307
26984 17456 51307
51307 17456 26984
51226 47826 76676
76676 47826 51226
47826 51226 76676
141494 59596 145660
145660 59596 141494
59596 141494 145660
33601 101282 147301
147301 33601 101282
101282 33601 147301
53945 48298 119596
119596 48298 53945
48298 53945 119596
134779 36578 52941
52941 36578 134779
36578 52941 134779
99839 62345 148649
62345 99839 148649
148649 62345 99839
97304 2948 85388
2948 85388 97304
85388 2948 97304
11888 44310 141852
141852 11888 44310
44310 11888 141852
149356 12277 117124
117124 12277 149356
12277 117124 149356
86717 33256 122023
122023 33256 86717
33256 86717 122023
138890 140643 145659
140643 138890 145659
145659 138890 140643
2468 31840 137839
31840 2468 137839
137839 2468 31840
11647 25404 110434
110434 11647 25404
25404 11647 110434
61724 36970 103473
103473 36970 61724
36970 61724 103473
101598 115903 134157
115903 101598 134157
134157 101598 115903
70566 116188 149099
149099 70566 116188
116188 70566 149099
49982 48009 146587
48009 49982 146587
146587 48009 49982
81420 95283 128630
128630 81420 95283
95283 81420 128630
11835 46511 108812
108812 11835 46511
46511 11835 108812
110390 34037 143467
34037 110390 143467
143467 34037 110390
126540 95212 117731
117731 95212 126540
95212 117731 126540
149088 10670 42247
10670 42247 149088
42247 10670 149088
40604 77637 90745
77637 40604 90745
90745 40604 77637
21867 65739 129617
129617 21867 65739
65739 21867 129617
42152 34576 102240
34576 42152 102240
102240 34576 42152
14484 50867 74056
50867 14484 74056
74056 14484 50867
17 8216 55951
8216 17 55951
55951 17 8216
62950 53086 86004
86004 53086 62950
53086 62950 86004
81342 9901 26035
26035 9901 81342
9901 26035 81342
78903 5321 89873
5321 78903 89873
89873 5321 78903
132900 109924 132554
109924 132554 132900
132554 109924 132900
13833 80461 83977
80461 13833 83977
83977 13833 80461
92781 96057 105447
96057 92781 105447
105447 92781 96057
139022 42122 127536
127536 42122 139022
42122 127536 139022
54597 27688 55293
27688 54597 55293
55293 27688 54597
25094 26032 27246
27246 25094 26032
26032 25094 27246
39175 43986 119851
43986 39175 119851
119851 39175 43986
4269 16596 20095
16596 4269 20095
20095 4269 16596
94850 47697 106068
47697 94850 106068
106068 47697 94850
71724 75518 114858
114858 71724 75518
75518 71724 114858
58497 129113 149727
129113 58497 149727
149727 58497 129113
135222 47491 101544
101544 47491 135222
47491 101544 135222
58145 84584 87680
84584 58145 87680
87680 58145 84584
59652 92168 132022
132022 59652 92168
92168 59652 132022
76057 138993 149303
138993 76057 149303
149303 76057 138993
78604 5711 36754
36754 5711 78604
5711 36754 78604
138186 20383 111825
111825 20383 138186
20383 111825 138186
68237 23573 50146
50146 23573 68237
23573 50146 68237
122345 71275 127912
127912 71275 122345
71275 122345 127912
11719 103024 149161
103024 11719 149161
149161 11719 103024
142225 31496 60379
60379 31496 142225
31496 60379 142225
108955 38031 53386
53386 38031 108955
38031 53386 108955
26371 59540 145564
59540 26371 145564
145564 26371 59540
114686 56916 69788
69788 56916 114686
56916 69788 114686
108254 11249 79350
79350 11249 108254
11249 79350 108254
51944 13689 82478
82478 13689 51944
13689 51944 82478
82445 115796 139235
139235 82445 115796
115796 82445 139235
39905 52530 67925
67925 39905 52530
52530 39905 67925
47226 72302 92840
72302 47226 92840
92840 47226 72302
42850 35436 148891
148891 35436 42850
35436 42850 148891
18771 108952 130619
130619 18771 108952
108952 18771 130619
2615 107037 109784
107037 2615 109784
109784 2615 107037
50791 6444 67944
6444 50791 67944
67944 6444 50791
48894 76482 110334
76482 48894 110334
110334 48894 76482
58262 72495 83981
83981 58262 72495
72495 58262 83981
101320 37129 65239
37129 65239 101320
65239 37129 101320
15978 15099 60112
15099 15978 60112
60112 15099 15978
146437 108380 130277
108380 130277 146437
130277 108380 146437
54880 1347 98469
1347 54880 98469
98469 1347 54880
82862 97878 128795
128795 82862 97878
97878 82862 128795
16866 55353 86400
55353 16866 86400
86400 16866 55353
42208 79228 106831
79228 42208 106831
106831 42208 79228
105724 12579 39864
39864 12579 105724
12579 39864 105724
56842 14343 29248
29248 14343 56842
14343 29248 56842
147863 67645 129713
67645 129713 147863
129713 67645 147863
115992 25281 46716
25281 46716 115992
46716 25281 115992
52164 31320 75761
75761 31320 52164
31320 52164 75761
60073 2050 149926
2050 60073 149926
149926 2050 60073
129036 44193 63500
63500 44193 129036
44193 63500 129036
127595 28084 140006
140006 28084 127595
28084 127595 140006
52985 17110 116372
116372 17110 52985
17110 52985 116372
12929 99683 133888
99683 12929 133888
133888 12929 99683
39639 69938 101182
69938 39639 101182
101182 39639 69938
4831 72168 129950
129950 4831 72168
72168 4831 129950
46051 8715 111288
8715 46051 111288
111288 8715 46051
31996 92404 110858
110858 31996 92404
92404 31996 110858
36691 35910 120380
120380 35910 36691
35910 36691 120380
73668 15076 109343
109343 15076 73668
15076 73668 109343
113309 57343 128064
128064 57343 113309
57343 113309 128064
38173 5828 115311
115311 5828 38173
5828 38173 115311
97788 58044 141217
141217 58044 97788
58044 97788 141217
41766 77241 87748
77241 41766 87748
87748 41766 77241
145171 7923 128236
7923 128236 145171
128236 7923 145171
98872 62300 68124
62300 68124 98872
68124 62300 98872
111786 29592 69277
29592 69277 111786
69277 29592 111786
71624 5245 133523
133523 5245 71624
5245 71624 133523
95671 41746 76141
41746 76141 95671
76141 41746 95671
76458 19518 62900
19518 62900 76458
62900 19518 76458
97731 18300 125574
125574 18300 97731
18300 97731 125574
110843 30960 43821
30960 43821 110843
43821 30960 110843
43283 36966 132777
36966 43283 132777
132777 36966 43283
106794 122985 132048
122985 106794 132048
132048 106794 122985
124240 44146 100812
100812 44146 124240
44146 100812 124240
48607 36830 99794
99794 36830 48607
36830 48607 99794
126052 45 3431
3431 45 126052
45 3431 126052
28055 71315 95191
95191 28055 71315
71315 28055 95191
97857 88335 141604
88335 97857 141604
141604 88335 97857
95251 13791 72465
13791 72465 95251
72465 13791 95251
39341 76270 131460
131460 39341 76270
76270 39341 131460
127510 74176 76273
76273 74176 127510
74176 76273 127510
38797 46116 74093
74093 38797 46116
46116 38797 74093
87474 42143 66660
42143 66660 87474
66660 42143 87474
20529 75623 143404
143404 20529 75623
75623 20529 143404
24469 27119 95687
27119 24469 95687
95687 24469 27119
60759 16654 96459
16654 60759 96459
96459 16654 60759
49115 93077 130282
130282 49115 93077
93077 49115 130282
69013 37247 115497
115497 37247 69013
37247 69013 115497
109816 51186 144326
51186 109816 144326
144326 51186 109816
19801 66223 137881
66223 19801 137881
137881 19801 66223
118302 30248 135534
135534 30248 118302
30248 118302 135534
65754 23076 62691
62691 23076 65754
23076 62691 65754
44093 47683 69652
69652 44093 47683
47683 44093 69652
82543 87076 92194
87076 82543 92194
92194 82543 87076
123584 16237 92668
92668 16237 123584
16237 92668 123584
121818 44740 134727
134727 44740 121818
44740 121818 134727
99104 148352 149983
148352 99104 149983
149983 99104 148352
128044 96373 147198
147198 96373 128044
96373 128044 147198
31346 1340 84516
84516 1340 31346
1340 31346 84516
45480 58627 135392
135392 45480 58627
58627 45480 135392
45199 82967 101456
82967 45199 101456
101456 45199 82967
135658 21747 56694
56694 21747 135658
21747 56694 135658
137229 45090 59262
59262 45090 137229
45090 59262 137229
15890 126668 147670
147670 15890 126668
126668 15890 147670
113138 28687 75945
28687 75945 113138
75945 28687 113138
68826 42489 80180
42489 68826 80180
80180 42489 68826
10589 59138 75845
75845 10589 59138
59138 10589 75845
56231 116216 121913
121913 56231 116216
116216 56231 121913
109978 52007 84893
84893 52007 109978
52007 84893 109978
136066 74155 132344
74155 132344 136066
132344 74155 136066
53948 22141 106875
22141 53948 106875
106875 22141 53948
149578 60812 114363
114363 60812 149578
60812 114363 149578
55903 70865 118303
70865 55903 118303
118303 55903 70865
63764 62667 72837
72837 62667 63764
62667 63764 72837
67396 40053 58752
40053 58752 67396
58752 40053 67396
76470 66458 102981
66458 76470 102981
102981 66458 76470
42665 63094 82760
82760 42665 63094
63094 42665 82760
87635 122716 139773
122716 87635 139773
139773 87635 122716
121537 22796 49234
49234 22796 121537
22796 49234 121537
146214 67368 85836
67368 85836 146214
85836 67368 146214
20462 16271 92896
16271 20462 92896
92896 16271 20462
148565 48315 139381
139381 48315 148565
48315 139381 148565
101272 79236 101213
101213 79236 101272
79236 101213 101272
23320 57101 57902
57902 23320 57101
57101 23320 57902
102466 85163 148643
85163 102466 148643
148643 85163 102466
40059 15242 88856
15242 40059 88856
88856 15242 40059
81123 21626 61193
61193 21626 81123
21626 61193 81123
108596 68129 143138
68129 108596 143138
143138 68129 108596
43149 39186 87737
87737 39186 43149
39186 43149 87737
7039 74448 98680
74448 7039 98680
98680 7039 74448
27579 39636 118408
118408 27579 39636
39636 27579 118408
12818 60571 98834
98834 12818 60571
60571 12818 98834
21684 71054 81995
81995 21684 71054
71054 21684 81995
93264 19581 115142
115142 19581 93264
19581 93264 115142
115818 49963 93107
93107 49963 115818
49963 93107 115818
83680 5586 54541
54541 5586 83680
5586 54541 83680
8423 32208 76599
76599 8423 32208
32208 8423 76599
79457 130027 147423
147423 79457 130027
130027 79457 147423
107662 76808 112138
112138 76808 107662
76808 107662 112138
140601 2952 142247
2952 140601 142247
142247 2952 140601
120080 35570 36307
35570 36307 120080
36307 35570 120080
125660 32847 122079
32847 122079 125660
122079 32847 125660
126710 74085 102767
74085 102767 126710
102767 74085 126710
12794 98381 137584
137584 12794 98381
98381 12794 137584
30644 60088 90488
60088 30644 90488
90488 30644 60088
85877 1760 116135
116135 1760 85877
1760 85877 116135
131832 42365 43445
42365 43445 131832
43445 42365 131832
87853 49811 85832
85832 49811 87853
49811 85832 87853
30332 71939 78883
71939 30332 78883
78883 30332 71939
83140 35028 48799
48799 35028 83140
35028 48799 83140
35311 82042 123009
123009 35311 82042
82042 35311 123009
25683 46848 60013
46848 25683 60013
60013 25683 46848
84166 26243 80224
80224 26243 84166
26243 80224 84166
29395 51373 105316
105316 29395 51373
51373 29395 105316
23154 15275 52527
15275 23154 52527
52527 15275 23154
84569 93351 148777
93351 84569 148777
148777 84569 93351
85726 6608 98815
98815 6608 85726
6608 85726 98815
77674 54079 75508
75508 54079 77674
54079 75508 77674
124469 53532 121916
121916 53532 124469
53532 121916 124469
133568 46390 56515
56515 46390 133568
46390 56515 133568
15147 98960 121445
98960 15147 121445
121445 15147 98960
120971 7623 40383
7623 40383 120971
40383 7623 120971
6696 61294 93525
61294 6696 93525
93525 6696 61294
108125 53366 113942
53366 108125 113942
113942 53366 108125
93216 5634 63801
63801 5634 93216
5634 63801 93216
144686 39203 139297
39203 139297 144686
139297 39203 144686
139467 33039 134628
134628 33039 139467
33039 134628 139467
27419 107451 127924
107451 27419 127924
127924 27419 107451
66397 28530 99356
99356 28530 66397
28530 66397 99356
30378 31469 79302
79302 30378 31469
31469 30378 79302
131529 36506 96213
96213 36506 131529
36506 96213 131529
22398 29418 68213
29418 22398 68213
68213 22398 29418
19388 122695 142721
142721 19388 122695
122695 19388 142721
145390 89352 118284
89352 118284 145390
118284 89352 145390
138080 71025 143098
143098 71025 138080
71025 138080 143098
16039 40886 140841
40886 16039 140841
140841 16039 40886
113086 13723 57503
13723 57503 113086
57503 13723 113086
43717 27393 83292
27393 43717 83292
83292 27393 43717
93812 54218 69721
54218 69721 93812
69721 54218 93812
85911 5046 26147
26147 5046 85911
5046 26147 85911
7584 36129 73083
36129 7584 73083
73083 7584 36129
16075 144 34678
144 16075 34678
34678 144 16075
92122 9043 17375
17375 9043 92122
9043 17375 92122
78680 59940 79198
59940 78680 79198
79198 59940 78680
23672 971 134781
134781 971 23672
971 23672 134781
141340 32943 89610
89610 32943 141340
32943 89610 141340
95806 90784 110163
110163 90784 95806
90784 95806 110163
144969 84899 87288
84899 87288 144969
87288 84899 144969
101358 124733 139015
139015 101358 124733
124733 101358 139015
109435 458 23088
23088 458 109435
458 23088 109435
60459 114805 149828
114805 60459 149828
149828 60459 114805
9997 70328 84059
70328 9997 84059
84059 9997 70328
99268 113417 119611
113417 99268 119611
119611 99268 113417
38105 83317 139238
83317 38105 139238
139238 38105 83317
74334 85876 129414
129414 74334 85876
85876 74334 129414
120830 45824 86674
45824 86674 120830
86674 45824 120830
15395 20836 104125
104125 15395 20836
20836 15395 104125
11293 22090 93390
22090 11293 93390
93390 11293 22090
67097 18048 145185
18048 67097 145185
145185 18048 67097
64247 66061 71878
66061 64247 71878
71878 64247 66061
18501 4285 48806
4285 18501 48806
48806 4285 18501
27965 45576 55772
45576 27965 55772
55772 27965 45576
35254 44738 79307
44738 35254 79307
79307 35254 44738
114515 49042 55731
49042 55731 114515
55731 49042 114515
95925 19319 118729
118729 19319 95925
19319 95925 118729
132991 37803 52314
52314 37803 132991
37803 52314 132991
36558 103410 149690
103410 36558 149690
149690 36558 103410
123194 15776 85145
85145 15776 123194
15776 85145 123194
66962 8498 48379
48379 8498 66962
8498 48379 66962
50162 113610 123847
123847 50162 113610
113610 50162 123847
46129 2164 102638
102638 2164 46129
2164 46129 102638
149729 94263 121859
94263 121859 149729
121859 94263 149729
135312 65523 113818
65523 113818 135312
113818 65523 135312
118929 432 111013
432 111013 118929
111013 432 118929
71230 59546 76748
76748 59546 71230
59546 71230 76748
86599 4679 144122
4679 86599 144122
144122 4679 86599
76184 31303 65579
31303 65579 76184
65579 31303 76184
29656 10147 22902
22902 10147 29656
10147 22902 29656
117831 85499 104917
85499 104917 117831
104917 85499 117831
43547 2023 60530
60530 2023 43547
2023 43547 60530
94230 39008 86515
86515 39008 94230
39008 86515 94230
29263 93563 128426
93563 29263 128426
128426 29263 93563
120279 62605 87101
87101 62605 120279
62605 87101 120279
146848 1260 68349
68349 1260 146848
1260 68349 146848
115146 12495 76201
12495 76201 115146
76201 12495 115146
27123 2682 68095
68095 2682 27123
2682 27123 68095
5571 40457 84702
84702 5571 40457
40457 5571 84702
19554 37119 146150
146150 19554 37119
37119 19554 146150
16335 2260 28303
2260 16335 28303
28303 2260 16335
69583 47871 110954
110954 47871 69583
47871 69583 110954
78395 39710 70133
39710 70133 78395
70133 39710 78395
52595 44924 73756
44924 52595 73756
73756 44924 52595
30853 26943 129963
26943 30853 129963
129963 26943 30853
91499 111004 119508
119508 91499 111004
111004 91499 119508
48848 47889 145125
47889 48848 145125
145125 47889 48848
111641 52511 62190
52511 62190 111641
62190 52511 111641
45704 81953 129066
81953 45704 129066
129066 45704 81953
124329 96976 136642
136642 96976 124329
96976 124329 136642
36284 7614 76841
7614 36284 76841
76841 7614 36284
34209 69857 142197
142197 34209 69857
69857 34209 142197
3097 20134 25476
25476 3097 20134
20134 3097 25476
129627 8468 106330
8468 106330 129627
106330 8468 129627
50410 24011 59777
59777 24011 50410
24011 50410 59777
114502 53664 103946
53664 103946 114502
103946 53664 114502
71792 53982 77033
77033 53982 71792
53982 71792 77033
130615 5720 107096
107096 5720 130615
5720 107096 130615
92508 99528 119199
99528 92508 119199
119199 92508 99528
101888 23888 26784
26784 23888 101888
23888 26784 101888
22874 16872 121120
121120 16872 22874
16872 22874 121120
75804 58824 119581
119581 58824 75804
58824 75804 119581
134419 88235 106012
106012 88235 134419
88235 106012 134419
114382 6126 87792
6126 87792 114382
87792 6126 114382
126107 43138 98241
98241 43138 126107
43138 98241 126107
97415 55985 115434
115434 55985 97415
55985 97415 115434
94295 12324 96608
96608 12324 94295
12324 94295 96608
530 15420 110117
15420 530 110117
110117 530 15420
65718 34246 103781
34246 65718 103781
103781 34246 65718
147582 1146 19990
1146 19990 147582
19990 1146 147582
111326 105841 127018
127018 105841 111326
105841 111326 127018
11084 79038 130168
79038 11084 130168
130168 11084 79038
18427 24402 53537
24402 18427 53537
53537 18427 24402
66681 81081 108296
81081 66681 108296
108296 66681 81081
62158 446 106849
446 62158 106849
106849 446 62158
8938 36759 43782
36759 8938 43782
43782 8938 36759
107504 125701 134446
125701 107504 134446
134446 107504 125701
122624 4458 11043
11043 4458 122624
4458 11043 122624
76703 8598 130195
8598 76703 130195
130195 8598 76703
45507 42161 73443
42161 45507 73443
73443 42161 45507
107888 63984 135578
63984 107888 135578
135578 63984 107888
64884 41721 104133
104133 41721 64884
41721 64884 104133
38485 18038 117684
18038 38485 117684
117684 18038 38485
54817 75757 124052
124052 54817 75757
75757 54817 124052
96189 44386 93497
44386 93497 96189
93497 44386 96189
33224 21961 37160
37160 21961 33224
21961 33224 37160
76342 9518 145913
145913 9518 76342
9518 76342 145913
111927 137654 146484
146484 111927 137654
137654 111927 146484
87825 104313 116053
104313 87825 116053
116053 87825 104313
96529 103081 115322
103081 96529 115322
115322 96529 103081
52196 100664 108508
100664 52196 108508
108508 52196 100664
22170 12355 21222
12355 21222 22170
21222 12355 22170
21902 49662 129603
129603 21902 49662
49662 21902 129603
57741 26869 99348
99348 26869 57741
26869 57741 99348
35861 21520 38995
38995 21520 35861
21520 35861 38995
35223 3496 43125
3496 35223 43125
43125 3496 35223
120374 3779 126987
126987 3779 120374
3779 120374 126987
67792 75475 136623
136623 67792 75475
75475 67792 136623
111743 93459 116764
116764 93459 111743
93459 111743 116764
37586 44985 115530
44985 37586 115530
115530 37586 44985
55768 51222 85529
51222 55768 85529
85529 51222 55768
129631 54927 103786
54927 103786 129631
103786 54927 129631
3709 28398 97301
28398 3709 97301
97301 3709 28398
100274 16079 111814
111814 16079 100274
16079 100274 111814
140720 11194 118602
11194 118602 140720
118602 11194 140720
110036 58798 90840
58798 90840 110036
90840 58798 110036
20098 17691 34321
17691 20098 34321
34321 17691 20098
76158 3956 101771
3956 76158 101771
101771 3956 76158
3823 36923 92611
92611 3823 36923
36923 3823 92611
82325 61078 61608
61608 61078 82325
61078 61608 82325
22844 17205 91751
17205 22844 91751
91751 17205 22844
131350 8796 91273
91273 8796 131350
8796 91273 131350
23547 442 51187
51187 442 23547
442 23547 51187
149453 130224 138371
130224 138371 149453
138371 130224 149453
98146 68156 90865
68156 90865 98146
90865 68156 98146
48499 50965 88871
88871 48499 50965
50965 48499 88871
44144 60983 137970
60983 44144 137970
137970 44144 60983
133793 30344 109137
30344 109137 133793
109137 30344 133793
83985 58588 65511
65511 58588 83985
58588 65511 83985
137383 89172 137902
89172 137383 137902
137902 89172 137383
30017 77652 82804
77652 30017 82804
82804 30017 77652
57367 50010 62800
50010 57367 62800
62800 50010 57367
32102 71171 92792
71171 32102 92792
92792 32102 71171
120701 86624 113167
86624 113167 120701
113167 86624 120701
132334 51953 122602
122602 51953 132334
51953 122602 132334
40494 66120 116863
66120 40494 116863
116863 40494 66120
23699 100308 138298
138298 23699 100308
100308 23699 138298
23446 82046 136962
82046 23446 136962
136962 23446 82046
58314 79508 90927
90927 58314 79508
79508 58314 90927
41162 13181 138988
13181 41162 138988
138988 13181 41162
39686 81770 94357
81770 39686 94357
94357 39686 81770
115022 37594 84087
84087 37594 115022
37594 84087 115022
67852 72108 145162
72108 67852 145162
145162 67852 72108
146741 45947 73759
45947 73759 146741
73759 45947 146741
99995 52763 53555
53555 52763 99995
52763 53555 99995
16269 87903 95207
95207 16269 87903
87903 16269 95207
118152 123716 137784
137784 118152 123716
123716 118152 137784
148592 62647 138312
62647 138312 148592
138312 62647 148592
30996 71312 91409
71312 30996 91409
91409 30996 71312
126818 31682 130189
130189 31682 126818
31682 126818 130189
143273 81217 145065
145065 81217 143273
81217 143273 145065
56162 98897 132129
132129 56162 98897
98897 56162 132129
21547 30454 34437
34437 21547 30454
30454 21547 34437
7352 38228 86172
86172 7352 38228
38228 7352 86172
33160 56259 147634
56259 33160 147634
147634 33160 56259
15285 9890 85893
9890 15285 85893
85893 9890 15285
16817 59813 122355
59813 16817 122355
122355 16817 59813
68535 72005 79390
79390 68535 72005
72005 68535 79390
114994 6518 73776
6518 73776 114994
73776 6518 114994
82251 6019 69615
69615 6019 82251
6019 69615 82251
114934 46892 47691
46892 47691 114934
47691 46892 114934
53181 34985 109481
109481 34985 53181
34985 53181 109481
111043 23412 94342
94342 23412 111043
23412 94342 111043
20010 13794 109654
109654 13794 20010
13794 20010 109654
71221 39227 121412
121412 39227 71221
39227 71221 121412
113649 71269 91686
71269 91686 113649
91686 71269 113649
119188 7165 108644
7165 108644 119188
108644 7165 119188
87421 122785 146011
146011 87421 122785
122785 87421 146011
72882 14036 37044
14036 37044 72882
37044 14036 72882
28524 56888 148433
56888 28524 148433
148433 28524 56888
77273 71188 130715
71188 77273 130715
130715 71188 77273
108198 130902 142367
130902 108198 142367
142367 108198 130902
73867 1010 49418
49418 1010 73867
1010 49418 73867
20273 7018 74937
7018 20273 74937
74937 7018 20273
69901 89048 101374
89048 69901 101374
101374 69901 89048
23651 1183 86209
1183 23651 86209
86209 1183 23651
81399 65167 73223
65167 73223 81399
73223 65167 81399
38572 23087 93883
93883 23087 38572
23087 38572 93883
42459 61008 121784
61008 42459 121784
121784 42459 61008
5660 83711 95349
83711 5660 95349
95349 5660 83711
105500 92952 106129
92952 105500 106129
106129 92952 105500
59803 12021 60457
60457 12021 59803
12021 59803 60457
94819 10355 34822
10355 34822 94819
34822 10355 94819
132851 95 36220
95 36220 132851
36220 95 132851
120667 21926 104337
104337 21926 120667
21926 104337 120667
2350 52699 114953
114953 2350 52699
52699 2350 114953
28080 89775 114585
114585 28080 89775
89775 28080 114585
101481 79028 86893
79028 86893 101481
86893 79028 101481
108120 90132 142750
142750 90132 108120
90132 108120 142750
11782 14416 148262
148262 11782 14416
14416 11782 148262
14415 10675 99173
10675 14415 99173
99173 10675 14415
2307 33490 95968
33490 2307 95968
95968 2307 33490
80630 19252 19413
19413 19252 80630
19252 19413 80630
37072 81283 123109
123109 37072 81283
81283 37072 123109
128352 26446 78761
78761 26446 128352
26446 78761 128352
130751 93821 94354
93821 94354 130751
94354 93821 130751
23756 135726 145041
135726 23756 145041
145041 23756 135726
54938 33045 50589
33045 50589 54938
50589 33045 54938
43294 111264 131439
111264 43294 131439
131439 43294 111264
28227 26794 141398
26794 28227 141398
141398 26794 28227
12904 5114 71395
5114 12904 71395
71395 5114 12904
114601 20463 103231
20463 103231 114601
103231 20463 114601
134058 46236 134304
46236 134058 134304
134304 46236 134058
115420 84209 140245
140245 84209 115420
84209 115420 140245
9703 99455 126332
99455 9703 126332
126332 9703 99455
39486 39898 116241
39898 39486 116241
116241 39486 39898
77745 27346 101899
27346 77745 101899
101899 27346 77745
112646 117239 147866
117239 112646 147866
147866 112646 117239
113743 34536 139085
34536 113743 139085
139085 34536 113743
27023 77052 105445
105445 27023 77052
77052 27023 105445
109401 48812 142384
142384 48812 109401
48812 109401 142384
128459 18292 121540
18292 121540 128459
121540 18292 128459
102658 51121 104834
104834 51121 102658
51121 102658 104834
48933 34569 41179
34569 41179 48933
41179 34569 48933
101058 75745 129145
129145 75745 101058
75745 101058 129145
107215 46590 143080
143080 46590 107215
46590 107215 143080
58425 80708 136313
80708 58425 136313
136313 58425 80708
137909 5138 106034
5138 106034 137909
106034 5138 137909
104157 45617 107038
107038 45617 104157
45617 104157 107038
114404 15943 107892
107892 15943 114404
15943 107892 114404
43645 23600 113148
113148 23600 43645
23600 43645 113148
103491 35355 148779
35355 103491 148779
148779 35355 103491
29167 12905 130614
130614 12905 29167
12905 29167 130614
148148 39346 137243
39346 137243 148148
137243 39346 148148
5793 15444 63839
15444 5793 63839
63839 5793 15444
123532 38225 140442
38225 123532 140442
140442 38225 123532
103152 102725 126196
126196 102725 103152
102725 103152 126196
34560 11668 15189
11668 15189 34560
15189 11668 34560
5943 61085 113537
113537 5943 61085
61085 5943 113537
25189 71089 89104
71089 25189 89104
89104 25189 71089
34160 66349 94051
94051 34160 66349
66349 34160 94051
74744 89437 128724
89437 74744 128724
128724 74744 89437
94581 12855 71277
12855 71277 94581
71277 12855 94581
11857 79322 109349
79322 11857 109349
109349 11857 79322
92327 20516 127449
20516 92327 127449
127449 20516 92327
138180 30187 98762
98762 30187 138180
30187 98762 138180
35449 8674 53510
53510 8674 35449
8674 35449 53510
24810 138364 145284
145284 24810 138364
138364 24810 145284
52728 11292 30901
11292 30901 52728
30901 11292 52728
75966 45262 145986
45262 75966 145986
145986 45262 75966
15125 5317 105572
5317 15125 105572
105572 5317 15125
33194 8316 22255
22255 8316 33194
8316 22255 33194
82552 75449 123263
75449 82552 123263
123263 75449 82552
123933 19064 135839
135839 19064 123933
19064 123933 135839
66154 19287 144843
144843 19287 66154
19287 66154 144843
67156 37758 55580
37758 55580 67156
55580 37758 67156
109876 8735 40403
8735 40403 109876
40403 8735 109876
115683 8738 12405
12405 8738 115683
8738 12405 115683
100349 1129 137871
137871 1129 100349
1129 100349 137871
26780 46176 55730
55730 26780 46176
46176 26780 55730
11303 123856 124302
123856 11303 124302
124302 11303 123856
41093 39577 85533
39577 41093 85533
85533 39577 41093
68087 20414 63030
63030 20414 68087
20414 63030 68087
133923 3523 50847
50847 3523 133923
3523 50847 133923
86826 76843 137438
137438 76843 86826
76843 86826 137438
119877 93430 130456
93430 119877 130456
130456 93430 119877
122387 19443 43765
43765 19443 122387
19443 43765 122387
148031 31412 105534
31412 105534 148031
105534 31412 148031
111005 53742 89794
53742 89794 111005
89794 53742 111005
128110 49764 70045
49764 70045 128110
70045 49764 128110
116312 37208 99179
99179 37208 116312
37208 99179 116312
74499 105676 107714
107714 74499 105676
105676 74499 107714
96020 127491 147356
147356 96020 127491
127491 96020 147356
50465 24197 68726
24197 50465 68726
68726 24197 50465
122991 103860 117316
117316 103860 122991
103860 117316 122991
10607 6120 94481
6120 10607 94481
94481 6120 10607
12620 47096 118561
118561 12620 47096
47096 12620 118561
139366 9338 78095
78095 9338 139366
9338 78095 139366
136919 21217 76923
21217 76923 136919
76923 21217 136919
40785 30243 42847
42847 30243 40785
30243 40785 42847
74179 60219 140587
60219 74179 140587
140587 60219 74179
135811 108031 120447
120447 108031 135811
108031 120447 135811
27498 129094 148524
129094 27498 148524
148524 27498 129094
18444 77340 124285
124285 18444 77340
77340 18444 124285
17410 69215 75411
69215 17410 75411
75411 17410 69215
41622 23190 40336
23190 40336 41622
40336 23190 41622
8306 19603 148960
19603 8306 148960
148960 8306 19603
60408 22463 129899
22463 60408 129899
129899 22463 60408
23379 63605 100075
100075 23379 63605
63605 23379 100075
122542 26368 79105
26368 79105 122542
79105 26368 122542
122794 41319 139618
139618 41319 122794
41319 122794 139618
45068 11409 104931
104931 11409 45068
11409 45068 104931
104231 24968 132045
132045 24968 104231
24968 104231 132045
139174 58448 106614
58448 106614 139174
106614 58448 139174
137209 97131 138648
138648 97131 137209
97131 137209 138648
101060 21384 54422
54422 21384 101060
21384 54422 101060
20274 28962 43065
28962 20274 43065
43065 20274 28962
45769 28123 69719
28123 45769 69719
69719 28123 45769
132953 97875 101573
97875 101573 132953
101573 97875 132953
112087 27165 97456
97456 27165 112087
27165 97456 112087
85468 4870 68589
68589 4870 85468
4870 68589 85468
39967 64901 95882
64901 39967 95882
95882 39967 64901
113297 39865 94923
39865 94923 113297
94923 39865 113297
116698 111306 125538
125538 111306 116698
111306 116698 125538
102063 45182 86745
45182 86745 102063
86745 45182 102063
48549 126138 128720
128720 48549 126138
126138 48549 128720
33412 77359 148917
148917 33412 77359
77359 33412 148917
13265 46564 117228
46564 13265 117228
117228 13265 46564
98993 88041 113513
88041 98993 113513
113513 88041 98993
113888 86591 137307
86591 113888 137307
137307 86591 113888
104394 51752 101406
51752 101406 104394
101406 51752 104394
132337 76606 116739
116739 76606 132337
76606 116739 132337
104352 21954 87477
21954 87477 104352
87477 21954 104352
84585 17952 136524
17952 84585 136524
136524 17952 84585
33233 5265 75416
5265 33233 75416
75416 5265 33233
122815 73871 132137
132137 73871 122815
73871 122815 132137
22221 36824 102156
36824 22221 102156
102156 22221 36824
80989 11747 29053
29053 11747 80989
11747 29053 80989
9444 54371 86484
86484 9444 54371
54371 9444 86484
29629 45794 74682
74682 29629 45794
45794 29629 74682
135056 32396 41811
41811 32396 135056
32396 41811 135056
91338 27439 93171
93171 27439 91338
27439 91338 93171
60220 29105 132565
29105 60220 132565
132565 29105 60220
126715 13728 107996
13728 107996 126715
107996 13728 126715
146365 13926 96609
96609 13926 146365
13926 96609 146365
132287 57520 99889
57520 99889 132287
99889 57520 132287
26052 62942 93023
62942 26052 93023
93023 26052 62942
29583 4701 104901
4701 29583 104901
104901 4701 29583
68379 59181 122605
59181 68379 122605
122605 59181 68379
137502 102775 105685
102775 105685 137502
105685 102775 137502
4241 45074 129508
45074 4241 129508
129508 4241 45074
64707 48918 81570
48918 64707 81570
81570 48918 64707
49025 17363 56578
56578 17363 49025
17363 49025 56578
78130 59351 75811
59351 75811 78130
75811 59351 78130
120320 25376 123606
123606 25376 120320
25376 120320 123606
11626 25355 122872
25355 11626 122872
122872 11626 25355
135227 24147 131059
24147 131059 135227
131059 24147 135227
41563 112259 143929
143929 41563 112259
112259 41563 143929
21895 26540 60961
26540 21895 60961
60961 21895 26540
54108 26680 88550
88550 26680 54108
26680 54108 88550
86315 73876 136193
136193 73876 86315
73876 86315 136193
132958 3498 115460
3498 115460 132958
115460 3498 132958
40574 100541 126533
126533 40574 100541
100541 40574 126533
131788 92811 142476
142476 92811 131788
92811 131788 142476
47433 7006 40978
40978 7006 47433
7006 40978 47433
63808 9585 20175
20175 9585 63808
9585 20175 63808
34660 34501 60987
34501 34660 60987
60987 34501 34660
87803 134884 136572
134884 87803 136572
136572 87803 134884
61526 25842 27283
25842 27283 61526
27283 25842 61526
16800 101229 102874
102874 16800 101229
101229 16800 102874
63754 14710 41779
14710 41779 63754
41779 14710 63754
90970 86244 126287
86244 90970 126287
126287 86244 90970
91006 61122 71483
71483 61122 91006
61122 71483 91006
64036 77098 108465
108465 64036 77098
77098 64036 108465
126521 15979 47676
47676 15979 126521
15979 47676 126521
45143 43200 46699
43200 45143 46699
46699 43200 45143
84234 3456 70192
70192 3456 84234
3456 70192 84234
63247 22834 145197
145197 22834 63247
22834 63247 145197
11753 103493 133666
133666 11753 103493
103493 11753 133666
28734 15276 59261
59261 15276 28734
15276 28734 59261
139905 100335 145610
100335 139905 145610
145610 100335 139905
111069 29977 98551
98551 29977 111069
29977 98551 111069
48075 21206 93054
93054 21206 48075
21206 48075 93054
116061 36826 86305
36826 86305 116061
86305 36826 116061
143033 74796 144493
144493 74796 143033
74796 143033 144493
98426 33361 100033
100033 33361 98426
33361 98426 100033
43787 16461 33550
16461 33550 43787
33550 16461 43787
51886 47977 117816
117816 47977 51886
47977 51886 117816
30095 110137 128233
110137 30095 128233
128233 30095 110137
62891 68878 135701
135701 62891 68878
68878 62891 135701
136072 65457 137329
137329 65457 136072
65457 136072 137329
85700 62993 67788
62993 67788 85700
67788 62993 85700
80142 98714 116262
116262 80142 98714
98714 80142 116262
15009 50078 121666
121666 15009 50078
50078 15009 121666
103715 23164 76436
23164 76436 103715
76436 23164 103715
26133 41280 121367
121367 26133 41280
41280 26133 121367
21510 70260 100029
100029 21510 70260
70260 21510 100029
55947 29206 137138
29206 55947 137138
137138 29206 55947
39797 2924 41558
41558 2924 39797
2924 39797 41558
147402 20326 119618
20326 119618 147402
119618 20326 147402
56409 29860 97416
97416 29860 56409
29860 56409 97416
110054 60696 95167
60696 95167 110054
95167 60696 110054
104541 43860 56768
43860 56768 104541
56768 43860 104541
5270 42202 120752
42202 5270 120752
120752 5270 42202
134915 64219 84613
84613 64219 134915
64219 84613 134915
74332 6810 116711
6810 74332 116711
116711 6810 74332
32788 112427 119090
112427 32788 119090
119090 32788 112427
75559 81629 130454
130454 75559 81629
81629 75559 130454
21920 45604 76472
45604 21920 76472
76472 21920 45604
143379 29585 45728
29585 45728 143379
45728 29585 143379
139956 46999 81539
81539 46999 139956
46999 81539 139956
69628 93570 97475
93570 69628 97475
97475 69628 93570
63714 67155 126299
126299 63714 67155
67155 63714 126299
17201 48382 49132
48382 17201 49132
49132 17201 48382
144164 39277 81578
39277 81578 144164
81578 39277 144164
8502 6466 126215
6466 8502 126215
126215 6466 8502
79196 117725 147166
117725 79196 147166
147166 79196 117725
62710 35547 46301
35547 46301 62710
46301 35547 62710
25914 7656 75555
7656 25914 75555
75555 7656 25914
17091 73226 128618
128618 17091 73226
73226 17091 128618
132853 120658 148846
120658 132853 148846
148846 120658 132853
106851 53859 100572
53859 100572 106851
100572 53859 106851
143701 11064 60701
11064 60701 143701
60701 11064 143701
95756 18416 56277
56277 18416 95756
18416 56277 95756
85869 41659 105364
41659 85869 105364
105364 41659 85869
17546 21584 112253
112253 17546 21584
21584 17546 112253
40845 37826 109975
109975 37826 40845
37826 40845 109975
82431 14793 80259
14793 80259 82431
80259 14793 82431
55285 2121 22468
2121 22468 55285
22468 2121 55285
128144 23483 63124
23483 63124 128144
63124 23483 128144
95128 54875 106642
54875 95128 106642
106642 54875 95128
91788 17240 114046
114046 17240 91788
17240 91788 114046
77360 98581 122874
122874 77360 98581
98581 77360 122874
128713 93124 146691
146691 93124 128713
93124 128713 146691
114849 95914 105287
105287 95914 114849
95914 105287 114849
84778 29144 71413
71413 29144 84778
29144 71413 84778
80690 79477 114478
114478 79477 80690
79477 80690 114478
