1048 1392 1456
1456 1048 1392
1392 1048 1456
1399 475 1276
1276 475 1399
475 1276 1399
374 843 922
922 374 843
843 374 922
1339 129 1020
1020 129 1339
129 1020 1339
1454 380 592
380 592 1454
592 380 1454
720 840 1321
840 720 1321
1321 720 840
208 186 1187
186 208 1187
1187 186 208
1003 662 825
662 825 1003
825 662 1003
74 199 670
670 74 199
199 74 670
1217 229 798
798 229 1217
229 798 1217
554 415 620
415 554 620
620 415 554
868 79 1451
79 868 1451
1451 79 868
909 300 1365
300 909 1365
1365 300 909
1128 364 845
845 364 1128
364 845 1128
1304 196 1081
196 1081 1304
1081 196 1304
800 548 1192
1192 548 800
548 800 1192
1458 1312 1416
1312 1416 1458
1416 1312 1458
1241 2 260
2 260 1241
260 2 1241
731 514 996
514 731 996
996 514 731
953 674 704
704 674 953
674 704 953
579 709 1044
709 579 1044
1044 579 709
76 167 1042
1042 76 167
167 76 1042
1170 772 780
780 772 1170
772 780 1170
418 68 484
68 418 484
484 68 418
1488 212 1154
1154 212 1488
212 1154 1488
636 101 524
524 101 636
101 524 636
1119 736 873
736 873 1119
873 736 1119
277 597 733
733 277 597
597 277 733
667 12 255
12 255 667
255 12 667
1017 708 725
725 708 1017
708 725 1017
986 179 650
179 650 986
650 179 986
1383 876 1272
1272 876 1383
876 1272 1383
6 827 902
827 6 902
902 6 827
1222 95 959
95 959 1222
959 95 1222
161 18 313
313 18 161
18 161 313
132 275 310
310 132 275
275 132 310
901 805 940
940 805 901
805 901 940
118 945 1375
1375 118 945
945 118 1375
584 8 1011
1011 8 584
8 584 1011
660 471 1265
471 660 1265
1265 471 660
523 762 1067
762 523 1067
1067 523 762
325 107 1498
107 325 1498
1498 107 325
1337 487 1029
487 1029 1337
1029 487 1337
569 1076 1460
1076 569 1460
1460 569 1076
1291 244 420
244 420 1291
420 244 1291
492 222 1266
1266 222 492
222 492 1266
54 16 1442
16 54 1442
1442 16 54
1211 151 1174
1174 151 1211
151 1174 1211
1404 437 1096
437 1096 1404
1096 437 1404
535 187 1065
1065 187 535
187 535 1065
504 109 436
109 436 504
436 109 504
1182 149 850
149 850 1182
850 149 1182
386 463 740
463 386 740
740 386 463
746 414 1063
1063 414 746
414 746 1063
304 133 1285
133 304 1285
1285 133 304
534 587 655
655 534 587
587 534 655
646 446 728
728 446 646
446 646 728
847 820 1004
820 847 1004
1004 820 847
324 337 936
936 324 337
337 324 936
1254 328 1239
328 1239 1254
1239 328 1254
606 483 687
483 606 687
687 483 606
29 344 1114
344 29 1114
1114 29 344
607 815 1083
815 607 1083
1083 607 815
861 147 1279
1279 147 861
147 861 1279
181 44 1311
44 181 1311
1311 44 181
1486 58 1332
1332 58 1486
58 1332 1486
872 234 553
234 553 872
553 234 872
543 55 461
461 55 543
55 461 543
637 410 1468
410 637 1468
1468 410 637
594 833 1251
1251 594 833
833 594 1251
1461 1185 1473
1185 1461 1473
1473 1185 1461
1166 457 1363
457 1166 1363
1363 457 1166
808 17 333
17 333 808
333 17 808
871 435 602
602 435 871
435 602 871
727 85 545
85 545 727
545 85 727
104 13 1224
13 104 1224
1224 13 104
302 526 603
526 302 603
603 302 526
24 448 706
706 24 448
448 24 706
571 91 1035
91 571 1035
1035 91 571
600 1202 1343
1343 600 1202
1202 600 1343
633 154 575
575 154 633
154 575 633
629 268 1277
1277 268 629
268 629 1277
430 23 1132
23 430 1132
1132 23 430
375 932 1352
932 375 1352
1352 375 932
860 180 1295
180 860 1295
1295 180 860
848 88 481
88 481 848
481 88 848
288 626 1374
626 288 1374
1374 288 626
495 789 1220
789 495 1220
1220 495 789
1302 591 722
722 591 1302
591 722 1302
559 297 963
297 559 963
963 297 559
1446 470 1287
470 1287 1446
1287 470 1446
973 771 1355
771 973 1355
1355 771 973
480 1221 1231
1231 480 1221
1221 480 1231
355 434 1255
1255 355 434
434 355 1255
1484 519 1057
1057 519 1484
519 1057 1484
468 473 739
739 468 473
473 468 739
56 393 1121
393 56 1121
1121 56 393
177 558 758
558 177 758
758 177 558
1368 52 1159
52 1159 1368
1159 52 1368
611 648 862
862 611 648
648 611 862
916 581 770
770 581 916
581 770 916
248 699 1108
1108 248 699
699 248 1108
413 965 999
965 413 999
999 413 965
1189 127 1084
127 1084 1189
1084 127 1189
846 700 1082
1082 700 846
700 846 1082
671 5 1336
1336 5 671
5 671 1336
1051 980 1369
980 1051 1369
1369 980 1051
1094 1023 1116
1023 1094 1116
1116 1023 1094
1130 26 1303
1303 26 1130
26 1130 1303
1389 327 1069
327 1069 1389
1069 327 1389
131 570 864
570 131 864
864 131 570
529 360 421
421 360 529
360 421 529
1138 191 224
224 191 1138
191 224 1138
1078 209 1212
209 1078 1212
1212 209 1078
981 639 676
639 676 981
676 639 981
287 1179 1196
1179 287 1196
1196 287 1179
9 60 1234
60 9 1234
1234 9 60
427 398 730
398 427 730
730 398 427
15 75 384
384 15 75
75 15 384
889 150 539
150 539 889
539 150 889
957 1240 1390
1390 957 1240
1240 957 1390
211 623 724
623 211 724
724 211 623
94 530 536
536 94 530
530 94 536
814 560 1290
560 814 1290
1290 560 814
1209 944 994
944 994 1209
994 944 1209
1061 135 714
135 714 1061
714 135 1061
1281 49 153
153 49 1281
49 153 1281
242 42 513
42 242 513
513 42 242
869 11 615
11 615 869
615 11 869
178 441 826
441 178 826
826 178 441
750 546 595
595 546 750
546 595 750
1438 70 334
334 70 1438
70 334 1438
705 86 977
977 86 705
86 705 977
1066 621 745
745 621 1066
621 745 1066
816 347 537
537 347 816
347 537 816
1176 103 206
103 206 1176
206 103 1176
192 934 1210
934 192 1210
1210 192 934
1385 503 1474
1474 503 1385
503 1385 1474
223 618 1110
1110 223 618
618 223 1110
1476 557 1432
557 1432 1476
1432 557 1476
978 694 1444
694 978 1444
1444 694 978
517 265 1422
1422 265 517
265 517 1422
357 392 613
392 357 613
613 357 392
544 272 1449
1449 272 544
272 544 1449
1163 106 236
106 236 1163
236 106 1163
158 943 1175
1175 158 943
943 158 1175
80 267 899
267 80 899
899 80 267
152 801 839
801 152 839
839 152 801
883 97 1127
97 883 1127
1127 97 883
195 252 552
552 195 252
252 195 552
278 664 1415
664 278 1415
1415 278 664
630 975 1090
975 630 1090
1090 630 975
494 509 796
796 494 509
509 494 796
311 22 1088
22 311 1088
1088 22 311
1497 442 809
809 442 1497
442 809 1497
1139 243 938
243 938 1139
938 243 1139
853 428 533
533 428 853
428 533 853
586 36 134
36 134 586
134 36 586
1298 1391 1440
1440 1298 1391
1391 1298 1440
987 567 1059
1059 567 987
567 987 1059
1478 30 1314
30 1314 1478
1314 30 1478
939 405 879
879 405 939
405 879 939
1218 460 1485
1485 460 1218
460 1218 1485
1282 28 972
28 972 1282
972 28 1282
1256 610 1358
1358 610 1256
610 1256 1358
761 645 1333
645 761 1333
1333 645 761
1426 338 937
338 937 1426
937 338 1426
239 1376 1424
1424 239 1376
1376 239 1424
489 126 1199
126 489 1199
1199 126 489
824 157 1408
157 824 1408
1408 157 824
1150 3 215
3 215 1150
215 3 1150
340 804 982
804 340 982
982 340 804
624 189 1423
1423 189 624
189 624 1423
779 859 988
859 779 988
988 779 859
1366 1232 1317
1317 1232 1366
1232 1317 1366
1475 447 783
783 447 1475
447 783 1475
1104 499 1036
1036 499 1104
499 1036 1104
1095 299 303
303 299 1095
299 303 1095
144 250 696
250 144 696
696 144 250
1028 580 693
580 693 1028
693 580 1028
1293 683 1494
683 1293 1494
1494 683 1293
891 562 1347
1347 562 891
562 891 1347
174 279 291
279 174 291
291 174 279
925 1120 1414
1414 925 1120
1120 925 1414
894 422 964
422 894 964
964 422 894
1324 141 640
141 640 1324
640 141 1324
403 294 1055
294 403 1055
1055 294 403
124 37 400
400 37 124
37 124 400
1236 1301 1364
1301 1236 1364
1364 1236 1301
98 78 1190
78 98 1190
1190 78 98
1262 834 1273
834 1262 1273
1273 834 1262
1058 462 1223
1223 462 1058
462 1058 1223
110 368 778
368 110 778
778 110 368
1085 20 1184
1184 20 1085
20 1085 1184
673 501 919
501 673 919
919 501 673
1171 449 1226
1226 449 1171
449 1171 1226
555 564 764
764 555 564
564 555 764
332 737 875
737 332 875
875 332 737
1117 1253 1294
1294 1117 1253
1253 1117 1294
108 921 1305
921 108 1305
1305 108 921
168 692 1378
1378 168 692
692 168 1378
1286 193 1097
1097 193 1286
193 1097 1286
1353 111 930
111 930 1353
930 111 1353
1230 19 48
19 48 1230
48 19 1230
677 726 1361
1361 677 726
726 677 1361
511 348 582
348 511 582
582 348 511
379 62 390
62 379 390
390 62 379
346 486 715
715 346 486
486 346 715
961 445 836
836 445 961
445 836 961
50 220 1193
1193 50 220
220 50 1193
926 240 387
387 240 926
240 387 926
1318 183 1351
183 1318 1351
1351 183 1318
1490 1077 1269
1269 1077 1490
1077 1269 1490
1214 450 962
962 450 1214
450 962 1214
1455 686 1001
686 1001 1455
1001 686 1455
32 908 1246
908 32 1246
1246 32 908
852 115 1173
1173 115 852
115 852 1173
657 493 527
527 493 657
493 527 657
482 140 1447
1447 140 482
140 482 1447
970 652 1180
652 970 1180
1180 652 970
117 684 831
831 117 684
684 117 831
1310 747 1216
1216 747 1310
747 1216 1310
166 1297 1434
1297 166 1434
1434 166 1297
1296 235 315
315 235 1296
235 315 1296
1371 599 882
599 882 1371
882 599 1371
1331 45 1330
1330 45 1331
45 1330 1331
1316 608 702
608 702 1316
702 608 1316
130 197 810
197 130 810
810 130 197
306 113 508
508 113 306
113 306 508
1496 343 695
695 343 1496
343 695 1496
551 1135 1157
1157 551 1135
1135 551 1157
170 381 1420
381 170 1420
1420 170 381
506 774 1259
1259 506 774
774 506 1259
1148 292 806
292 806 1148
806 292 1148
1465 1072 1340
1072 1340 1465
1340 1072 1465
453 231 1131
1131 231 453
231 453 1131
680 1215 1323
1215 680 1323
1323 680 1215
1142 928 1319
1319 928 1142
928 1142 1319
703 1191 1421
1191 703 1421
1421 703 1191
1013 522 1092
522 1013 1092
1092 522 1013
1162 931 1322
1322 931 1162
931 1162 1322
1308 568 905
568 905 1308
905 568 1308
82 614 1284
1284 82 614
614 82 1284
1328 1045 1225
1045 1225 1328
1225 1045 1328
249 668 866
866 249 668
668 249 866
1140 1025 1195
1025 1140 1195
1195 1025 1140
1008 1 877
1 877 1008
877 1 1008
1306 992 1019
1019 992 1306
992 1019 1306
681 190 316
190 316 681
316 190 681
561 550 1208
550 561 1208
1208 550 561
721 184 954
184 721 954
954 184 721
394 732 993
732 394 993
993 394 732
1260 682 1412
1412 682 1260
682 1260 1412
202 516 1133
1133 202 516
516 202 1133
505 1122 1377
1122 505 1377
1377 505 1122
120 307 1033
307 120 1033
1033 120 307
40 339 424
339 40 424
424 40 339
985 269 496
269 496 985
496 269 985
857 635 751
751 635 857
635 751 857
438 25 685
685 25 438
25 438 685
266 735 856
735 266 856
856 266 735
1299 818 881
818 881 1299
881 818 1299
752 729 1112
1112 729 752
729 752 1112
759 125 1418
125 759 1418
1418 125 759
451 349 822
349 451 822
822 349 451
1472 718 795
718 795 1472
795 718 1472
1482 21 205
21 205 1482
205 21 1482
1457 933 1359
933 1359 1457
1359 933 1457
83 951 1235
951 83 1235
1235 83 951
756 39 388
39 388 756
388 39 756
396 213 851
213 396 851
851 213 396
1481 593 1346
1346 593 1481
593 1346 1481
33 198 765
765 33 198
198 33 765
1405 782 786
782 786 1405
786 782 1405
617 1428 1436
1428 617 1436
1436 617 1428
383 601 1149
601 383 1149
1149 383 601
807 927 1186
1186 807 927
927 807 1186
1435 31 1197
31 1197 1435
1197 31 1435
142 874 1144
874 142 1144
1144 142 874
817 832 1068
832 817 1068
1068 817 832
896 182 886
182 886 896
886 182 896
1329 596 920
920 596 1329
596 920 1329
1089 477 1107
1107 477 1089
477 1089 1107
4 69 1445
69 4 1445
1445 4 69
616 540 967
967 540 616
540 616 967
1105 309 419
419 309 1105
309 419 1105
227 757 946
946 227 757
757 227 946
254 423 1151
1151 254 423
423 254 1151
1087 317 675
675 317 1087
317 675 1087
1204 903 1152
1152 903 1204
903 1152 1204
399 689 913
689 399 913
913 399 689
1005 66 1071
66 1005 1071
1071 66 1005
791 1271 1464
1464 791 1271
1271 791 1464
647 204 712
712 204 647
204 647 712
175 479 1049
1049 175 479
479 175 1049
644 979 1338
1338 644 979
979 644 1338
295 716 888
888 295 716
716 295 888
784 941 1326
941 784 1326
1326 784 941
1053 329 331
331 329 1053
329 331 1053
61 145 1396
1396 61 145
145 61 1396
1086 404 576
404 576 1086
576 404 1086
1257 363 1183
363 1183 1257
1183 363 1257
271 998 1075
1075 271 998
998 271 1075
867 1161 1410
1410 867 1161
1161 867 1410
1242 753 768
753 768 1242
768 753 1242
373 989 1021
989 373 1021
1021 373 989
1325 865 892
892 865 1325
865 892 1325
159 488 565
488 159 565
565 159 488
408 194 1356
194 408 1356
1356 194 408
1411 1403 1452
1403 1411 1452
1452 1403 1411
1219 763 895
763 895 1219
895 763 1219
631 225 1237
225 631 1237
1237 225 631
880 139 844
844 139 880
139 844 880
498 803 974
803 498 974
974 498 803
828 1099 1113
1099 828 1113
1113 828 1099
485 146 1145
1145 146 485
146 485 1145
1000 830 1103
830 1000 1103
1103 830 1000
1056 510 802
510 802 1056
802 510 1056
1229 148 1146
1146 148 1229
148 1146 1229
474 10 73
10 73 474
73 10 474
81 452 1479
1479 81 452
452 81 1479
65 604 1357
1357 65 604
604 65 1357
1419 788 1430
788 1419 1430
1430 788 1419
188 228 572
228 188 572
572 188 228
719 114 528
528 114 719
114 528 719
1024 353 478
353 478 1024
478 353 1024
1181 766 1164
1164 766 1181
766 1164 1181
744 138 1381
138 744 1381
1381 138 744
1038 948 1437
1437 948 1038
948 1038 1437
627 200 296
200 296 627
296 200 627
577 253 518
253 518 577
518 253 577
237 653 1401
653 237 1401
1401 237 653
787 878 1156
1156 787 878
878 787 1156
128 491 1111
491 128 1111
1111 128 491
1394 14 1480
14 1394 1480
1480 14 1394
1102 1091 1397
1397 1091 1102
1091 1102 1397
669 391 841
841 391 669
391 669 841
1443 221 659
221 659 1443
659 221 1443
432 416 711
416 432 711
711 416 432
341 829 924
829 341 924
924 341 829
578 407 707
707 407 578
407 578 707
1342 589 622
622 589 1342
589 622 1342
1030 734 1350
734 1030 1350
1350 734 1030
1335 64 1499
1499 64 1335
64 1335 1499
1386 907 942
942 907 1386
907 942 1386
1126 173 1007
1007 173 1126
173 1007 1126
773 755 1372
1372 755 773
755 773 1372
835 77 794
77 794 835
794 77 835
1354 563 1489
563 1354 1489
1489 563 1354
63 342 984
342 63 984
984 63 342
1125 521 1015
1015 521 1125
521 1015 1125
900 143 897
897 143 900
143 897 900
362 389 440
440 362 389
389 362 440
1289 643 1124
1124 643 1289
643 1124 1289
1267 371 1022
371 1022 1267
1022 371 1267
431 969 1320
969 431 1320
1320 431 969
863 165 1143
165 863 1143
1143 165 863
918 995 1238
995 918 1238
1238 918 995
1252 218 785
785 218 1252
218 785 1252
749 257 812
812 257 749
257 749 812
915 532 1037
532 915 1037
1037 532 915
1429 1115 1495
1495 1115 1429
1115 1429 1495
1307 282 638
638 282 1307
282 638 1307
1425 1169 1283
1169 1283 1425
1283 1169 1425
688 777 1207
777 688 1207
1207 688 777
1064 219 490
490 219 1064
219 490 1064
813 51 1492
51 813 1492
1492 51 813
232 651 1188
1188 232 651
651 232 1188
842 261 290
290 261 842
261 290 842
641 385 697
697 385 641
385 641 697
1050 1165 1247
1165 1050 1247
1247 1050 1165
27 1034 1167
1034 27 1167
1167 27 1034
230 210 797
797 210 230
210 230 797
1074 330 792
792 330 1074
330 792 1074
1109 301 678
301 678 1109
678 301 1109
1315 38 122
38 122 1315
122 38 1315
57 119 1313
119 57 1313
1313 57 119
397 96 1249
1249 96 397
96 397 1249
1413 649 672
672 649 1413
649 672 1413
283 92 164
92 164 283
164 92 283
1334 1009 1098
1009 1098 1334
1098 1009 1334
1155 542 1309
1309 542 1155
542 1155 1309
890 811 971
811 890 971
971 811 890
41 411 956
956 41 411
411 41 956
1201 323 1243
1243 323 1201
323 1201 1243
472 906 1360
1360 472 906
906 472 1360
1406 821 887
821 887 1406
887 821 1406
259 698 1258
698 259 1258
1258 259 698
1278 849 955
849 955 1278
955 849 1278
1263 911 1441
911 1263 1441
1441 911 1263
679 997 1118
1118 679 997
997 679 1118
217 769 1245
769 217 1245
1245 217 769
1032 350 1327
350 1032 1327
1327 350 1032
1270 203 425
425 203 1270
203 425 1270
1439 293 319
319 293 1439
293 319 1439
609 661 823
823 609 661
661 609 823
893 102 547
102 547 893
547 102 893
583 433 1206
433 583 1206
1206 433 583
1250 458 1491
1491 458 1250
458 1250 1491
1213 666 710
710 666 1213
666 710 1213
274 1016 1060
1060 274 1016
1016 274 1060
1227 105 370
370 105 1227
105 370 1227
590 790 950
950 590 790
790 590 950
456 314 754
314 456 754
754 314 456
1200 799 1062
1062 799 1200
799 1062 1200
162 401 525
401 162 525
525 162 401
819 318 321
318 321 819
321 318 819
949 336 1407
336 949 1407
1407 336 949
742 246 701
246 701 742
701 246 742
1264 335 1384
1384 335 1264
335 1264 1384
1198 1047 1292
1292 1047 1198
1047 1198 1292
444 1010 1466
1010 444 1466
1466 444 1010
367 748 1462
748 367 1462
1462 367 748
654 123 214
123 214 654
214 123 654
1448 947 983
947 983 1448
983 947 1448
912 1006 1136
1006 912 1136
1136 912 1006
929 172 1129
172 929 1129
1129 172 929
855 273 854
273 854 855
854 273 855
1471 351 361
351 361 1471
361 351 1471
59 233 837
837 59 233
233 59 837
238 280 507
280 238 507
507 238 280
417 207 241
207 241 417
241 207 417
89 354 1002
1002 89 354
354 89 1002
1205 991 1402
1402 991 1205
991 1205 1402
743 612 1388
612 743 1388
1388 612 743
155 1233 1300
1233 155 1300
1300 155 1233
1194 46 628
46 628 1194
628 46 1194
251 226 359
359 226 251
226 251 359
1043 53 884
53 884 1043
884 53 1043
352 1101 1433
1433 352 1101
1101 352 1433
466 775 1348
1348 466 775
775 466 1348
409 885 1493
1493 409 885
885 409 1493
1052 549 585
549 585 1052
585 549 1052
1261 326 960
326 960 1261
960 326 1261
1158 464 515
464 515 1158
515 464 1158
395 47 1487
47 395 1487
1487 47 395
276 35 216
216 35 276
35 216 276
1379 160 270
160 270 1379
270 160 1379
656 305 1123
1123 305 656
305 656 1123
467 185 264
264 185 467
185 264 467
443 497 1362
497 443 1362
1362 443 497
1288 286 690
286 690 1288
690 286 1288
308 281 1018
1018 281 308
281 308 1018
573 935 952
935 573 952
952 573 935
1387 520 958
520 958 1387
958 520 1387
312 634 1014
1014 312 634
634 312 1014
1093 910 1345
1345 910 1093
910 1093 1345
968 116 465
116 465 968
465 116 968
1248 1100 1172
1100 1172 1248
1172 1100 1248
1203 201 469
469 201 1203
201 469 1203
738 1073 1349
1349 738 1073
1073 738 1349
156 84 1500
1500 84 156
84 156 1500
838 904 1012
1012 838 904
904 838 1012
298 459 1039
1039 298 459
459 298 1039
1409 121 322
121 322 1409
322 121 1409
284 412 1274
412 284 1274
1274 284 412
717 72 365
72 365 717
365 72 717
1470 538 1160
1160 538 1470
538 1160 1470
378 87 605
605 87 378
87 378 605
455 691 1459
691 455 1459
1459 455 691
512 285 1341
285 512 1341
1341 285 512
256 502 1275
1275 256 502
502 256 1275
1367 426 1483
426 1367 1483
1483 426 1367
1477 377 1382
1382 377 1477
377 1382 1477
43 793 1398
793 43 1398
1398 43 793
382 90 713
90 382 713
713 90 382
366 429 625
625 366 429
429 366 625
663 898 1153
1153 663 898
898 663 1153
245 356 556
356 245 556
556 245 356
1344 665 767
665 767 1344
767 665 1344
7 67 71
71 7 67
67 7 71
1141 137 642
137 642 1141
642 137 1141
289 345 454
345 289 454
454 289 345
93 598 1431
1431 93 598
598 93 1431
100 358 1040
1040 100 358
358 100 1040
541 1395 1417
1395 541 1417
1417 541 1395
1453 34 923
923 34 1453
34 923 1453
966 372 476
372 476 966
476 372 966
247 1046 1244
1244 247 1046
1046 247 1244
1027 258 1280
258 1027 1280
1280 258 1027
1380 169 917
917 169 1380
169 917 1380
1041 531 1370
531 1041 1370
1370 531 1041
1070 171 588
171 588 1070
588 171 1070
760 632 1463
632 760 1463
1463 632 760
176 99 870
99 176 870
870 99 176
1106 1031 1450
1450 1031 1106
1031 1106 1450
1469 619 914
619 914 1469
914 619 1469
1228 369 376
376 369 1228
369 376 1228
723 406 1178
1178 406 723
406 723 1178
1147 263 1268
263 1147 1268
1268 263 1147
566 574 976
976 566 574
574 566 976
776 1079 1137
1137 776 1079
1079 776 1137
402 320 741
320 402 741
741 320 402
781 1177 1393
1393 781 1177
1177 781 1393
1400 1026 1168
1026 1168 1400
1168 1026 1400
1427 136 990
990 136 1427
136 990 1427
1080 112 858
858 112 1080
112 858 1080
163 1134 1373
1134 163 1373
1373 163 1134
439 262 1467
1467 262 439
262 439 1467
500 658 1054
658 500 1054
1054 500 658
