11669 8625 11229
8625 11229 11669
11229 8625 11669
4462 22 2371
2371 22 4462
22 2371 4462
742 1012 10087
1012 742 10087
10087 742 1012
8532 3420 14418
3420 8532 14418
14418 3420 8532
3660 9203 10422
10422 3660 9203
9203 3660 10422
6035 1298 13137
1298 6035 13137
13137 1298 6035
9985 10623 12595
10623 9985 12595
12595 9985 10623
5528 1449 1839
1839 1449 5528
1449 1839 5528
5163 2101 14989
14989 2101 5163
2101 5163 14989
10252 9835 13372
13372 9835 10252
9835 10252 13372
11562 5940 14951
14951 5940 11562
5940 11562 14951
13816 4652 10799
10799 4652 13816
4652 10799 13816
1398 8867 11844
8867 1398 11844
11844 1398 8867
1686 1893 11748
11748 1686 1893
1893 1686 11748
6783 11406 14086
11406 6783 14086
14086 6783 11406
3257 7761 9165
9165 3257 7761
7761 3257 9165
5303 9405 14394
9405 5303 14394
14394 5303 9405
4010 3456 11823
11823 3456 4010
3456 4010 11823
14769 2175 13575
13575 2175 14769
2175 13575 14769
10163 159 13991
13991 159 10163
159 10163 13991
782 10670 13803
13803 782 10670
10670 782 13803
11380 9654 13352
13352 9654 11380
9654 11380 13352
14981 8233 9568
9568 8233 14981
8233 9568 14981
13242 472 11621
11621 472 13242
472 11621 13242
10212 4923 6800
4923 6800 10212
6800 4923 10212
14846 1859 3767
3767 1859 14846
1859 3767 14846
9131 5658 5951
5658 5951 9131
5951 5658 9131
11502 4876 5877
5877 4876 11502
4876 5877 11502
2658 172 14260
14260 172 2658
172 2658 14260
9566 3740 13747
3740 9566 13747
13747 3740 9566
6694 7436 10554
7436 6694 10554
10554 6694 7436
4706 2466 5644
5644 2466 4706
2466 4706 5644
10198 1519 11225
11225 1519 10198
1519 10198 11225
6842 571 11340
571 6842 11340
11340 571 6842
1347 13115 13626
13115 1347 13626
13626 1347 13115
6321 6190 7108
7108 6190 6321
6190 6321 7108
9700 2111 2571
2571 2111 9700
2111 2571 9700
3470 11709 13131
11709 3470 13131
13131 3470 11709
6862 11393 14830
11393 6862 14830
14830 6862 11393
7160 9024 10499
9024 7160 10499
10499 7160 9024
517 2456 14197
14197 517 2456
2456 517 14197
5760 5555 8454
5555 5760 8454
8454 5555 5760
12498 5436 14459
5436 12498 14459
14459 5436 12498
732 9047 9995
9047 732 9995
9995 732 9047
4154 11184 12312
12312 4154 11184
11184 4154 12312
13324 6405 10780
6405 10780 13324
10780 6405 13324
4327 2608 6726
6726 2608 4327
2608 4327 6726
2730 5078 11232
11232 2730 5078
5078 2730 11232
6549 9711 11704
9711 6549 11704
11704 6549 9711
8352 1973 11985
11985 1973 8352
1973 8352 11985
10950 10658 13155
13155 10658 10950
10658 10950 13155
3844 859 4284
859 3844 4284
4284 859 3844
3585 126 11569
11569 126 3585
126 3585 11569
14827 5976 10740
10740 5976 14827
5976 10740 14827
971 1728 14964
1728 971 14964
14964 971 1728
14896 1959 13588
1959 13588 14896
13588 1959 14896
13944 1548 6017
6017 1548 13944
1548 6017 13944
12017 437 10865
10865 437 12017
437 10865 12017
1457 12133 13351
12133 1457 13351
13351 1457 12133
2115 7344 7491
7344 2115 7491
7491 2115 7344
12981 1507 14954
1507 12981 14954
14954 1507 12981
3187 10653 11614
11614 3187 10653
10653 3187 11614
3489 9171 14012
9171 3489 14012
14012 3489 9171
4821 3738 12407
12407 3738 4821
3738 4821 12407
4105 360 1172
360 1172 4105
1172 360 4105
3997 1647 10661
1647 3997 10661
10661 1647 3997
10718 4179 12539
12539 4179 10718
4179 10718 12539
12101 7299 10081
10081 7299 12101
7299 10081 12101
13454 8476 10759
8476 10759 13454
10759 8476 13454
3112 1135 6462
1135 3112 6462
6462 1135 3112
578 4442 6315
6315 578 4442
4442 578 6315
2534 4474 4726
4474 2534 4726
4726 2534 4474
4968 7243 8905
8905 4968 7243
7243 4968 8905
814 6131 9614
6131 814 9614
9614 814 6131
5879 2712 11806
11806 2712 5879
2712 5879 11806
7832 4613 6606
4613 6606 7832
6606 4613 7832
6314 9236 14684
9236 6314 14684
14684 6314 9236
6718 285 7926
7926 285 6718
285 6718 7926
12049 2940 10250
10250 2940 12049
2940 10250 12049
6042 2596 12923
12923 2596 6042
2596 6042 12923
6357 3747 5333
5333 3747 6357
3747 5333 6357
8017 3160 12106
3160 8017 12106
12106 3160 8017
6486 1287 2084
2084 1287 6486
1287 2084 6486
2747 3986 11072
3986 2747 11072
11072 2747 3986
4 6295 6593
6295 4 6593
6593 4 6295
8457 1978 13918
1978 8457 13918
13918 1978 8457
8133 485 12624
485 8133 12624
12624 485 8133
1615 7615 14262
14262 1615 7615
7615 1615 14262
10758 939 4411
4411 939 10758
939 4411 10758
5495 1622 9527
9527 1622 5495
1622 5495 9527
29 6393 8698
8698 29 6393
6393 29 8698
10626 2625 8274
2625 8274 10626
8274 2625 10626
11138 771 2018
771 2018 11138
2018 771 11138
2166 7118 13974
7118 2166 13974
13974 2166 7118
2968 7173 7410
7410 2968 7173
7173 2968 7410
12688 3385 4941
4941 3385 12688
3385 4941 12688
2063 160 11376
11376 160 2063
160 2063 11376
3908 2584 6784
6784 2584 3908
2584 3908 6784
3304 2315 8104
8104 2315 3304
2315 3304 8104
3176 9689 11554
11554 3176 9689
9689 3176 11554
4860 12464 13270
12464 4860 13270
13270 4860 12464
14190 2078 4794
4794 2078 14190
2078 4794 14190
5310 176 1469
1469 176 5310
176 1469 5310
6781 10500 11830
10500 6781 11830
11830 6781 10500
12680 1666 8219
1666 8219 12680
8219 1666 12680
13714 147 824
147 824 13714
824 147 13714
13484 9378 11611
11611 9378 13484
9378 11611 13484
1144 1416 8354
1416 1144 8354
8354 1144 1416
11655 1372 14698
14698 1372 11655
1372 11655 14698
12342 2460 7075
7075 2460 12342
2460 7075 12342
8999 936 8565
8565 936 8999
936 8565 8999
14645 2274 4063
2274 4063 14645
4063 2274 14645
11283 2093 2400
2093 2400 11283
2400 2093 11283
14635 2629 9501
2629 9501 14635
9501 2629 14635
14038 51 5770
5770 51 14038
51 5770 14038
3359 314 6028
6028 314 3359
314 3359 6028
13867 2556 13805
13805 2556 13867
2556 13805 13867
10426 5199 13080
5199 10426 13080
13080 5199 10426
8828 1419 14941
14941 1419 8828
1419 8828 14941
6793 1898 6424
6424 1898 6793
1898 6424 6793
4072 1838 14329
1838 4072 14329
14329 1838 4072
220 941 11721
941 220 11721
11721 220 941
14699 3669 4495
4495 3669 14699
3669 4495 14699
2930 2407 7096
7096 2407 2930
2407 2930 7096
6663 9789 11116
11116 6663 9789
9789 6663 11116
11512 3781 3797
3781 3797 11512
3797 3781 11512
10 4315 14809
14809 10 4315
4315 10 14809
13472 3535 12582
3535 12582 13472
12582 3535 13472
11934 10854 12319
10854 11934 12319
12319 10854 11934
9122 9934 14029
14029 9122 9934
9934 9122 14029
4260 896 2677
896 2677 4260
2677 896 4260
12169 7270 8482
7270 8482 12169
8482 7270 12169
9816 12510 13578
13578 9816 12510
12510 9816 13578
10889 11894 12740
11894 10889 12740
12740 10889 11894
6557 1916 2595
1916 2595 6557
2595 1916 6557
4887 268 659
268 659 4887
659 268 4887
7593 4032 10960
10960 4032 7593
4032 7593 10960
1604 4897 10056
4897 1604 10056
10056 1604 4897
9730 10041 13333
10041 9730 13333
13333 9730 10041
10778 2993 11730
11730 2993 10778
2993 10778 11730
5301 1559 8807
8807 1559 5301
1559 5301 8807
11668 2342 6505
2342 6505 11668
6505 2342 11668
14797 393 8733
393 8733 14797
8733 393 14797
185 4691 5142
5142 185 4691
4691 185 5142
5629 9372 11013
11013 5629 9372
9372 5629 11013
12569 7334 12573
12573 7334 12569
7334 12569 12573
14023 798 1318
798 1318 14023
1318 798 14023
3427 4215 5676
4215 3427 5676
5676 3427 4215
7480 2879 6854
6854 2879 7480
2879 6854 7480
7429 2243 12182
2243 7429 12182
12182 2243 7429
12685 2256 7128
7128 2256 12685
2256 7128 12685
10992 8210 9838
8210 9838 10992
9838 8210 10992
8534 2070 7420
7420 2070 8534
2070 7420 8534
2918 7251 11532
11532 2918 7251
7251 2918 11532
2670 4560 6279
6279 2670 4560
4560 2670 6279
14968 993 7966
7966 993 14968
993 7966 14968
695 318 9772
318 695 9772
9772 318 695
4009 7882 10931
7882 4009 10931
10931 4009 7882
8440 2802 10123
2802 8440 10123
10123 2802 8440
7268 10433 14621
14621 7268 10433
10433 7268 14621
10678 3622 5972
5972 3622 10678
3622 5972 10678
8607 5194 10583
5194 8607 10583
10583 5194 8607
11583 5914 9306
9306 5914 11583
5914 9306 11583
4883 4686 5210
4686 4883 5210
5210 4686 4883
13924 2181 7224
2181 7224 13924
7224 2181 13924
9084 7632 12859
12859 7632 9084
7632 9084 12859
11759 7228 10622
7228 10622 11759
10622 7228 11759
5448 9251 10577
10577 5448 9251
9251 5448 10577
8386 697 8020
8020 697 8386
697 8020 8386
6921 132 1413
132 1413 6921
1413 132 6921
11577 2046 5344
2046 5344 11577
5344 2046 11577
3066 3367 4093
4093 3066 3367
3367 3066 4093
8745 8138 8880
8138 8745 8880
8880 8138 8745
2686 5468 6788
5468 2686 6788
6788 2686 5468
10801 3872 8595
8595 3872 10801
3872 8595 10801
4178 4398 8242
8242 4178 4398
4398 4178 8242
802 7437 14499
7437 802 14499
14499 802 7437
6519 6461 8186
8186 6461 6519
6461 6519 8186
1385 1272 2055
1272 1385 2055
2055 1272 1385
8184 2031 12982
2031 8184 12982
12982 2031 8184
1689 6251 14475
14475 1689 6251
6251 1689 14475
4100 398 6216
398 4100 6216
6216 398 4100
730 8591 13786
8591 730 13786
13786 730 8591
2722 8882 12811
8882 2722 12811
12811 2722 8882
4064 2180 6441
6441 2180 4064
2180 4064 6441
13704 9411 10117
9411 10117 13704
10117 9411 13704
6662 9679 14072
14072 6662 9679
9679 6662 14072
11186 3710 9856
3710 9856 11186
9856 3710 11186
7082 3108 7738
3108 7082 7738
7738 3108 7082
9947 4248 7557
7557 4248 9947
4248 7557 9947
7193 436 14718
14718 436 7193
436 7193 14718
1243 87 14087
87 1243 14087
14087 87 1243
9751 5685 12629
12629 5685 9751
5685 9751 12629
12142 2719 13481
13481 2719 12142
2719 12142 13481
4568 5707 10005
5707 4568 10005
10005 4568 5707
1253 1847 6290
6290 1253 1847
1847 1253 6290
2252 14379 14675
14675 2252 14379
14379 2252 14675
5392 7688 10817
10817 5392 7688
7688 5392 10817
7379 3075 13458
13458 3075 7379
3075 7379 13458
5896 6067 10879
6067 5896 10879
10879 5896 6067
13977 8918 9750
9750 8918 13977
8918 9750 13977
10617 2956 10135
2956 10135 10617
10135 2956 10617
6645 9734 14823
9734 6645 14823
14823 6645 9734
12553 6891 9873
6891 9873 12553
9873 6891 12553
4630 5627 13901
13901 4630 5627
5627 4630 13901
9618 3714 10755
10755 3714 9618
3714 9618 10755
6799 7907 13976
7907 6799 13976
13976 6799 7907
14240 3346 9960
3346 9960 14240
9960 3346 14240
12123 910 4085
4085 910 12123
910 4085 12123
7448 1348 14294
14294 1348 7448
1348 7448 14294
13638 679 14272
679 13638 14272
14272 679 13638
12695 9475 12090
12090 9475 12695
9475 12090 12695
107 3406 14583
14583 107 3406
3406 107 14583
14070 4859 10090
4859 10090 14070
10090 4859 14070
11788 3062 9828
9828 3062 11788
3062 9828 11788
13064 1862 2697
2697 1862 13064
1862 2697 13064
13500 1640 11800
11800 1640 13500
1640 11800 13500
9641 1390 5794
5794 1390 9641
1390 5794 9641
5850 1951 7008
1951 5850 7008
7008 1951 5850
10683 3862 5326
5326 3862 10683
3862 5326 10683
14866 3590 13200
13200 3590 14866
3590 13200 14866
7727 4725 12588
4725 7727 12588
12588 4725 7727
10147 2731 9726
9726 2731 10147
2731 9726 10147
13194 6382 8735
8735 6382 13194
6382 8735 13194
6262 5978 12002
12002 5978 6262
5978 6262 12002
204 348 10640
348 204 10640
10640 204 348
10332 2676 14990
14990 2676 10332
2676 10332 14990
6093 3859 9380
9380 3859 6093
3859 6093 9380
14852 989 3484
989 3484 14852
3484 989 14852
2205 5797 10752
5797 2205 10752
10752 2205 5797
7196 2633 7009
7009 2633 7196
2633 7009 7196
10959 2014 8014
2014 8014 10959
8014 2014 10959
4148 6173 8724
6173 4148 8724
8724 4148 6173
3751 109 10057
109 3751 10057
10057 109 3751
5988 1317 10912
10912 1317 5988
1317 5988 10912
6411 446 7836
446 6411 7836
7836 446 6411
6291 10686 14386
10686 6291 14386
14386 6291 10686
14151 11037 11385
11037 11385 14151
11385 11037 14151
5270 8790 10650
10650 5270 8790
8790 5270 10650
911 3301 10671
10671 911 3301
3301 911 10671
462 2602 14245
2602 462 14245
14245 462 2602
14587 12406 13081
13081 12406 14587
12406 13081 14587
1953 8896 13496
8896 1953 13496
13496 1953 8896
3061 5101 10259
10259 3061 5101
5101 3061 10259
2973 5885 7616
5885 2973 7616
7616 2973 5885
4057 7764 10941
10941 4057 7764
7764 4057 10941
11162 9043 13189
13189 9043 11162
9043 11162 13189
11986 3842 10753
10753 3842 11986
3842 10753 11986
3614 6963 7384
6963 3614 7384
7384 3614 6963
1602 5484 9492
5484 1602 9492
9492 1602 5484
1086 1448 9498
1448 1086 9498
9498 1086 1448
4803 2535 2642
2642 2535 4803
2535 2642 4803
13597 5249 6556
6556 5249 13597
5249 6556 13597
7400 9822 11896
9822 7400 11896
11896 7400 9822
10279 2319 7650
7650 2319 10279
2319 7650 10279
10996 7500 9088
9088 7500 10996
7500 9088 10996
1219 4687 11176
4687 1219 11176
11176 1219 4687
12670 7050 11647
11647 7050 12670
7050 11647 12670
4773 3850 13811
13811 3850 4773
3850 4773 13811
6044 1494 7204
7204 1494 6044
1494 6044 7204
683 787 893
893 683 787
787 683 893
5086 6983 8265
6983 5086 8265
8265 5086 6983
5764 425 5515
425 5515 5764
5515 425 5764
5497 11415 11984
11415 5497 11984
11984 5497 11415
4739 6134 14963
6134 4739 14963
14963 4739 6134
3115 3785 12093
12093 3115 3785
3785 3115 12093
15 3756 7736
7736 15 3756
3756 15 7736
12669 69 10092
10092 69 12669
69 10092 12669
4681 4471 8507
8507 4471 4681
4471 4681 8507
11298 9866 9893
9866 9893 11298
9893 9866 11298
4584 1132 11607
1132 4584 11607
11607 1132 4584
9906 32 8722
32 8722 9906
8722 32 9906
14049 2521 6429
2521 6429 14049
6429 2521 14049
2387 6061 7779
7779 2387 6061
6061 2387 7779
2032 11546 12805
11546 2032 12805
12805 2032 11546
4273 2421 12282
2421 4273 12282
12282 2421 4273
776 6151 9214
9214 776 6151
6151 776 9214
6003 11011 14482
11011 6003 14482
14482 6003 11011
2340 3498 9239
9239 2340 3498
3498 2340 9239
5985 3779 7783
3779 5985 7783
7783 3779 5985
8860 3744 11143
3744 8860 11143
11143 3744 8860
7464 6931 7422
6931 7422 7464
7422 6931 7464
10008 4844 10636
4844 10008 10636
10636 4844 10008
9031 12625 13199
13199 9031 12625
12625 9031 13199
8302 1540 6100
6100 1540 8302
1540 6100 8302
13979 5699 12153
12153 5699 13979
5699 12153 13979
8044 1110 6671
1110 6671 8044
6671 1110 8044
6989 4352 13103
13103 4352 6989
4352 6989 13103
6167 650 3013
3013 650 6167
650 3013 6167
5261 2454 11113
2454 5261 11113
11113 2454 5261
8702 2261 5048
5048 2261 8702
2261 5048 8702
6915 130 11698
11698 130 6915
130 6915 11698
8109 168 1027
168 1027 8109
1027 168 8109
1904 3899 10012
3899 1904 10012
10012 1904 3899
12757 12466 14179
14179 12466 12757
12466 12757 14179
13198 876 9517
9517 876 13198
876 9517 13198
1436 3011 8078
8078 1436 3011
3011 1436 8078
4198 624 6036
6036 624 4198
624 4198 6036
12782 1972 7576
1972 7576 12782
7576 1972 12782
2195 600 3703
3703 600 2195
600 2195 3703
9049 5930 12736
12736 5930 9049
5930 9049 12736
12891 2505 4571
2505 4571 12891
4571 2505 12891
5942 3841 14374
14374 3841 5942
3841 5942 14374
2519 11070 12800
12800 2519 11070
11070 2519 12800
4110 2783 12309
12309 2783 4110
2783 4110 12309
11157 4287 13864
13864 4287 11157
4287 11157 13864
6107 5945 12911
5945 6107 12911
12911 5945 6107
4888 9352 10918
10918 4888 9352
9352 4888 10918
5193 1357 1397
1357 1397 5193
1397 1357 5193
8316 3683 13227
3683 8316 13227
13227 3683 8316
1085 11227 14116
11227 1085 14116
14116 1085 11227
1612 5080 13516
13516 1612 5080
5080 1612 13516
5217 4290 9392
9392 4290 5217
4290 5217 9392
4048 5313 10273
5313 4048 10273
10273 4048 5313
8687 930 5030
5030 930 8687
930 5030 8687
1974 3944 10612
3944 1974 10612
10612 1974 3944
4592 6822 9514
6822 4592 9514
9514 4592 6822
13984 8471 10763
10763 8471 13984
8471 10763 13984
2746 7016 8715
7016 2746 8715
8715 2746 7016
6098 8609 8700
8609 6098 8700
8700 6098 8609
6084 9917 11366
9917 6084 11366
11366 6084 9917
9722 2946 4520
2946 4520 9722
4520 2946 9722
8951 3928 7550
3928 7550 8951
7550 3928 8951
5569 7918 13959
13959 5569 7918
7918 5569 13959
464 924 4799
4799 464 924
924 464 4799
7894 4076 8480
8480 4076 7894
4076 7894 8480
833 810 3734
810 833 3734
3734 810 833
2322 103 14177
103 2322 14177
14177 103 2322
1619 11835 14373
11835 1619 14373
14373 1619 11835
11431 417 5993
5993 417 11431
417 5993 11431
10581 9770 12532
12532 9770 10581
9770 10581 12532
11284 4086 8384
8384 4086 11284
4086 8384 11284
13054 1430 7976
1430 7976 13054
7976 1430 13054
13951 2852 5980
2852 5980 13951
5980 2852 13951
448 7963 14532
7963 448 14532
14532 448 7963
11918 2681 5328
5328 2681 11918
2681 5328 11918
2009 1860 7051
1860 2009 7051
7051 1860 2009
12251 5208 7404
7404 5208 12251
5208 7404 12251
3626 5395 11634
11634 3626 5395
5395 3626 11634
12744 3149 8578
3149 8578 12744
8578 3149 12744
4222 8689 10016
8689 4222 10016
10016 4222 8689
3959 3722 4838
4838 3722 3959
3722 3959 4838
12202 3182 9445
9445 3182 12202
3182 9445 12202
12425 14484 14983
14983 12425 14484
14484 12425 14983
9400 5380 13702
5380 9400 13702
13702 5380 9400
1799 4575 14488
4575 1799 14488
14488 1799 4575
7707 11041 13339
11041 7707 13339
13339 7707 11041
13098 1231 12528
12528 1231 13098
1231 12528 13098
12178 2325 3394
2325 3394 12178
3394 2325 12178
12438 2888 5578
2888 5578 12438
5578 2888 12438
12712 263 6248
263 6248 12712
6248 263 12712
3197 3895 9716
9716 3197 3895
3895 3197 9716
12389 1675 5201
1675 5201 12389
5201 1675 12389
8117 4078 12935
4078 8117 12935
12935 4078 8117
3901 7957 13401
7957 3901 13401
13401 3901 7957
12371 10729 11269
10729 11269 12371
11269 10729 12371
11059 3090 13919
13919 3090 11059
3090 11059 13919
5103 3343 3640
3343 3640 5103
3640 3343 5103
1685 463 9357
9357 463 1685
463 1685 9357
12210 4283 4676
4676 4283 12210
4283 4676 12210
12796 4655 13177
4655 12796 13177
13177 4655 12796
12065 1683 5789
5789 1683 12065
1683 5789 12065
2744 2365 8174
8174 2365 2744
2365 2744 8174
11993 3868 6472
3868 6472 11993
6472 3868 11993
3014 8304 9141
8304 3014 9141
9141 3014 8304
9354 8161 12285
12285 8161 9354
8161 9354 12285
6407 8852 14276
14276 6407 8852
8852 6407 14276
1375 19 10648
10648 19 1375
19 1375 10648
9574 2143 11028
2143 9574 11028
11028 2143 9574
13640 375 4750
375 4750 13640
4750 375 13640
3972 2171 10637
2171 3972 10637
10637 2171 3972
2071 3467 5595
5595 2071 3467
3467 2071 5595
12920 5530 9178
5530 9178 12920
9178 5530 12920
10460 2834 3217
3217 2834 10460
2834 3217 10460
10171 10074 12324
12324 10074 10171
10074 10171 12324
14222 2411 11050
11050 2411 14222
2411 11050 14222
11889 4447 14733
4447 11889 14733
14733 4447 11889
1284 4807 8277
8277 1284 4807
4807 1284 8277
6156 4181 14062
14062 4181 6156
4181 6156 14062
7055 2103 8217
8217 2103 7055
2103 7055 8217
3049 2892 5364
2892 3049 5364
5364 2892 3049
6310 9793 11978
9793 6310 11978
11978 6310 9793
13393 6874 12343
12343 6874 13393
6874 12343 13393
14818 6550 14723
6550 14723 14818
14723 6550 14818
1852 7853 9296
9296 1852 7853
7853 1852 9296
9381 7525 9871
9871 7525 9381
7525 9381 9871
4171 2324 3806
3806 2324 4171
2324 3806 4171
12408 3250 8105
3250 8105 12408
8105 3250 12408
9853 3143 5691
5691 3143 9853
3143 5691 9853
780 11155 11584
11155 780 11584
11584 780 11155
11710 9749 10593
9749 10593 11710
10593 9749 11710
6128 9895 11345
9895 6128 11345
11345 6128 9895
10513 3691 3866
3866 3691 10513
3691 3866 10513
2610 10334 11147
10334 2610 11147
11147 2610 10334
9869 1137 11144
1137 9869 11144
11144 1137 9869
5612 555 14856
14856 555 5612
555 5612 14856
9987 3726 14009
14009 3726 9987
3726 9987 14009
2088 6005 11871
11871 2088 6005
6005 2088 11871
614 820 10551
820 614 10551
10551 614 820
2174 7583 9764
9764 2174 7583
7583 2174 9764
4975 308 6660
308 4975 6660
6660 308 4975
14890 1386 14638
14638 1386 14890
1386 14638 14890
11287 2151 10425
10425 2151 11287
2151 10425 11287
9616 5287 6729
6729 5287 9616
5287 6729 9616
9603 2502 11886
11886 2502 9603
2502 9603 11886
530 1927 9640
1927 530 9640
9640 530 1927
13331 3229 3634
3229 3634 13331
3634 3229 13331
2045 1802 12395
12395 1802 2045
1802 2045 12395
8962 3851 8027
8027 3851 8962
3851 8027 8962
11783 3235 5370
3235 5370 11783
5370 3235 11783
8994 1853 3048
3048 1853 8994
1853 3048 8994
6410 3980 12088
12088 3980 6410
3980 6410 12088
5190 577 14120
14120 577 5190
577 5190 14120
7928 4083 13756
4083 7928 13756
13756 4083 7928
10892 1635 14900
14900 1635 10892
1635 10892 14900
2922 6881 7759
6881 2922 7759
7759 2922 6881
4615 10051 10526
10526 4615 10051
10051 4615 10526
1277 11746 12091
12091 1277 11746
11746 1277 12091
8449 14216 14347
14216 8449 14347
14347 8449 14216
13400 401 8567
8567 401 13400
401 8567 13400
9218 9761 11539
11539 9218 9761
9761 9218 11539
13402 9440 14576
9440 13402 14576
14576 9440 13402
2190 7874 12496
12496 2190 7874
7874 2190 12496
13900 5969 13921
13921 5969 13900
5969 13900 13921
733 8112 10275
8112 733 10275
10275 733 8112
9780 3103 5638
3103 5638 9780
5638 3103 9780
883 6721 8786
8786 883 6721
6721 883 8786
5130 445 7595
445 5130 7595
7595 445 5130
242 9944 13849
9944 242 13849
13849 242 9944
10410 6380 11358
6380 10410 11358
11358 6380 10410
5470 2550 13011
13011 2550 5470
2550 5470 13011
8336 1922 10708
1922 8336 10708
10708 1922 8336
3231 2862 9879
9879 2862 3231
2862 3231 9879
6392 9550 10592
10592 6392 9550
9550 6392 10592
3947 1119 11904
11904 1119 3947
1119 3947 11904
3097 1700 9355
9355 1700 3097
1700 3097 9355
507 1203 5880
5880 507 1203
1203 507 5880
12128 2172 12353
2172 12128 12353
12353 2172 12128
2858 8973 13095
8973 2858 13095
13095 2858 8973
12238 8350 14887
8350 12238 14887
14887 8350 12238
4242 7755 11029
7755 4242 11029
11029 4242 7755
14104 1897 2598
1897 2598 14104
2598 1897 14104
1040 5647 13094
5647 1040 13094
13094 1040 5647
7617 4305 9242
4305 7617 9242
9242 4305 7617
14393 1597 5529
5529 1597 14393
1597 5529 14393
14945 155 6681
6681 155 14945
155 6681 14945
9369 365 9982
9982 365 9369
365 9369 9982
13279 522 2422
2422 522 13279
522 2422 13279
6404 7909 12701
12701 6404 7909
7909 6404 12701
3873 1068 11742
1068 3873 11742
11742 1068 3873
6447 10161 10531
10531 6447 10161
10161 6447 10531
6097 6715 11391
6715 6097 11391
11391 6097 6715
11763 6525 6840
6525 6840 11763
6840 6525 11763
1694 9053 11695
9053 1694 11695
11695 1694 9053
3084 8257 12816
12816 3084 8257
8257 3084 12816
12196 4240 13807
4240 12196 13807
13807 4240 12196
4469 4896 9144
9144 4469 4896
4896 4469 9144
5264 3430 13810
3430 5264 13810
13810 3430 5264
11100 6594 8333
8333 6594 11100
6594 8333 11100
4593 1396 14238
1396 4593 14238
14238 1396 4593
7069 3443 9897
9897 3443 7069
3443 7069 9897
7166 92 11935
11935 92 7166
92 7166 11935
3475 1151 7205
1151 3475 7205
7205 1151 3475
7395 3405 12045
12045 3405 7395
3405 7395 12045
9407 3162 9859
9859 3162 9407
3162 9407 9859
11164 1175 5780
5780 1175 11164
1175 5780 11164
2766 2903 13969
13969 2766 2903
2903 2766 13969
5265 7380 12212
7380 5265 12212
12212 5265 7380
11195 2887 10672
10672 2887 11195
2887 10672 11195
6090 79 6547
79 6090 6547
6547 79 6090
14972 5242 11725
11725 5242 14972
5242 11725 14972
6220 7238 10314
10314 6220 7238
7238 6220 10314
7123 601 1894
1894 601 7123
601 1894 7123
7517 6844 10325
10325 6844 7517
6844 7517 10325
5145 6085 8046
6085 5145 8046
8046 5145 6085
5371 3631 5378
3631 5371 5378
5378 3631 5371
8499 3137 6738
3137 6738 8499
6738 3137 8499
8744 262 11702
262 8744 11702
11702 262 8744
3188 7881 10062
7881 3188 10062
10062 3188 7881
2707 243 5761
243 2707 5761
5761 243 2707
14268 8696 10659
8696 10659 14268
10659 8696 14268
5957 2030 3661
2030 3661 5957
3661 2030 5957
1900 3098 14069
3098 1900 14069
14069 1900 3098
4656 11185 13584
11185 4656 13584
13584 4656 11185
11713 383 11408
11408 383 11713
383 11408 11713
762 1704 8393
8393 762 1704
1704 762 8393
14713 2542 7132
7132 2542 14713
2542 7132 14713
9646 4459 9110
4459 9110 9646
9110 4459 9646
14318 9041 9590
9590 9041 14318
9041 9590 14318
5374 9857 10154
9857 5374 10154
10154 5374 9857
5949 1327 7588
1327 5949 7588
7588 1327 5949
3632 324 10876
10876 324 3632
324 3632 10876
9516 3774 14864
14864 3774 9516
3774 9516 14864
11587 7599 11764
7599 11587 11764
11764 7599 11587
12239 8665 11678
8665 11678 12239
11678 8665 12239
9898 3417 11193
11193 3417 9898
3417 9898 11193
2961 5316 14437
5316 2961 14437
14437 2961 5316
2923 13295 13821
13821 2923 13295
13295 2923 13821
11397 5035 9684
5035 9684 11397
9684 5035 11397
14518 337 5197
337 5197 14518
5197 337 14518
4957 9630 11133
11133 4957 9630
9630 4957 11133
13277 5534 9497
9497 5534 13277
5534 9497 13277
14878 3514 13375
3514 13375 14878
13375 3514 14878
5001 3983 10471
3983 5001 10471
10471 3983 5001
123 3321 14495
3321 123 14495
14495 123 3321
5845 8348 10177
10177 5845 8348
8348 5845 10177
12768 5478 6096
6096 5478 12768
5478 6096 12768
13490 267 7526
267 7526 13490
7526 267 13490
7594 6825 14020
14020 6825 7594
6825 7594 14020
4616 615 5774
615 4616 5774
5774 615 4616
11948 10351 14494
14494 10351 11948
10351 11948 14494
2019 1607 10756
10756 1607 2019
1607 2019 10756
11057 4696 13961
4696 11057 13961
13961 4696 11057
9063 4285 7045
7045 4285 9063
4285 7045 9063
2438 4719 13861
13861 2438 4719
4719 2438 13861
11438 2188 10158
2188 10158 11438
10158 2188 11438
3623 1297 5278
5278 1297 3623
1297 3623 5278
8038 4350 13017
13017 4350 8038
4350 8038 13017
14037 1008 4958
1008 4958 14037
4958 1008 14037
3772 1028 14803
14803 1028 3772
1028 3772 14803
7218 3540 12562
3540 7218 12562
12562 3540 7218
11107 11802 13463
11802 11107 13463
13463 11107 11802
982 6203 6873
6873 982 6203
6203 982 6873
6416 8098 14230
14230 6416 8098
8098 6416 14230
10796 7507 9067
7507 9067 10796
9067 7507 10796
2515 1445 11722
11722 1445 2515
1445 2515 11722
12450 3134 14486
3134 12450 14486
14486 3134 12450
12208 11443 12724
12724 11443 12208
11443 12208 12724
9245 119 315
119 315 9245
315 119 9245
14600 8208 10341
8208 10341 14600
10341 8208 14600
1994 3267 12147
12147 1994 3267
3267 1994 12147
12501 12928 13623
13623 12501 12928
12928 12501 13623
850 7399 9541
7399 850 9541
9541 850 7399
583 1014 6010
1014 583 6010
6010 583 1014
11213 7870 9422
9422 7870 11213
7870 9422 11213
10338 13360 13632
13632 10338 13360
13360 10338 13632
7261 724 11151
11151 724 7261
724 7261 11151
6657 5587 14157
5587 6657 14157
14157 5587 6657
2929 1245 13629
13629 1245 2929
1245 2929 13629
11208 9340 10286
10286 9340 11208
9340 10286 11208
4899 1515 12608
12608 1515 4899
1515 4899 12608
719 82 10373
10373 82 719
82 719 10373
3569 4129 5434
4129 3569 5434
5434 3569 4129
3942 439 13836
439 3942 13836
13836 439 3942
11594 7090 7136
7090 7136 11594
7136 7090 11594
6816 2254 10644
2254 6816 10644
10644 2254 6816
5919 213 7183
7183 213 5919
213 5919 7183
5276 10295 11117
11117 5276 10295
10295 5276 11117
5535 2619 4123
2619 4123 5535
4123 2619 5535
14814 1168 10251
10251 1168 14814
1168 10251 14814
3817 9778 11699
11699 3817 9778
9778 3817 11699
1493 8329 12149
12149 1493 8329
8329 1493 12149
9736 6782 13934
13934 6782 9736
6782 9736 13934
6444 9969 11767
9969 6444 11767
11767 6444 9969
8407 5414 9100
9100 5414 8407
5414 8407 9100
6263 9120 11501
11501 6263 9120
9120 6263 11501
3701 564 9949
564 3701 9949
9949 564 3701
9099 11885 13743
11885 9099 13743
13743 9099 11885
862 7510 14523
7510 862 14523
14523 862 7510
14898 4680 11992
4680 11992 14898
11992 4680 14898
9229 9336 14522
14522 9229 9336
9336 9229 14522
3040 2146 2644
2644 2146 3040
2146 2644 3040
2433 10926 13502
10926 2433 13502
13502 2433 10926
6459 1598 14113
14113 1598 6459
1598 6459 14113
13045 5804 9132
9132 5804 13045
5804 9132 13045
10496 3485 7719
7719 3485 10496
3485 7719 10496
14284 1633 2989
1633 2989 14284
2989 1633 14284
13181 11026 13316
11026 13181 13316
13316 11026 13181
4689 3032 13023
13023 3032 4689
3032 4689 13023
12824 3276 12099
3276 12099 12824
12099 3276 12824
8110 2790 12541
12541 2790 8110
2790 8110 12541
11888 6 9385
6 9385 11888
9385 6 11888
3949 4430 11168
4430 3949 11168
11168 3949 4430
2562 1055 4670
1055 2562 4670
4670 1055 2562
11883 171 9450
9450 171 11883
171 9450 11883
14232 4036 8387
4036 8387 14232
8387 4036 14232
5491 7551 8930
7551 5491 8930
8930 5491 7551
10867 4817 6473
6473 4817 10867
4817 6473 10867
8050 10979 13783
13783 8050 10979
10979 8050 13783
3953 6232 9333
6232 3953 9333
9333 3953 6232
12288 8587 10179
10179 8587 12288
8587 10179 12288
12616 3462 5114
5114 3462 12616
3462 5114 12616
2160 8051 14266
8051 2160 14266
14266 2160 8051
11289 3070 14539
3070 11289 14539
14539 3070 11289
1751 3858 4186
3858 1751 4186
4186 1751 3858
8261 4375 12041
12041 4375 8261
4375 8261 12041
2799 699 7294
699 2799 7294
7294 699 2799
5743 2157 5766
2157 5743 5766
5766 2157 5743
14331 3811 8944
8944 3811 14331
3811 8944 14331
13615 6091 11711
11711 6091 13615
6091 11711 13615
8073 4428 10839
10839 4428 8073
4428 8073 10839
11635 1581 4266
1581 4266 11635
4266 1581 11635
10613 12802 14767
12802 10613 14767
14767 10613 12802
12077 9080 12155
9080 12077 12155
12155 9080 12077
7230 10355 12679
10355 7230 12679
12679 7230 10355
7618 6280 8198
6280 7618 8198
8198 6280 7618
7318 1066 14689
14689 1066 7318
1066 7318 14689
9647 5825 6576
5825 6576 9647
6576 5825 9647
8364 5793 9253
9253 5793 8364
5793 8364 9253
5274 2318 11848
2318 5274 11848
11848 2318 5274
10845 998 8801
8801 998 10845
998 8801 10845
944 215 13387
13387 215 944
215 944 13387
4654 10459 12317
10459 4654 12317
12317 4654 10459
3198 251 3026
3026 251 3198
251 3026 3198
3707 1680 8254
8254 1680 3707
1680 3707 8254
10440 5639 6468
5639 6468 10440
6468 5639 10440
1478 23 8530
23 1478 8530
8530 23 1478
9393 6409 9371
6409 9371 9393
9371 6409 9393
4753 1070 14144
1070 4753 14144
14144 1070 4753
1235 10421 10983
10983 1235 10421
10421 1235 10983
8857 3065 14353
3065 8857 14353
14353 3065 8857
1123 9117 12972
9117 1123 12972
12972 1123 9117
11230 7831 8810
8810 7831 11230
7831 8810 11230
12922 5634 12164
5634 12164 12922
12164 5634 12922
9366 325 1376
325 1376 9366
1376 325 9366
8382 14590 14707
14590 8382 14707
14707 8382 14590
2524 4713 5734
5734 2524 4713
4713 2524 5734
5232 9714 14774
14774 5232 9714
9714 5232 14774
6030 5918 12369
12369 5918 6030
5918 6030 12369
12524 7394 13148
13148 7394 12524
7394 12524 13148
693 556 12995
556 693 12995
12995 556 693
10461 5565 5926
5565 5926 10461
5926 5565 10461
3362 1706 13006
1706 3362 13006
13006 1706 3362
14448 3087 11236
11236 3087 14448
3087 11236 14448
4153 1225 12719
12719 1225 4153
1225 4153 12719
3439 2611 9747
9747 2611 3439
2611 3439 9747
3144 3471 5577
3471 3144 5577
5577 3144 3471
6430 7852 13513
13513 6430 7852
7852 6430 13513
8003 2492 8517
2492 8003 8517
8517 2492 8003
14279 3653 4788
4788 3653 14279
3653 4788 14279
12749 7435 10184
7435 10184 12749
10184 7435 12749
505 2878 7172
7172 505 2878
2878 505 7172
3178 653 11079
653 3178 11079
11079 653 3178
10707 1929 9449
1929 9449 10707
9449 1929 10707
3573 6541 11437
11437 3573 6541
6541 3573 11437
4547 10096 12459
10096 4547 12459
12459 4547 10096
6012 976 3802
976 3802 6012
3802 976 6012
9996 291 6496
291 6496 9996
6496 291 9996
13366 2123 9652
9652 2123 13366
2123 9652 13366
6171 1092 11254
11254 1092 6171
1092 6171 11254
12247 3069 3689
3069 3689 12247
3689 3069 12247
3139 5815 8782
8782 3139 5815
5815 3139 8782
12444 8632 14100
14100 8632 12444
8632 12444 14100
5622 6227 8119
6227 5622 8119
8119 5622 6227
8524 1058 12417
12417 1058 8524
1058 8524 12417
7369 3055 6346
6346 3055 7369
3055 6346 7369
7810 1285 14138
1285 7810 14138
14138 1285 7810
5853 934 10240
10240 934 5853
934 5853 10240
12061 2638 9439
9439 2638 12061
2638 9439 12061
2129 7157 13857
13857 2129 7157
7157 2129 13857
6261 7100 11541
7100 6261 11541
11541 6261 7100
2994 1303 7444
1303 2994 7444
7444 1303 2994
11975 1907 5672
5672 1907 11975
1907 5672 11975
13613 2570 12087
2570 12087 13613
12087 2570 13613
12249 8111 8259
8111 8259 12249
8259 8111 12249
729 4971 13890
13890 729 4971
4971 729 13890
2374 1627 8685
1627 2374 8685
8685 1627 2374
14228 1216 2487
1216 2487 14228
2487 1216 14228
967 4901 8460
4901 967 8460
8460 967 4901
7091 6728 8762
6728 7091 8762
8762 6728 7091
2882 5967 6362
6362 2882 5967
5967 2882 6362
11163 10178 12854
10178 11163 12854
12854 10178 11163
7619 5706 11101
5706 7619 11101
11101 5706 7619
2971 8136 9343
8136 2971 9343
9343 2971 8136
5452 7256 10584
10584 5452 7256
7256 5452 10584
8421 1887 3531
3531 1887 8421
1887 3531 8421
9986 3874 9632
3874 9632 9986
9632 3874 9986
5523 3870 13079
3870 5523 13079
13079 3870 5523
4870 1129 4847
1129 4847 4870
4847 1129 4870
2273 885 1810
885 1810 2273
1810 885 2273
13585 10199 10324
10324 10199 13585
10199 10324 13585
937 2184 14271
14271 937 2184
2184 937 14271
9717 2419 10293
10293 2419 9717
2419 9717 10293
11689 2656 7206
2656 7206 11689
7206 2656 11689
7293 8752 10303
10303 7293 8752
8752 7293 10303
7858 2759 5715
5715 2759 7858
2759 5715 7858
11399 2496 6186
6186 2496 11399
2496 6186 11399
297 6861 13845
13845 297 6861
6861 297 13845
13799 11448 13394
11448 13394 13799
13394 11448 13799
9153 9547 14010
14010 9153 9547
9547 9153 14010
14559 3110 14998
14998 3110 14559
3110 14559 14998
1305 4812 8561
8561 1305 4812
4812 1305 8561
7101 335 3000
3000 335 7101
335 3000 7101
8080 465 11141
465 8080 11141
11141 465 8080
806 6789 9694
9694 806 6789
6789 806 9694
7569 3192 4458
3192 4458 7569
4458 3192 7569
6437 8908 14136
14136 6437 8908
8908 6437 14136
11296 1093 5781
1093 5781 11296
5781 1093 11296
5454 2309 8465
2309 5454 8465
8465 2309 5454
241 5325 10538
5325 241 10538
10538 241 5325
9703 5021 6581
5021 6581 9703
6581 5021 9703
775 415 10112
10112 415 775
415 775 10112
5839 3033 10840
10840 3033 5839
3033 5839 10840
13297 10032 14466
10032 13297 14466
14466 10032 13297
14543 2026 4900
2026 4900 14543
4900 2026 14543
12186 142 1798
1798 142 12186
142 1798 12186
10935 7887 12994
12994 7887 10935
7887 10935 12994
11901 8510 13694
13694 8510 11901
8510 11901 13694
9637 6993 10322
6993 9637 10322
10322 6993 9637
6327 5417 6590
5417 6327 6590
6590 5417 6327
11903 7320 9334
9334 7320 11903
7320 9334 11903
9424 8446 8833
8446 8833 9424
8833 8446 9424
11503 9124 13132
9124 11503 13132
13132 9124 11503
4668 4118 8856
4118 4668 8856
8856 4118 4668
9807 499 13678
499 9807 13678
13678 499 9807
8529 4077 10532
4077 8529 10532
10532 4077 8529
13608 9470 11815
9470 11815 13608
11815 9470 13608
4330 9326 14882
9326 4330 14882
14882 4330 9326
11869 2788 14077
2788 11869 14077
14077 2788 11869
3283 13930 14140
14140 3283 13930
13930 3283 14140
13329 2396 12131
12131 2396 13329
2396 12131 13329
12781 11205 12320
11205 12320 12781
12320 11205 12781
7159 5802 11513
11513 5802 7159
5802 7159 11513
4643 9526 13359
13359 4643 9526
9526 4643 13359
9479 9915 14870
14870 9479 9915
9915 9479 14870
9358 4805 5500
5500 4805 9358
4805 5500 9358
13653 6724 14741
6724 13653 14741
14741 6724 13653
6276 1599 8373
1599 6276 8373
8373 1599 6276
2774 5112 5865
5112 2774 5865
5865 2774 5112
7775 5051 8670
5051 7775 8670
8670 5051 7775
8358 1991 7661
7661 1991 8358
1991 7661 8358
4289 5200 9040
5200 4289 9040
9040 4289 5200
1865 6566 13158
6566 1865 13158
13158 1865 6566
2404 8395 13390
13390 2404 8395
8395 2404 13390
10423 9795 13229
9795 10423 13229
13229 9795 10423
9331 551 2672
551 2672 9331
2672 551 9331
5621 12259 14649
12259 5621 14649
14649 5621 12259
13797 10690 10877
10690 10877 13797
10877 10690 13797
7084 1816 9921
9921 1816 7084
1816 7084 9921
10806 9183 13195
13195 9183 10806
9183 10806 13195
6865 5039 12072
5039 6865 12072
12072 5039 6865
6777 884 9613
9613 884 6777
884 6777 9613
12620 1984 12776
1984 12620 12776
12776 1984 12620
3804 5474 8844
8844 3804 5474
5474 3804 8844
1406 4278 7401
4278 1406 7401
7401 1406 4278
13908 8549 14665
14665 8549 13908
8549 13908 14665
12692 4112 7912
7912 4112 12692
4112 7912 12692
4098 12427 13074
12427 4098 13074
13074 4098 12427
7784 3421 9149
9149 3421 7784
3421 7784 9149
11829 14405 14960
14960 11829 14405
14405 11829 14960
3284 110 13697
13697 110 3284
110 3284 13697
9005 3686 12189
3686 9005 12189
12189 3686 9005
12846 11252 11349
11349 11252 12846
11252 11349 12846
777 5400 7879
5400 777 7879
7879 777 5400
9627 3313 12813
12813 3313 9627
3313 9627 12813
8056 3893 14358
3893 8056 14358
14358 3893 8056
10970 4729 11580
4729 10970 11580
11580 4729 10970
65 506 9872
9872 65 506
506 65 9872
4673 6570 7164
7164 4673 6570
6570 4673 7164
14474 424 2543
424 2543 14474
2543 424 14474
4218 6319 12165
6319 4218 12165
12165 4218 6319
7103 534 4748
4748 534 7103
534 4748 7103
1158 5829 9727
9727 1158 5829
5829 1158 9727
8059 7414 11334
11334 7414 8059
7414 8059 11334
14530 2743 6178
6178 2743 14530
2743 6178 14530
1879 7325 14973
7325 1879 14973
14973 1879 7325
9531 535 7133
7133 535 9531
535 7133 9531
7628 8474 9332
9332 7628 8474
8474 7628 9332
1564 2053 9867
2053 1564 9867
9867 1564 2053
9742 6764 11515
6764 9742 11515
11515 6764 9742
9086 1188 7724
1188 7724 9086
7724 1188 9086
13475 1936 10771
1936 10771 13475
10771 1936 13475
9593 13136 13646
13136 9593 13646
13646 9593 13136
9955 6390 11664
6390 9955 11664
11664 6390 9955
14211 10195 12771
10195 12771 14211
12771 10195 14211
5632 9561 12436
9561 5632 12436
12436 5632 9561
2247 1983 3502
1983 2247 3502
3502 1983 2247
11960 2997 12014
2997 11960 12014
12014 2997 11960
2054 10162 11125
11125 2054 10162
10162 2054 11125
11352 4372 10468
10468 4372 11352
4372 10468 11352
7298 3463 12033
3463 7298 12033
12033 3463 7298
6352 5239 11750
5239 6352 11750
11750 5239 6352
13031 8194 13655
8194 13031 13655
13655 8194 13031
10971 11995 12405
12405 10971 11995
11995 10971 12405
3006 6384 10126
10126 3006 6384
6384 3006 10126
4620 1453 10824
1453 4620 10824
10824 1453 4620
6478 10463 12785
12785 6478 10463
10463 6478 12785
12900 10405 14281
14281 10405 12900
10405 12900 14281
4545 12808 14857
12808 4545 14857
14857 4545 12808
7905 2373 2822
2373 2822 7905
2822 2373 7905
3954 7402 10383
10383 3954 7402
7402 3954 10383
5191 2701 13868
2701 5191 13868
13868 2701 5191
11055 3397 6532
6532 3397 11055
3397 6532 11055
11637 53 13825
53 11637 13825
13825 53 11637
52 4647 9192
9192 52 4647
4647 52 9192
13091 2024 6584
6584 2024 13091
2024 6584 13091
12794 13681 14365
14365 12794 13681
13681 12794 14365
2468 6015 11998
6015 2468 11998
11998 2468 6015
13178 5641 14002
5641 13178 14002
14002 5641 13178
2406 3921 13358
3921 2406 13358
13358 2406 3921
13010 1541 3727
3727 1541 13010
1541 3727 13010
4414 5723 14657
5723 4414 14657
14657 4414 5723
13418 651 8848
651 8848 13418
8848 651 13418
8680 219 1036
219 1036 8680
1036 219 8680
3506 7324 9447
9447 3506 7324
7324 3506 9447
11509 5772 8975
5772 8975 11509
8975 5772 11509
4697 2673 10734
2673 4697 10734
10734 2673 4697
14008 1374 3352
3352 1374 14008
1374 3352 14008
11064 2768 8084
2768 8084 11064
8084 2768 11064
5864 9718 11173
9718 5864 11173
11173 5864 9718
14791 5545 12906
5545 12906 14791
12906 5545 14791
2 4170 12310
4170 2 12310
12310 2 4170
14063 3827 6785
3827 6785 14063
6785 3827 14063
8281 895 3784
895 3784 8281
3784 895 8281
11773 6973 7119
6973 7119 11773
7119 6973 11773
14660 14547 14580
14580 14547 14660
14547 14580 14660
7682 713 10292
713 7682 10292
10292 713 7682
7471 99 5874
99 5874 7471
5874 99 7471
10779 2925 10544
10544 2925 10779
2925 10544 10779
2510 5025 9321
9321 2510 5025
5025 2510 9321
14383 7012 10994
10994 7012 14383
7012 10994 14383
8434 16 10949
10949 16 8434
16 8434 10949
3995 3059 14748
3059 3995 14748
14748 3059 3995
10610 5165 9699
9699 5165 10610
5165 9699 10610
8405 3945 7713
3945 7713 8405
7713 3945 8405
1043 5379 7148
7148 1043 5379
5379 1043 7148
14633 1232 12145
12145 1232 14633
1232 12145 14633
544 2482 9966
2482 544 9966
9966 544 2482
12482 8140 13185
8140 12482 13185
13185 8140 12482
6644 8441 12916
8441 6644 12916
12916 6644 8441
422 4066 13407
4066 422 13407
13407 422 4066
2714 6126 7804
7804 2714 6126
6126 2714 7804
9595 11410 12883
11410 9595 12883
12883 9595 11410
7867 9460 13745
13745 7867 9460
9460 7867 13745
7138 5063 10229
5063 7138 10229
10229 5063 7138
10049 7830 10591
7830 10049 10591
10591 7830 10049
260 9435 13462
9435 260 13462
13462 260 9435
10006 9754 12773
12773 9754 10006
9754 10006 12773
12848 4480 8293
8293 4480 12848
4480 8293 12848
6243 4933 5322
5322 4933 6243
4933 5322 6243
14355 13379 14658
14658 13379 14355
13379 14355 14658
6414 7663 10891
7663 6414 10891
10891 6414 7663
8367 5862 7285
5862 7285 8367
7285 5862 8367
11294 5765 12433
12433 5765 11294
5765 11294 12433
11342 11275 12481
11275 11342 12481
12481 11275 11342
10878 4712 12188
12188 4712 10878
4712 10878 12188
10638 1585 2627
2627 1585 10638
1585 2627 10638
5841 4731 12937
4731 5841 12937
12937 4731 5841
11242 4736 7612
4736 7612 11242
7612 4736 11242
7723 1820 9650
1820 7723 9650
9650 1820 7723
1620 6809 13125
6809 1620 13125
13125 1620 6809
8910 1530 6894
1530 6894 8910
6894 1530 8910
12191 4331 13545
4331 12191 13545
13545 4331 12191
3172 11480 13833
13833 3172 11480
11480 3172 13833
14076 5206 13909
5206 13909 14076
13909 5206 14076
2567 4103 14025
4103 2567 14025
14025 2567 4103
