40477 4600 66681
4600 40477 66681
66681 4600 40477
128024 14356 104692
14356 104692 128024
104692 14356 128024
46676 49017 74951
74951 46676 49017
49017 46676 74951
73281 54000 92075
54000 73281 92075
92075 54000 73281
25789 16253 55846
16253 25789 55846
55846 16253 25789
91136 64113 135000
64113 91136 135000
135000 64113 91136
37174 102736 122569
102736 37174 122569
122569 37174 102736
63222 64199 143348
64199 63222 143348
143348 63222 64199
113504 44034 78433
44034 78433 113504
78433 44034 113504
54386 34030 132040
34030 54386 132040
132040 34030 54386
110390 32569 56775
56775 32569 110390
32569 56775 110390
79841 47278 113200
47278 79841 113200
113200 47278 79841
72769 88991 94729
94729 72769 88991
88991 72769 94729
102623 14613 149193
149193 14613 102623
14613 102623 149193
116548 26116 110846
110846 26116 116548
26116 110846 116548
137831 92211 134389
92211 134389 137831
134389 92211 137831
80507 84808 87161
87161 80507 84808
84808 80507 87161
109509 243 122362
243 109509 122362
122362 243 109509
126977 7241 126784
7241 126784 126977
126784 7241 126977
33165 126894 148619
148619 33165 126894
126894 33165 148619
77308 13143 58350
13143 58350 77308
58350 13143 77308
121704 76942 91669
76942 91669 121704
91669 76942 121704
124362 137681 148195
148195 124362 137681
137681 124362 148195
1903 756 84972
756 1903 84972
84972 756 1903
49048 6788 107197
6788 49048 107197
107197 6788 49048
121429 101372 135142
101372 121429 135142
135142 101372 121429
148257 16071 56979
56979 16071 148257
16071 56979 148257
104631 47406 130139
47406 104631 130139
130139 47406 104631
120531 41440 55278
55278 41440 120531
41440 55278 120531
29420 10724 101349
10724 29420 101349
101349 10724 29420
25193 6293 112404
112404 6293 25193
6293 25193 112404
70383 22744 81754
81754 22744 70383
22744 70383 81754
24510 12984 13312
13312 12984 24510
12984 13312 24510
102758 16277 86484
86484 16277 102758
16277 86484 102758
140550 103768 122742
103768 122742 140550
122742 103768 140550
149525 58849 103063
103063 58849 149525
58849 103063 149525
111530 88026 120422
88026 111530 120422
120422 88026 111530
2391 7762 56569
7762 2391 56569
56569 2391 7762
134570 24946 131362
131362 24946 134570
24946 131362 134570
132296 37478 56200
56200 37478 132296
37478 56200 132296
96829 4476 28934
28934 4476 96829
4476 28934 96829
52082 23768 121882
121882 23768 52082
23768 52082 121882
78386 64569 99760
99760 64569 78386
64569 78386 99760
86266 4560 132332
132332 4560 86266
4560 86266 132332
147199 5162 31112
5162 31112 147199
31112 5162 147199
42883 7883 80466
7883 42883 80466
80466 7883 42883
140622 22160 113323
22160 113323 140622
113323 22160 140622
23961 24793 39711
24793 23961 39711
39711 23961 24793
9249 95842 110048
95842 9249 110048
110048 9249 95842
142360 127630 137699
137699 127630 142360
127630 137699 142360
137626 121145 139673
121145 137626 139673
139673 121145 137626
127482 47078 104988
47078 104988 127482
104988 47078 127482
129754 71507 81798
71507 81798 129754
81798 71507 129754
96021 98843 138044
138044 96021 98843
98843 96021 138044
98588 46197 51964
46197 51964 98588
51964 46197 98588
115910 8479 8505
8505 8479 115910
8479 8505 115910
10032 28294 142492
142492 10032 28294
28294 10032 142492
138184 30932 45691
45691 30932 138184
30932 45691 138184
133569 78110 134859
134859 78110 133569
78110 133569 134859
67019 48271 105811
105811 48271 67019
48271 67019 105811
38222 19518 85694
19518 38222 85694
85694 19518 38222
59718 24872 53940
24872 53940 59718
53940 24872 59718
149661 31328 103362
103362 31328 149661
31328 103362 149661
91625 30193 79336
79336 30193 91625
30193 79336 91625
128419 58046 91309
58046 91309 128419
91309 58046 128419
57157 61382 76503
76503 57157 61382
61382 57157 76503
365 18311 30056
18311 365 30056
30056 365 18311
72074 16825 75233
16825 72074 75233
75233 16825 72074
119533 6566 114086
6566 114086 119533
114086 6566 119533
106225 2256 22395
22395 2256 106225
2256 22395 106225
104699 112112 146921
112112 104699 146921
146921 104699 112112
136665 14274 30475
30475 14274 136665
14274 30475 136665
113006 130150 146377
146377 113006 130150
130150 113006 146377
61344 39073 52720
52720 39073 61344
39073 52720 61344
94743 68533 115823
68533 94743 115823
115823 68533 94743
25969 8908 104264
104264 8908 25969
8908 25969 104264
30796 8690 49271
49271 8690 30796
8690 30796 49271
75208 26442 82798
82798 26442 75208
26442 75208 82798
7778 21154 71463
71463 7778 21154
21154 7778 71463
68760 38124 127288
127288 38124 68760
38124 68760 127288
59791 12822 44433
12822 44433 59791
44433 12822 59791
9013 13417 133850
13417 9013 133850
133850 9013 13417
111459 54932 123804
123804 54932 111459
54932 111459 123804
136035 68044 115747
68044 115747 136035
115747 68044 136035
117326 78205 145821
145821 78205 117326
78205 117326 145821
70887 79528 99072
79528 70887 99072
99072 70887 79528
87962 32230 40284
32230 40284 87962
40284 32230 87962
20847 51995 56837
56837 20847 51995
51995 20847 56837
74861 25179 29881
25179 29881 74861
29881 25179 74861
98643 7478 87165
87165 7478 98643
7478 87165 98643
141502 18175 114252
114252 18175 141502
18175 114252 141502
15382 48238 75168
75168 15382 48238
48238 15382 75168
82286 23079 51085
23079 51085 82286
51085 23079 82286
30320 5197 17317
17317 5197 30320
5197 17317 30320
52327 13166 113434
113434 13166 52327
13166 52327 113434
41010 4770 139484
139484 4770 41010
4770 41010 139484
54645 136782 144570
144570 54645 136782
136782 54645 144570
122683 110210 130383
110210 122683 130383
130383 110210 122683
73016 45947 95147
95147 45947 73016
45947 73016 95147
51709 75386 90814
90814 51709 75386
75386 51709 90814
81844 98621 116418
116418 81844 98621
98621 81844 116418
69148 67160 117372
117372 67160 69148
67160 69148 117372
110968 87622 116285
116285 87622 110968
87622 110968 116285
92972 69325 122359
69325 92972 122359
122359 69325 92972
142149 28185 85601
85601 28185 142149
28185 85601 142149
114886 22713 62125
22713 62125 114886
62125 22713 114886
71839 102814 140243
140243 71839 102814
102814 71839 140243
87775 20217 90681
20217 87775 90681
90681 20217 87775
18113 32108 40895
40895 18113 32108
32108 18113 40895
108895 18039 126847
126847 18039 108895
18039 108895 126847
138353 61184 133854
133854 61184 138353
61184 133854 138353
130140 20797 119352
20797 119352 130140
119352 20797 130140
55778 54778 101702
54778 55778 101702
101702 54778 55778
147300 109018 139947
109018 139947 147300
139947 109018 147300
99161 46579 132549
46579 99161 132549
132549 46579 99161
46099 55753 128874
128874 46099 55753
55753 46099 128874
73628 29066 40977
29066 40977 73628
40977 29066 73628
75436 89042 143574
143574 75436 89042
89042 75436 143574
122169 25937 85379
85379 25937 122169
25937 85379 122169
13677 25908 116756
116756 13677 25908
25908 13677 116756
123303 18974 61645
18974 61645 123303
61645 18974 123303
36204 94804 113607
94804 36204 113607
113607 36204 94804
119411 44748 129909
129909 44748 119411
44748 119411 129909
51068 132918 148641
132918 51068 148641
148641 51068 132918
62274 95290 100805
100805 62274 95290
95290 62274 100805
56977 7380 135258
7380 56977 135258
135258 7380 56977
45141 68440 74877
68440 45141 74877
74877 45141 68440
95910 40388 110658
40388 95910 110658
110658 40388 95910
8985 46196 92082
92082 8985 46196
46196 8985 92082
62647 130296 144020
130296 62647 144020
144020 62647 130296
9898 97838 114399
97838 9898 114399
114399 9898 97838
118176 85520 119315
119315 85520 118176
85520 118176 119315
110959 34246 74538
74538 34246 110959
34246 74538 110959
90195 27544 35685
27544 35685 90195
35685 27544 90195
149922 43131 140341
43131 140341 149922
140341 43131 149922
59106 59111 105722
105722 59106 59111
59111 59106 105722
62931 34363 120285
34363 62931 120285
120285 34363 62931
131646 35044 83149
83149 35044 131646
35044 83149 131646
17852 88870 109169
109169 17852 88870
88870 17852 109169
115281 74956 127724
127724 74956 115281
74956 115281 127724
62422 15763 120036
120036 15763 62422
15763 62422 120036
106845 106087 149409
106087 106845 149409
149409 106087 106845
105203 68457 76448
76448 68457 105203
68457 76448 105203
141780 37969 147659
37969 141780 147659
147659 37969 141780
128350 58751 122929
122929 58751 128350
58751 122929 128350
124657 45168 71480
45168 71480 124657
71480 45168 124657
146602 104907 149334
149334 104907 146602
104907 146602 149334
16804 57511 126852
57511 16804 126852
126852 16804 57511
126275 67356 87350
67356 87350 126275
87350 67356 126275
81847 29617 69102
29617 69102 81847
69102 29617 81847
20801 18659 22734
22734 18659 20801
18659 20801 22734
129643 27684 42339
42339 27684 129643
27684 42339 129643
13672 1493 48564
1493 13672 48564
48564 1493 13672
38221 5295 134472
134472 5295 38221
5295 38221 134472
124427 57655 100646
100646 57655 124427
57655 100646 124427
29485 61591 105306
61591 29485 105306
105306 29485 61591
63774 52282 126663
126663 52282 63774
52282 63774 126663
98041 6744 107931
6744 98041 107931
107931 6744 98041
68271 33119 109293
109293 33119 68271
33119 68271 109293
40669 45531 126304
126304 40669 45531
45531 40669 126304
107270 56613 58343
56613 58343 107270
58343 56613 107270
56347 21190 56384
56384 21190 56347
21190 56347 56384
128413 29626 42764
42764 29626 128413
29626 42764 128413
34958 42045 42877
42877 34958 42045
42045 34958 42877
26453 18808 125435
18808 26453 125435
125435 18808 26453
112529 141700 149078
149078 112529 141700
141700 112529 149078
42029 23545 120306
23545 42029 120306
120306 23545 42029
43436 65702 85577
65702 43436 85577
85577 43436 65702
129573 68743 101571
101571 68743 129573
68743 101571 129573
113488 37055 132790
37055 113488 132790
132790 37055 113488
86586 77651 101067
101067 77651 86586
77651 86586 101067
130741 29696 122030
122030 29696 130741
29696 122030 130741
50149 266 28110
266 28110 50149
28110 266 50149
35086 45396 122729
45396 35086 122729
122729 35086 45396
65811 80887 147038
147038 65811 80887
80887 65811 147038
13169 82112 99032
99032 13169 82112
82112 13169 99032
22637 92203 141172
92203 22637 141172
141172 22637 92203
113346 53901 114281
53901 113346 114281
114281 53901 113346
49099 104562 129686
104562 49099 129686
129686 49099 104562
134663 25015 136115
136115 25015 134663
25015 134663 136115
35812 106627 109570
106627 35812 109570
109570 35812 106627
96545 24602 96110
96110 24602 96545
24602 96110 96545
68515 72723 118256
72723 68515 118256
118256 68515 72723
107378 82646 106153
106153 82646 107378
82646 106153 107378
103991 72715 76512
76512 72715 103991
72715 76512 103991
112699 60939 101548
60939 101548 112699
101548 60939 112699
141615 56897 104676
56897 104676 141615
104676 56897 141615
38423 36007 36557
36557 36007 38423
36007 36557 38423
41534 51183 56153
56153 41534 51183
51183 41534 56153
64761 37068 62458
62458 37068 64761
37068 62458 64761
39107 28593 66168
28593 39107 66168
66168 28593 39107
112271 76283 123084
123084 76283 112271
76283 112271 123084
143379 114623 143846
143846 114623 143379
114623 143379 143846
40270 94839 105410
105410 40270 94839
94839 40270 105410
10912 62275 107183
62275 10912 107183
107183 10912 62275
96166 98153 129172
129172 96166 98153
98153 96166 129172
89891 7231 40949
7231 40949 89891
40949 7231 89891
113313 21980 59676
21980 59676 113313
59676 21980 113313
116661 106315 146763
106315 116661 146763
146763 106315 116661
48576 63931 144725
144725 48576 63931
63931 48576 144725
12667 8669 145101
145101 8669 12667
8669 12667 145101
57389 128591 146499
146499 57389 128591
128591 57389 146499
1904 140193 146144
140193 1904 146144
146144 1904 140193
3473 25487 55916
55916 3473 25487
25487 3473 55916
10777 54908 124037
124037 10777 54908
54908 10777 124037
52769 102137 127685
102137 52769 127685
127685 52769 102137
68685 35604 128489
35604 68685 128489
128489 35604 68685
91944 7088 60146
7088 60146 91944
60146 7088 91944
8157 15631 58022
15631 8157 58022
58022 8157 15631
59345 96730 121756
121756 59345 96730
96730 59345 121756
134327 40290 87926
87926 40290 134327
40290 87926 134327
57712 10239 146321
10239 57712 146321
146321 10239 57712
92328 36761 37611
37611 36761 92328
36761 37611 92328
23448 59386 61420
59386 23448 61420
61420 23448 59386
31375 15776 130479
130479 15776 31375
15776 31375 130479
12097 63514 112180
112180 12097 63514
63514 12097 112180
148000 28222 35494
28222 35494 148000
35494 28222 148000
89906 126556 126590
126590 89906 126556
126556 89906 126590
49063 23782 138870
138870 23782 49063
23782 49063 138870
113133 93389 127543
93389 113133 127543
127543 93389 113133
4223 98504 101121
98504 4223 101121
101121 4223 98504
142270 32063 88103
88103 32063 142270
32063 88103 142270
105054 29098 44796
44796 29098 105054
29098 44796 105054
79193 62016 87732
87732 62016 79193
62016 79193 87732
53063 78121 141514
141514 53063 78121
78121 53063 141514
98902 29322 70944
70944 29322 98902
29322 70944 98902
96511 82523 115571
115571 82523 96511
82523 96511 115571
24687 1202 139201
139201 1202 24687
1202 24687 139201
136316 79690 145822
79690 136316 145822
145822 79690 136316
74812 117896 119934
117896 74812 119934
119934 74812 117896
32712 20881 49841
20881 32712 49841
49841 20881 32712
123952 84337 136978
136978 84337 123952
84337 123952 136978
43497 45061 84807
45061 43497 84807
84807 43497 45061
144952 70994 94461
70994 94461 144952
94461 70994 144952
81116 68878 104590
68878 81116 104590
104590 68878 81116
4103 86355 112778
86355 4103 112778
112778 4103 86355
11201 54092 123590
54092 11201 123590
123590 11201 54092
125588 100688 105456
100688 105456 125588
105456 100688 125588
135844 25994 112824
112824 25994 135844
25994 112824 135844
94427 35616 55831
55831 35616 94427
35616 55831 94427
56951 100240 126199
126199 56951 100240
100240 56951 126199
22909 111920 137162
111920 22909 137162
137162 22909 111920
84216 40849 69755
69755 40849 84216
40849 69755 84216
13603 118629 119689
118629 13603 119689
119689 13603 118629
8978 108045 132623
108045 8978 132623
132623 8978 108045
121898 70805 145441
70805 121898 145441
145441 70805 121898
73842 34712 142645
34712 73842 142645
142645 34712 73842
47117 49930 119347
49930 47117 119347
119347 47117 49930
54184 3552 91947
3552 54184 91947
91947 3552 54184
124353 29660 81850
29660 81850 124353
81850 29660 124353
116922 58844 117795
117795 58844 116922
58844 116922 117795
95249 138342 142070
142070 95249 138342
138342 95249 142070
33345 15065 143546
143546 15065 33345
15065 33345 143546
13148 81412 103270
81412 13148 103270
103270 13148 81412
15537 29012 53763
29012 15537 53763
53763 15537 29012
76437 35104 94278
35104 76437 94278
94278 35104 76437
75983 67148 139327
67148 75983 139327
139327 67148 75983
43149 85099 145984
145984 43149 85099
85099 43149 145984
42902 1060 47908
1060 42902 47908
47908 1060 42902
127174 43165 63978
63978 43165 127174
43165 63978 127174
107489 34406 63649
34406 63649 107489
63649 34406 107489
114752 58832 77713
77713 58832 114752
58832 77713 114752
5364 12586 137483
137483 5364 12586
12586 5364 137483
92788 29651 54279
29651 54279 92788
54279 29651 92788
138276 119096 135660
135660 119096 138276
119096 135660 138276
47776 8389 86961
8389 47776 86961
86961 8389 47776
112099 82063 125949
82063 112099 125949
125949 82063 112099
60732 92160 118270
118270 60732 92160
92160 60732 118270
13554 144845 146336
144845 13554 146336
146336 13554 144845
36974 60112 62963
60112 36974 62963
62963 36974 60112
115479 41755 117096
41755 115479 117096
117096 41755 115479
131399 13998 126681
126681 13998 131399
13998 126681 131399
79060 569 96005
96005 569 79060
569 79060 96005
87270 19420 86165
19420 86165 87270
86165 19420 87270
146612 86585 106098
86585 106098 146612
106098 86585 146612
33161 18262 104958
18262 33161 104958
104958 18262 33161
69810 18855 114624
114624 18855 69810
18855 69810 114624
33875 33853 65455
65455 33853 33875
33853 33875 65455
128593 11331 128834
128834 11331 128593
11331 128593 128834
140470 80098 130425
80098 130425 140470
130425 80098 140470
118486 20852 124690
20852 118486 124690
124690 20852 118486
12261 74492 130115
130115 12261 74492
74492 12261 130115
128669 19254 120730
120730 19254 128669
19254 120730 128669
108532 43639 73955
43639 73955 108532
73955 43639 108532
140584 138720 147065
147065 138720 140584
138720 140584 147065
139679 22696 31794
22696 31794 139679
31794 22696 139679
140835 20883 125924
20883 125924 140835
125924 20883 140835
82442 100345 140273
140273 82442 100345
100345 82442 140273
117592 120900 146215
120900 117592 146215
146215 117592 120900
14740 2745 135986
2745 14740 135986
135986 2745 14740
82258 79338 88079
79338 82258 88079
88079 79338 82258
140503 39224 93611
39224 93611 140503
93611 39224 140503
51663 39371 149558
149558 39371 51663
39371 51663 149558
49494 22094 68193
68193 22094 49494
22094 49494 68193
95006 35012 60840
35012 60840 95006
60840 35012 95006
140338 66499 118732
66499 118732 140338
118732 66499 140338
38336 128919 145800
145800 38336 128919
128919 38336 145800
105387 77104 88392
77104 88392 105387
88392 77104 105387
38249 111308 143801
143801 38249 111308
111308 38249 143801
55439 21785 94772
21785 55439 94772
94772 21785 55439
135084 33545 54018
33545 54018 135084
54018 33545 135084
147874 18688 108709
108709 18688 147874
18688 108709 147874
134510 58577 101900
58577 101900 134510
101900 58577 134510
124286 1989 55432
1989 55432 124286
55432 1989 124286
27333 132911 143359
143359 27333 132911
132911 27333 143359
106109 45759 110593
45759 106109 110593
110593 45759 106109
96639 101942 144832
144832 96639 101942
101942 96639 144832
100019 66896 115185
66896 100019 115185
115185 66896 100019
36744 5291 148374
148374 5291 36744
5291 36744 148374
112928 19677 67836
67836 19677 112928
19677 67836 112928
2353 78430 121132
121132 2353 78430
78430 2353 121132
65552 14525 32176
32176 14525 65552
14525 32176 65552
31800 22471 60518
22471 31800 60518
60518 22471 31800
7220 2364 122722
2364 7220 122722
122722 2364 7220
147566 17863 118965
17863 118965 147566
118965 17863 147566
33830 42168 96115
42168 33830 96115
96115 33830 42168
74419 11276 64331
64331 11276 74419
11276 64331 74419
21058 10047 129628
129628 10047 21058
10047 21058 129628
72603 22908 77456
22908 72603 77456
77456 22908 72603
66290 101695 107460
101695 66290 107460
107460 66290 101695
135165 9785 21442
21442 9785 135165
9785 21442 135165
100389 23088 72211
72211 23088 100389
23088 72211 100389
137555 11786 109408
11786 109408 137555
109408 11786 137555
66210 29422 78561
78561 29422 66210
29422 66210 78561
70827 3571 90235
3571 70827 90235
90235 3571 70827
22183 1001 133059
133059 1001 22183
1001 22183 133059
135721 19926 132726
132726 19926 135721
19926 132726 135721
22499 72996 113011
113011 22499 72996
72996 22499 113011
818 46074 84919
84919 818 46074
46074 818 84919
61911 7375 111348
7375 61911 111348
111348 7375 61911
100092 21766 127639
21766 100092 127639
127639 21766 100092
116916 104120 143261
143261 104120 116916
104120 116916 143261
63885 65705 72390
65705 63885 72390
72390 63885 65705
69986 81153 108884
108884 69986 81153
81153 69986 108884
63469 94306 149793
149793 63469 94306
94306 63469 149793
148739 14776 119882
14776 119882 148739
119882 14776 148739
45012 16026 41137
41137 16026 45012
16026 41137 45012
96276 116106 139037
139037 96276 116106
116106 96276 139037
59112 84501 110952
84501 59112 110952
110952 59112 84501
30165 991 29876
991 29876 30165
29876 991 30165
87877 87066 121950
121950 87066 87877
87066 87877 121950
1136 45995 136647
136647 1136 45995
45995 1136 136647
143684 62911 76579
62911 76579 143684
76579 62911 143684
19444 15458 104412
15458 19444 104412
104412 15458 19444
143926 17665 84773
17665 84773 143926
84773 17665 143926
130087 17437 46852
46852 17437 130087
17437 46852 130087
72452 5788 90530
5788 72452 90530
90530 5788 72452
40257 22146 136704
22146 40257 136704
136704 22146 40257
106405 129753 139016
129753 106405 139016
139016 106405 129753
15817 18929 30707
18929 15817 30707
30707 15817 18929
18599 59172 100780
59172 18599 100780
100780 18599 59172
96530 41666 84937
84937 41666 96530
41666 84937 96530
126412 51412 124801
124801 51412 126412
51412 124801 126412
8165 8313 138198
8313 8165 138198
138198 8165 8313
120215 12656 74406
74406 12656 120215
12656 74406 120215
51720 76770 90459
76770 51720 90459
90459 51720 76770
39731 17636 140531
17636 39731 140531
140531 17636 39731
85531 86092 146092
86092 85531 146092
146092 85531 86092
149352 20249 124204
124204 20249 149352
20249 124204 149352
79925 14927 55438
55438 14927 79925
14927 55438 79925
41599 120219 148076
120219 41599 148076
148076 41599 120219
148505 16465 79539
16465 79539 148505
79539 16465 148505
131382 19344 31414
31414 19344 131382
19344 31414 131382
45347 16400 117664
16400 45347 117664
117664 16400 45347
68755 93144 115074
115074 68755 93144
93144 68755 115074
51192 2765 76683
2765 51192 76683
76683 2765 51192
118172 55012 137067
137067 55012 118172
55012 118172 137067
37133 2113 81700
2113 37133 81700
81700 2113 37133
44075 32461 32686
32461 32686 44075
32686 32461 44075
147052 13459 144739
144739 13459 147052
13459 144739 147052
93423 101774 143748
143748 93423 101774
101774 93423 143748
98377 19308 67651
19308 67651 98377
67651 19308 98377
65512 6316 84543
84543 6316 65512
6316 65512 84543
49302 56343 130822
56343 49302 130822
130822 49302 56343
4368 127691 143779
127691 4368 143779
143779 4368 127691
137702 28878 65833
28878 65833 137702
65833 28878 137702
90485 50830 75696
50830 75696 90485
75696 50830 90485
19080 33540 120860
120860 19080 33540
33540 19080 120860
92333 35112 97902
97902 35112 92333
35112 92333 97902
97465 17457 131440
17457 97465 131440
131440 17457 97465
125546 8852 128444
128444 8852 125546
8852 125546 128444
56573 17959 112607
112607 17959 56573
17959 56573 112607
11909 14177 140488
14177 11909 140488
140488 11909 14177
93621 113513 146157
146157 93621 113513
113513 93621 146157
96990 90852 145036
145036 90852 96990
90852 96990 145036
146920 64601 148904
148904 64601 146920
64601 146920 148904
52885 58644 75494
75494 52885 58644
58644 52885 75494
107624 125750 141401
141401 107624 125750
125750 107624 141401
40104 24783 120756
24783 40104 120756
120756 24783 40104
32941 74211 88130
74211 32941 88130
88130 32941 74211
44805 48879 132924
48879 44805 132924
132924 44805 48879
128226 79218 90757
90757 79218 128226
79218 90757 128226
111330 84406 146788
84406 111330 146788
146788 84406 111330
17896 89308 129252
129252 17896 89308
89308 17896 129252
146289 63247 67091
63247 67091 146289
67091 63247 146289
78996 5158 37139
5158 37139 78996
37139 5158 78996
44058 5065 5250
5250 5065 44058
5065 5250 44058
128706 90078 125830
125830 90078 128706
90078 125830 128706
102148 49174 110898
49174 102148 110898
110898 49174 102148
59773 59820 107397
107397 59773 59820
59820 59773 107397
122641 13639 125268
125268 13639 122641
13639 122641 125268
28233 24251 142611
142611 24251 28233
24251 28233 142611
115567 2013 66645
2013 66645 115567
66645 2013 115567
89468 5533 28500
5533 28500 89468
28500 5533 89468
105243 39002 134426
134426 39002 105243
39002 105243 134426
95629 10447 95012
95012 10447 95629
10447 95012 95629
54463 44255 120125
44255 54463 120125
120125 44255 54463
73783 66686 122311
122311 66686 73783
66686 73783 122311
11402 34196 51742
34196 11402 51742
51742 11402 34196
85646 5961 145112
145112 5961 85646
5961 85646 145112
27844 26289 87545
26289 27844 87545
87545 26289 27844
78273 76917 127478
76917 78273 127478
127478 76917 78273
47936 59548 100943
100943 47936 59548
59548 47936 100943
68483 12526 42544
42544 12526 68483
12526 42544 68483
80559 757 70514
757 70514 80559
70514 757 80559
45621 37569 66812
66812 37569 45621
37569 45621 66812
16615 58099 122108
58099 16615 122108
122108 16615 58099
22461 112013 128395
112013 22461 128395
128395 22461 112013
38301 75528 139596
139596 38301 75528
75528 38301 139596
9855 40300 95416
40300 9855 95416
95416 9855 40300
120371 93475 127588
93475 120371 127588
127588 93475 120371
35020 88362 120486
88362 35020 120486
120486 35020 88362
104878 126736 130010
130010 104878 126736
126736 104878 130010
75083 27554 126669
126669 27554 75083
27554 75083 126669
75179 1621 71437
1621 71437 75179
71437 1621 75179
99814 11442 21294
21294 11442 99814
11442 21294 99814
15619 14977 127069
14977 15619 127069
127069 14977 15619
141458 68115 85635
85635 68115 141458
68115 85635 141458
24496 127995 147856
147856 24496 127995
127995 24496 147856
51966 18105 129902
18105 51966 129902
129902 18105 51966
68202 84249 119100
119100 68202 84249
84249 68202 119100
72325 47379 146266
146266 47379 72325
47379 72325 146266
141139 103097 103282
103282 103097 141139
103097 103282 141139
69228 30637 67652
30637 67652 69228
67652 30637 69228
94864 4167 106293
106293 4167 94864
4167 94864 106293
137872 21410 115324
21410 115324 137872
115324 21410 137872
52537 49127 133732
49127 52537 133732
133732 49127 52537
90267 89266 98836
89266 90267 98836
98836 89266 90267
101617 85349 105979
85349 101617 105979
105979 85349 101617
133756 134034 144977
134034 133756 144977
144977 133756 134034
11670 6194 119668
119668 6194 11670
6194 11670 119668
24764 27492 122752
122752 24764 27492
27492 24764 122752
8185 77591 86091
77591 8185 86091
86091 8185 77591
4332 112426 149237
149237 4332 112426
112426 4332 149237
102028 50874 144680
144680 50874 102028
50874 102028 144680
27751 135 94177
94177 135 27751
135 27751 94177
88278 40289 108284
40289 88278 108284
108284 40289 88278
75341 21830 46023
46023 21830 75341
21830 46023 75341
147988 15790 59268
59268 15790 147988
15790 59268 147988
3174 129983 146480
146480 3174 129983
129983 3174 146480
125282 33411 127194
33411 125282 127194
127194 33411 125282
37198 78927 102693
78927 37198 102693
102693 37198 78927
101939 64032 71044
64032 71044 101939
71044 64032 101939
29347 69679 102414
69679 29347 102414
102414 29347 69679
92302 5108 110774
5108 92302 110774
110774 5108 92302
2471 17212 82416
17212 2471 82416
82416 2471 17212
59401 13028 37673
37673 13028 59401
13028 37673 59401
99471 100020 144796
100020 99471 144796
144796 99471 100020
111150 60169 103755
103755 60169 111150
60169 103755 111150
147501 123458 149126
149126 123458 147501
123458 147501 149126
79097 26813 113013
113013 26813 79097
26813 79097 113013
135270 114298 148608
148608 114298 135270
114298 135270 148608
35944 15577 17911
15577 17911 35944
17911 15577 35944
97273 135983 146472
146472 97273 135983
135983 97273 146472
88292 33663 90028
90028 33663 88292
33663 88292 90028
56109 36287 149455
149455 36287 56109
36287 56109 149455
105457 64370 99660
99660 64370 105457
64370 99660 105457
53169 126679 127871
127871 53169 126679
126679 53169 127871
104474 82899 96279
82899 96279 104474
96279 82899 104474
137034 79399 105794
79399 105794 137034
105794 79399 137034
18793 37823 115242
115242 18793 37823
37823 18793 115242
141046 67824 111795
111795 67824 141046
67824 111795 141046
118565 109699 137869
137869 109699 118565
109699 118565 137869
71472 36009 72814
72814 36009 71472
36009 71472 72814
98257 108406 135286
135286 98257 108406
108406 98257 135286
127931 1139 71470
1139 71470 127931
71470 1139 127931
116250 14644 114072
14644 114072 116250
114072 14644 116250
31517 5208 77482
5208 31517 77482
77482 5208 31517
51536 95258 115811
115811 51536 95258
95258 51536 115811
15838 98346 100631
100631 15838 98346
98346 15838 100631
83948 3100 17687
3100 17687 83948
17687 3100 83948
115923 24260 24391
24391 24260 115923
24260 24391 115923
78765 6793 74915
74915 6793 78765
6793 74915 78765
144794 34266 66403
34266 66403 144794
66403 34266 144794
1360 16958 137279
16958 1360 137279
137279 1360 16958
13011 52418 74685
74685 13011 52418
52418 13011 74685
74811 37706 38658
38658 37706 74811
37706 38658 74811
105767 52451 74132
74132 52451 105767
52451 74132 105767
63211 25183 46316
25183 46316 63211
46316 25183 63211
97072 44915 56515
56515 44915 97072
44915 56515 97072
74327 89007 141042
141042 74327 89007
89007 74327 141042
143222 40240 49815
49815 40240 143222
40240 49815 143222
19842 101196 126120
126120 19842 101196
101196 19842 126120
148275 70196 102820
102820 70196 148275
70196 102820 148275
54141 54855 96886
96886 54141 54855
54855 54141 96886
72755 7608 41247
41247 7608 72755
7608 41247 72755
50521 113586 117933
117933 50521 113586
113586 50521 117933
30794 30294 136056
136056 30294 30794
30294 30794 136056
35643 101910 129207
101910 35643 129207
129207 35643 101910
107498 77174 141908
77174 107498 141908
141908 77174 107498
134874 26965 41167
41167 26965 134874
26965 41167 134874
22363 19629 125337
19629 22363 125337
125337 19629 22363
66392 45905 107924
107924 45905 66392
45905 66392 107924
108159 33556 56437
56437 33556 108159
33556 56437 108159
131044 82681 106107
82681 106107 131044
106107 82681 131044
107407 50332 58096
50332 58096 107407
58096 50332 107407
22362 5081 97096
5081 22362 97096
97096 5081 22362
124057 36266 105373
36266 105373 124057
105373 36266 124057
30807 16841 50872
50872 16841 30807
16841 30807 50872
72067 48877 111960
111960 48877 72067
48877 72067 111960
4945 15307 45658
15307 4945 45658
45658 4945 15307
70763 3678 137686
3678 70763 137686
137686 3678 70763
16131 22101 124749
22101 16131 124749
124749 16131 22101
39584 95572 120216
120216 39584 95572
95572 39584 120216
133764 69659 86238
86238 69659 133764
69659 86238 133764
123330 36139 68445
36139 68445 123330
68445 36139 123330
10152 57860 148642
148642 10152 57860
57860 10152 148642
70509 36645 80453
36645 70509 80453
80453 36645 70509
39531 15925 67099
67099 15925 39531
15925 39531 67099
110316 1437 74169
1437 74169 110316
74169 1437 110316
41970 42375 94036
42375 41970 94036
94036 41970 42375
91188 31638 107843
31638 91188 107843
107843 31638 91188
115130 70963 129953
70963 115130 129953
129953 70963 115130
38597 84892 93715
93715 38597 84892
84892 38597 93715
33820 118656 132869
118656 33820 132869
132869 33820 118656
119626 8381 75482
8381 75482 119626
75482 8381 119626
131523 96039 101694
96039 101694 131523
101694 96039 131523
423 28565 43462
43462 423 28565
28565 423 43462
16149 77528 98119
77528 16149 98119
98119 16149 77528
73541 82587 121874
82587 73541 121874
121874 73541 82587
66961 46517 85591
46517 66961 85591
85591 46517 66961
123254 84236 103491
103491 84236 123254
84236 103491 123254
21438 8497 69621
8497 21438 69621
69621 8497 21438
52924 12356 46638
46638 12356 52924
12356 46638 52924
77964 43443 64954
43443 64954 77964
64954 43443 77964
43834 85395 127384
85395 43834 127384
127384 43834 85395
142422 44872 91896
91896 44872 142422
44872 91896 142422
83542 54883 77822
77822 54883 83542
54883 77822 83542
130074 110926 149204
110926 130074 149204
149204 110926 130074
143412 97253 128094
97253 128094 143412
128094 97253 143412
106573 67341 107663
107663 67341 106573
67341 106573 107663
117432 13080 86418
13080 86418 117432
86418 13080 117432
46645 93649 124834
93649 46645 124834
124834 46645 93649
52403 15036 24381
15036 24381 52403
24381 15036 52403
125610 43877 60423
60423 43877 125610
43877 60423 125610
102725 62595 64746
64746 62595 102725
62595 64746 102725
66176 18351 70296
18351 66176 70296
70296 18351 66176
67507 40848 129593
40848 67507 129593
129593 40848 67507
20937 57330 69211
57330 20937 69211
69211 20937 57330
49485 16083 57063
57063 16083 49485
16083 49485 57063
126531 132165 134131
134131 126531 132165
132165 126531 134131
68306 62363 78341
62363 68306 78341
78341 62363 68306
14457 45806 114230
114230 14457 45806
45806 14457 114230
10712 53082 97190
53082 10712 97190
97190 10712 53082
127184 66027 85460
85460 66027 127184
66027 85460 127184
122878 31860 82749
31860 82749 122878
82749 31860 122878
90346 97565 117990
117990 90346 97565
97565 90346 117990
63361 20184 25167
20184 25167 63361
25167 20184 63361
131386 28524 116295
28524 116295 131386
116295 28524 131386
67957 1726 36238
36238 1726 67957
1726 36238 67957
79588 121654 123552
121654 79588 123552
123552 79588 121654
103459 49033 75667
49033 75667 103459
75667 49033 103459
47778 116791 134366
134366 47778 116791
116791 47778 134366
125804 57545 108715
57545 108715 125804
108715 57545 125804
7921 47380 148452
47380 7921 148452
148452 7921 47380
59765 80744 148011
80744 59765 148011
148011 59765 80744
32614 6051 125138
6051 32614 125138
125138 6051 32614
22340 14120 68050
68050 14120 22340
14120 22340 68050
55071 23479 47803
47803 23479 55071
23479 47803 55071
115319 32134 116004
116004 32134 115319
32134 115319 116004
12103 11853 40423
40423 11853 12103
11853 12103 40423
55489 9294 36283
36283 9294 55489
9294 36283 55489
20510 37319 137281
137281 20510 37319
37319 20510 137281
84205 18712 36444
36444 18712 84205
18712 36444 84205
46735 120902 126704
126704 46735 120902
120902 46735 126704
15801 34105 72748
34105 15801 72748
72748 15801 34105
5883 2755 137975
2755 5883 137975
137975 2755 5883
136414 131476 144474
144474 131476 136414
131476 136414 144474
115889 3267 80237
80237 3267 115889
3267 80237 115889
122083 95860 125141
125141 95860 122083
95860 122083 125141
67284 21414 60495
60495 21414 67284
21414 60495 67284
81912 30192 82774
82774 30192 81912
30192 81912 82774
23754 30030 56705
30030 23754 56705
56705 23754 30030
134894 47270 148335
47270 134894 148335
148335 47270 134894
22852 8390 143146
8390 22852 143146
143146 8390 22852
145312 52247 54594
54594 52247 145312
52247 54594 145312
117393 20520 81623
20520 81623 117393
81623 20520 117393
25684 112687 129328
129328 25684 112687
112687 25684 129328
99015 51526 77301
77301 51526 99015
51526 77301 99015
26095 71247 119576
71247 26095 119576
119576 26095 71247
16959 18012 137139
18012 16959 137139
137139 16959 18012
65476 85956 102319
102319 65476 85956
85956 65476 102319
117000 25621 89859
89859 25621 117000
25621 89859 117000
109763 40831 116277
116277 40831 109763
40831 109763 116277
108379 5594 76531
76531 5594 108379
5594 76531 108379
118820 79697 137849
79697 118820 137849
137849 79697 118820
143726 87048 90718
90718 87048 143726
87048 90718 143726
11832 5178 50404
5178 11832 50404
50404 5178 11832
6898 45623 58072
58072 6898 45623
45623 6898 58072
124040 6820 10444
10444 6820 124040
6820 10444 124040
2297 55299 83366
83366 2297 55299
55299 2297 83366
63869 2529 74348
2529 63869 74348
74348 2529 63869
138523 45696 81388
45696 81388 138523
81388 45696 138523
72216 88021 139927
139927 72216 88021
88021 72216 139927
14611 97065 105007
105007 14611 97065
97065 14611 105007
147344 25402 97391
97391 25402 147344
25402 97391 147344
22255 22122 113753
22122 22255 113753
113753 22122 22255
37014 80495 126579
126579 37014 80495
80495 37014 126579
13996 43879 72014
72014 13996 43879
43879 13996 72014
90872 2301 69137
2301 69137 90872
69137 2301 90872
55865 10578 141643
10578 55865 141643
141643 10578 55865
47641 6638 19658
19658 6638 47641
6638 19658 47641
141967 116520 136511
116520 136511 141967
136511 116520 141967
21804 93314 140343
140343 21804 93314
93314 21804 140343
20892 6720 75236
75236 6720 20892
6720 20892 75236
34237 25014 137147
137147 25014 34237
25014 34237 137147
110833 70768 83181
83181 70768 110833
70768 83181 110833
85254 51965 76159
51965 76159 85254
76159 51965 85254
75557 67302 104184
67302 75557 104184
104184 67302 75557
21984 1298 61739
1298 21984 61739
61739 1298 21984
122931 49088 143044
143044 49088 122931
49088 122931 143044
28072 28148 85798
28148 28072 85798
85798 28072 28148
86113 58917 73949
73949 58917 86113
58917 73949 86113
21907 53102 62883
62883 21907 53102
53102 21907 62883
85926 34410 96543
34410 85926 96543
96543 34410 85926
135244 6623 81054
6623 81054 135244
81054 6623 135244
79961 20943 104178
104178 20943 79961
20943 79961 104178
54662 60806 106956
60806 54662 106956
106956 54662 60806
124681 18043 54352
54352 18043 124681
18043 54352 124681
120212 55564 111037
55564 111037 120212
111037 55564 120212
142878 13615 80418
13615 80418 142878
80418 13615 142878
64069 57745 124588
124588 57745 64069
57745 64069 124588
126454 72809 120886
120886 72809 126454
72809 120886 126454
145045 124569 126718
124569 126718 145045
126718 124569 145045
102201 16547 59767
16547 59767 102201
59767 16547 102201
121991 27745 56287
27745 56287 121991
56287 27745 121991
98957 20815 109005
20815 98957 109005
109005 20815 98957
73246 90187 120412
90187 73246 120412
120412 73246 90187
44195 27230 126141
27230 44195 126141
126141 27230 44195
54936 9075 52959
52959 9075 54936
9075 52959 54936
29647 15239 128531
128531 15239 29647
15239 29647 128531
8412 10585 14640
14640 8412 10585
10585 8412 14640
83923 86873 126121
86873 83923 126121
126121 83923 86873
114408 10421 41641
10421 41641 114408
41641 10421 114408
111424 5964 30462
30462 5964 111424
5964 30462 111424
13671 111006 142528
111006 13671 142528
142528 13671 111006
74848 60359 112789
112789 60359 74848
60359 74848 112789
126201 2165 51655
51655 2165 126201
2165 51655 126201
133787 79042 128479
128479 79042 133787
79042 128479 133787
13561 30187 79783
79783 13561 30187
30187 13561 79783
69342 30653 143550
30653 69342 143550
143550 30653 69342
101209 58367 131452
131452 58367 101209
58367 101209 131452
104837 37979 44830
37979 44830 104837
44830 37979 104837
48017 1762 109547
109547 1762 48017
1762 48017 109547
90463 61405 128552
128552 61405 90463
61405 90463 128552
29841 94785 142212
94785 29841 142212
142212 29841 94785
43603 25457 84756
84756 25457 43603
25457 43603 84756
39739 96828 103917
96828 39739 103917
103917 39739 96828
79012 75841 102828
102828 75841 79012
75841 79012 102828
127814 42822 80591
42822 80591 127814
80591 42822 127814
145989 43460 71620
71620 43460 145989
43460 71620 145989
35826 35019 40134
40134 35019 35826
35019 35826 40134
132472 24953 83107
83107 24953 132472
24953 83107 132472
99956 52093 79583
79583 52093 99956
52093 79583 99956
96936 131527 143676
131527 96936 143676
143676 96936 131527
80345 71671 77693
77693 71671 80345
71671 77693 80345
20006 78863 125262
78863 20006 125262
125262 20006 78863
103994 10996 46956
10996 46956 103994
46956 10996 103994
2519 15074 74161
15074 2519 74161
74161 2519 15074
135237 79740 114477
114477 79740 135237
79740 114477 135237
68204 58408 63738
58408 63738 68204
63738 58408 68204
25619 92079 147949
147949 25619 92079
92079 25619 147949
19756 74974 126547
126547 19756 74974
74974 19756 126547
30954 914 58725
58725 914 30954
914 30954 58725
95701 36161 68951
36161 68951 95701
68951 36161 95701
47921 25667 102590
102590 25667 47921
25667 47921 102590
75901 8188 83272
83272 8188 75901
8188 75901 83272
130850 8787 100849
8787 100849 130850
100849 8787 130850
14129 20164 68036
20164 14129 68036
68036 14129 20164
140643 94959 118647
94959 118647 140643
118647 94959 140643
21680 285 135877
135877 285 21680
285 21680 135877
126431 117045 140546
140546 117045 126431
117045 126431 140546
24692 115034 123384
115034 24692 123384
123384 24692 115034
14054 131530 136576
131530 14054 136576
136576 14054 131530
12896 46276 67389
46276 12896 67389
67389 12896 46276
35063 110062 139508
110062 35063 139508
139508 35063 110062
145371 19616 44525
19616 44525 145371
44525 19616 145371
108822 7503 79751
79751 7503 108822
7503 79751 108822
10766 68012 110719
68012 10766 110719
110719 10766 68012
20432 31686 107841
107841 20432 31686
31686 20432 107841
68378 37870 70413
37870 68378 70413
70413 37870 68378
63785 55459 130176
130176 55459 63785
55459 63785 130176
75834 38778 67944
38778 67944 75834
67944 38778 75834
147170 107007 140557
107007 140557 147170
140557 107007 147170
128440 2215 86822
86822 2215 128440
2215 86822 128440
103669 88724 117195
88724 103669 117195
117195 88724 103669
20033 48705 131032
48705 20033 131032
131032 20033 48705
134520 110080 110673
110673 110080 134520
110080 110673 134520
25672 17266 86814
86814 17266 25672
17266 25672 86814
13472 6804 130965
6804 13472 130965
130965 6804 13472
54603 76570 133586
133586 54603 76570
76570 54603 133586
46304 37970 111807
111807 37970 46304
37970 46304 111807
79316 135561 142329
135561 79316 142329
142329 79316 135561
67534 55045 56865
56865 55045 67534
55045 56865 67534
108908 109145 119502
119502 108908 109145
109145 108908 119502
83421 23233 85562
23233 83421 85562
85562 23233 83421
118275 33460 87353
87353 33460 118275
33460 87353 118275
11863 4211 122260
4211 11863 122260
