307 282 650
650 282 307
282 307 650
1431 898 1456
1456 898 1431
898 1431 1456
920 535 868
868 535 920
535 868 920
279 100 945
100 279 945
945 100 279
1200 31 127
31 127 1200
127 31 1200
947 459 631
631 459 947
459 631 947
252 755 896
755 252 896
896 252 755
1391 86 1081
1081 86 1391
86 1081 1391
1338 1348 1362
1362 1338 1348
1348 1338 1362
1286 1144 1480
1144 1286 1480
1480 1144 1286
657 922 1152
922 657 1152
1152 657 922
306 606 1428
606 306 1428
1428 306 606
619 638 1095
1095 619 638
638 619 1095
956 368 1425
368 956 1425
1425 368 956
866 796 803
803 796 866
796 803 866
1489 438 1006
1006 438 1489
438 1006 1489
1163 153 334
153 334 1163
334 153 1163
971 280 1405
1405 280 971
280 971 1405
1429 203 790
203 790 1429
790 203 1429
570 807 1336
807 570 1336
1336 570 807
116 1145 1392
1392 116 1145
1145 116 1392
955 108 470
470 108 955
108 470 955
405 217 1045
217 405 1045
1045 217 405
861 466 754
466 754 861
754 466 861
413 321 1241
321 413 1241
1241 321 413
1051 315 512
512 315 1051
315 512 1051
925 191 1180
191 925 1180
1180 191 925
998 70 819
70 819 998
819 70 998
1329 230 1031
230 1031 1329
1031 230 1329
1171 499 890
890 499 1171
499 890 1171
766 287 578
578 287 766
287 578 766
142 292 339
339 142 292
292 142 339
1255 545 586
586 545 1255
545 586 1255
659 1182 1465
1182 659 1465
1465 659 1182
1298 29 1285
1285 29 1298
29 1285 1298
1472 1064 1292
1064 1292 1472
1292 1064 1472
3 664 847
847 3 664
664 3 847
135 259 726
726 135 259
259 135 726
1356 862 997
862 997 1356
997 862 1356
840 738 1297
1297 738 840
738 840 1297
1055 139 591
139 591 1055
591 139 1055
441 751 886
886 441 751
751 441 886
1017 352 1239
352 1017 1239
1239 352 1017
460 858 1408
858 460 1408
1408 460 858
1305 1019 1433
1019 1305 1433
1433 1019 1305
1295 474 916
916 474 1295
474 916 1295
908 520 695
520 695 908
695 520 908
543 270 1469
270 543 1469
1469 270 543
1176 237 1320
237 1176 1320
1320 237 1176
22 195 1486
1486 22 195
195 22 1486
1022 914 1294
1294 914 1022
914 1022 1294
995 238 801
801 238 995
238 801 995
392 332 468
468 332 392
332 392 468
845 145 1435
145 845 1435
1435 145 845
383 23 879
879 23 383
23 383 879
684 35 187
35 187 684
187 35 684
1061 1157 1220
1157 1061 1220
1220 1061 1157
417 114 456
456 114 417
114 417 456
1388 175 895
175 895 1388
895 175 1388
24 1023 1296
1296 24 1023
1023 24 1296
540 360 622
622 360 540
360 540 622
921 150 1094
150 921 1094
1094 150 921
229 202 295
202 229 295
295 202 229
655 949 980
980 655 949
949 655 980
1474 712 1351
712 1351 1474
1351 712 1474
1270 369 744
744 369 1270
369 744 1270
458 407 705
705 407 458
407 458 705
346 537 592
537 346 592
592 346 537
878 768 1162
768 878 1162
1162 768 878
486 831 1280
831 486 1280
1280 486 831
78 333 610
333 78 610
610 78 333
241 698 1426
698 241 1426
1426 241 698
484 608 620
620 484 608
608 484 620
1497 212 516
516 212 1497
212 516 1497
645 219 557
557 219 645
219 557 645
1266 49 983
49 983 1266
983 49 1266
68 273 531
531 68 273
273 68 531
618 121 426
121 426 618
426 121 618
1015 329 992
329 992 1015
992 329 1015
1283 941 1140
941 1140 1283
1140 941 1283
1379 792 1091
1091 792 1379
792 1091 1379
1138 161 1207
161 1138 1207
1207 161 1138
1059 378 769
378 769 1059
769 378 1059
99 236 286
236 99 286
286 99 236
331 453 1271
1271 331 453
453 331 1271
1330 411 1222
411 1222 1330
1222 411 1330
1060 372 1281
372 1060 1281
1281 372 1060
1479 403 827
827 403 1479
403 827 1479
530 1205 1290
1290 530 1205
1205 530 1290
773 573 1265
1265 573 773
573 773 1265
607 277 419
419 277 607
277 419 607
463 418 973
973 418 463
418 463 973
646 424 666
666 424 646
424 646 666
1080 69 1432
1432 69 1080
69 1080 1432
1178 263 1370
263 1178 1370
1370 263 1178
1340 190 367
367 190 1340
190 367 1340
341 278 815
815 278 341
278 341 815
318 1050 1399
1399 318 1050
1050 318 1399
1259 444 821
444 821 1259
821 444 1259
289 17 34
17 34 289
34 17 289
76 323 386
323 76 386
386 76 323
990 494 1303
494 990 1303
1303 494 990
1492 327 1216
327 1216 1492
1216 327 1492
1000 284 735
284 735 1000
735 284 1000
571 461 800
800 461 571
461 571 800
1067 71 1119
1119 71 1067
71 1067 1119
120 808 1219
1219 120 808
808 120 1219
953 806 931
931 806 953
806 931 953
1136 226 1014
1014 226 1136
226 1014 1136
617 814 1149
814 617 1149
1149 617 814
902 1166 1481
1481 902 1166
1166 902 1481
554 501 1092
1092 501 554
501 554 1092
1490 232 1417
232 1417 1490
1417 232 1490
668 8 1322
8 668 1322
1322 8 668
172 678 1427
678 172 1427
1427 172 678
1168 1004 1097
1097 1004 1168
1004 1097 1168
1483 893 1421
893 1421 1483
1421 893 1483
162 1134 1196
1134 162 1196
1196 162 1134
780 192 1175
192 780 1175
1175 192 780
5 1123 1231
1231 5 1123
1123 5 1231
210 810 1316
810 210 1316
1316 210 810
382 675 1288
675 382 1288
1288 382 675
627 852 1344
1344 627 852
852 627 1344
1116 223 1416
223 1116 1416
1416 223 1116
584 147 923
147 584 923
923 147 584
1181 141 440
141 440 1181
440 141 1181
1323 393 1496
393 1323 1496
1496 393 1323
1422 904 1245
904 1245 1422
1245 904 1422
201 281 692
692 201 281
281 201 692
771 384 1471
1471 384 771
384 771 1471
1238 825 836
836 825 1238
825 836 1238
1335 756 1013
1013 756 1335
756 1013 1335
581 271 850
271 581 850
850 271 581
662 425 1390
425 662 1390
1390 425 662
784 546 1278
1278 546 784
546 784 1278
457 170 1068
1068 170 457
170 457 1068
234 276 1235
1235 234 276
276 234 1235
267 388 498
498 267 388
388 267 498
910 373 1115
373 910 1115
1115 373 910
1011 52 1381
52 1011 1381
1381 52 1011
1101 111 833
111 833 1101
833 111 1101
696 549 804
549 696 804
804 549 696
1261 338 907
338 907 1261
907 338 1261
652 822 1331
1331 652 822
822 652 1331
1279 387 1364
387 1279 1364
1364 387 1279
639 1355 1393
1393 639 1355
1355 639 1393
89 105 253
253 89 105
105 89 253
869 915 1217
915 869 1217
1217 869 915
1455 706 1128
1128 706 1455
706 1128 1455
1194 691 1001
691 1001 1194
1001 691 1194
981 654 658
658 654 981
654 658 981
1073 1030 1139
1030 1073 1139
1139 1030 1073
1141 963 1126
963 1126 1141
1126 963 1141
708 90 151
151 90 708
90 151 708
797 509 1452
509 797 1452
1452 509 797
490 709 884
709 490 884
884 490 709
272 302 1224
1224 272 302
302 272 1224
1478 588 1112
588 1112 1478
1112 588 1478
1189 119 1263
1263 119 1189
119 1189 1263
43 242 1150
1150 43 242
242 43 1150
385 774 1147
774 385 1147
1147 385 774
254 471 1188
471 254 1188
1188 254 471
913 110 1410
1410 110 913
110 913 1410
1256 787 1237
787 1237 1256
1237 787 1256
779 72 525
525 72 779
72 525 779
160 1137 1366
1366 160 1137
1137 160 1366
240 1191 1491
1191 240 1491
1491 240 1191
628 79 762
762 79 628
79 628 762
1500 485 1012
1012 485 1500
485 1012 1500
432 109 269
109 269 432
269 109 432
1463 747 1214
1214 747 1463
747 1214 1463
1327 928 1358
928 1327 1358
1358 928 1327
1125 1016 1204
1016 1125 1204
1204 1016 1125
1315 903 1161
903 1161 1315
1161 903 1315
505 61 137
137 61 505
61 137 505
1195 660 683
660 683 1195
683 660 1195
694 182 566
182 566 694
566 182 694
239 283 377
283 239 377
377 239 283
214 95 1332
1332 95 214
95 214 1332
539 887 900
900 539 887
887 539 900
585 58 165
58 165 585
165 58 585
97 401 1079
401 97 1079
1079 97 401
46 335 1354
1354 46 335
335 46 1354
962 565 674
565 674 962
674 565 962
889 450 867
867 450 889
450 867 889
697 434 1311
1311 434 697
434 697 1311
1201 173 1106
1106 173 1201
173 1106 1201
483 420 595
420 483 595
595 420 483
813 59 1264
59 813 1264
1264 59 813
1087 559 1328
559 1087 1328
1328 559 1087
128 1007 1185
1007 128 1185
1185 128 1007
1324 48 958
958 48 1324
48 958 1324
859 146 517
517 146 859
146 517 859
1346 954 1451
1451 954 1346
954 1346 1451
30 26 640
640 26 30
26 30 640
462 130 363
130 363 462
363 130 462
1450 593 1143
1143 593 1450
593 1143 1450
1210 1078 1357
1078 1210 1357
1357 1078 1210
244 85 204
85 204 244
204 85 244
897 791 1373
1373 791 897
791 897 1373
1229 633 1349
1349 633 1229
633 1229 1349
75 303 686
303 75 686
686 75 303
1130 911 969
969 911 1130
911 969 1130
699 343 1002
1002 343 699
343 699 1002
304 246 1032
246 304 1032
1032 246 304
1 84 1444
84 1 1444
1444 1 84
609 73 538
538 73 609
73 538 609
93 188 782
782 93 188
188 93 782
693 994 1423
994 693 1423
1423 693 994
1173 579 1215
1215 579 1173
579 1173 1215
550 828 832
828 550 832
832 550 828
1467 491 1498
1498 491 1467
491 1467 1498
1199 558 1118
558 1118 1199
1118 558 1199
1243 1246 1394
1246 1243 1394
1394 1243 1246
1447 91 1053
1053 91 1447
91 1053 1447
1036 1234 1350
1234 1036 1350
1350 1036 1234
439 166 785
166 439 785
785 166 439
222 601 786
601 222 786
786 222 601
1448 508 1039
508 1039 1448
1039 508 1448
809 1102 1436
1436 809 1102
1102 809 1436
1129 255 1105
1105 255 1129
255 1105 1129
1041 1021 1236
1021 1041 1236
1236 1021 1041
101 340 1009
340 101 1009
1009 101 340
637 245 938
245 637 938
938 245 637
594 1108 1494
1108 594 1494
1494 594 1108
1276 513 1122
513 1122 1276
1122 513 1276
1386 829 1389
1389 829 1386
829 1386 1389
721 939 1284
1284 721 939
939 721 1284
943 64 452
64 452 943
452 64 943
213 152 888
888 152 213
152 213 888
1197 138 582
582 138 1197
138 582 1197
937 148 1111
148 937 1111
1111 148 937
1460 266 1086
266 1086 1460
1086 266 1460
985 268 469
268 469 985
469 268 985
1114 626 830
626 830 1114
830 626 1114
362 951 1158
1158 362 951
951 362 1158
613 233 970
970 233 613
233 613 970
106 179 1043
179 106 1043
1043 106 179
443 433 1169
433 443 1169
1169 433 443
730 129 860
860 129 730
129 730 860
772 506 1107
1107 506 772
506 772 1107
1135 855 1413
855 1135 1413
1413 855 1135
446 102 524
524 102 446
102 446 524
205 1172 1466
1172 205 1466
1466 205 1172
14 250 818
250 14 818
818 14 250
737 51 1047
1047 51 737
51 737 1047
1382 1028 1445
1445 1028 1382
1028 1382 1445
1304 487 680
680 487 1304
487 680 1304
402 27 752
752 27 402
27 402 752
475 719 880
719 475 880
880 475 719
96 548 1174
548 96 1174
1174 96 548
427 748 968
748 427 968
968 427 748
41 290 1084
290 41 1084
1084 41 290
993 799 1223
799 993 1223
1223 799 993
1072 661 1154
661 1072 1154
1154 661 1072
1206 247 802
247 802 1206
802 247 1206
313 761 1099
761 313 1099
1099 313 761
653 552 728
552 653 728
728 552 653
1321 1198 1380
1380 1198 1321
1198 1321 1380
381 732 1347
732 381 1347
1347 381 732
1317 899 1260
899 1260 1317
1260 899 1317
174 11 811
11 174 811
811 11 174
397 1187 1345
1187 397 1345
1345 397 1187
605 731 1314
1314 605 731
731 605 1314
979 218 933
933 218 979
218 933 979
1377 777 987
777 987 1377
987 777 1377
20 473 1418
473 20 1418
1418 20 473
389 293 404
293 389 404
404 293 389
1117 256 291
256 291 1117
291 256 1117
881 54 621
621 54 881
54 621 881
143 9 249
9 143 249
249 9 143
243 40 974
40 243 974
974 40 243
1359 92 1240
92 1240 1359
1240 92 1359
999 1058 1103
1058 999 1103
1103 999 1058
1109 724 930
724 930 1109
930 724 1109
682 670 1029
1029 670 682
670 682 1029
317 185 1124
185 317 1124
1124 185 317
1247 65 1411
65 1247 1411
1411 65 1247
736 414 1250
1250 414 736
414 736 1250
901 115 656
656 115 901
115 656 901
350 783 1008
783 350 1008
1008 350 783
258 154 1098
1098 154 258
154 258 1098
1113 265 400
265 400 1113
400 265 1113
1415 788 1313
788 1313 1415
1313 788 1415
299 733 764
764 299 733
733 299 764
614 325 410
410 325 614
325 410 614
793 1242 1461
1461 793 1242
1242 793 1461
422 596 1299
596 422 1299
1299 422 596
310 112 357
112 310 357
357 112 310
337 972 1070
1070 337 972
972 337 1070
1226 416 1209
1209 416 1226
416 1209 1226
1121 361 1493
361 1121 1493
1493 361 1121
758 464 597
464 597 758
597 464 758
406 157 455
455 157 406
157 406 455
1025 1005 1269
1269 1005 1025
1005 1025 1269
1167 875 891
891 875 1167
875 891 1167
354 883 1142
883 354 1142
1142 354 883
1233 663 1387
663 1233 1387
1387 663 1233
770 590 647
590 647 770
647 590 770
62 117 492
492 62 117
117 62 492
394 264 1228
264 394 1228
1228 264 394
526 10 853
10 526 853
853 10 526
877 133 1179
133 877 1179
1179 133 877
580 1312 1383
1312 580 1383
1383 580 1312
221 1034 1272
1034 221 1272
1272 221 1034
885 348 854
854 348 885
348 854 885
82 183 355
355 82 183
183 82 355
421 957 1442
957 421 1442
1442 421 957
906 611 1430
1430 611 906
611 906 1430
749 211 1488
1488 211 749
211 749 1488
1131 944 1306
1306 944 1131
944 1131 1306
1339 1177 1402
1402 1177 1339
1177 1339 1402
823 123 1202
123 823 1202
1202 123 823
518 435 1075
435 518 1075
1075 435 518
197 124 478
478 124 197
124 197 478
665 209 740
740 209 665
209 665 740
669 679 966
679 669 966
966 669 679
1065 56 57
57 56 1065
56 57 1065
390 4 28
4 28 390
28 4 390
1404 193 1184
1184 193 1404
193 1184 1404
1275 529 1155
1155 529 1275
529 1155 1275
1268 507 982
507 982 1268
982 507 1268
1071 131 919
131 919 1071
919 131 1071
547 7 978
7 547 978
978 7 547
1193 465 1307
1307 465 1193
465 1193 1307
1407 168 1300
168 1300 1407
1300 168 1407
1443 140 371
371 140 1443
140 371 1443
851 122 720
720 122 851
122 720 851
149 375 1218
1218 149 375
375 149 1218
1325 648 741
741 648 1325
648 741 1325
681 80 113
113 80 681
80 113 681
1453 118 874
874 118 1453
118 874 1453
562 1363 1419
1363 562 1419
1419 562 1363
500 1248 1464
1464 500 1248
1248 500 1464
521 301 1273
301 521 1273
1273 301 521
1440 176 701
176 701 1440
701 176 1440
1254 349 1018
349 1018 1254
1018 349 1254
1040 1038 1186
1186 1038 1040
1038 1040 1186
314 297 1361
1361 297 314
297 314 1361
156 527 1333
527 156 1333
1333 156 527
15 522 671
671 15 522
522 15 671
515 16 936
936 16 515
16 515 936
408 856 996
856 408 996
996 408 856
1074 447 688
688 447 1074
447 688 1074
125 21 975
975 21 125
21 125 975
1042 917 960
917 960 1042
960 917 1042
180 308 481
308 180 481
481 180 308
55 602 1133
602 55 1133
1133 55 602
572 940 1057
1057 572 940
940 572 1057
1192 50 380
50 380 1192
380 50 1192
1104 184 1257
1257 184 1104
184 1104 1257
778 497 934
934 497 778
497 778 934
200 181 1378
181 200 1378
1378 181 200
336 134 1100
1100 134 336
134 336 1100
1024 523 1035
523 1024 1035
1035 523 1024
1253 482 722
482 722 1253
722 482 1253
651 568 843
843 568 651
568 651 843
1476 60 493
493 60 1476
60 493 1476
1027 569 1449
569 1027 1449
1449 569 1027
667 261 320
261 320 667
320 261 667
324 155 589
589 155 324
155 324 589
826 763 1308
763 826 1308
1308 763 826
1439 1020 1258
1258 1020 1439
1020 1258 1439
1470 396 1151
1151 396 1470
396 1151 1470
351 583 603
583 351 603
603 351 583
374 534 704
534 374 704
704 374 534
132 39 442
442 39 132
39 132 442
587 798 1146
798 587 1146
1146 587 798
824 690 848
690 824 848
848 690 824
528 344 912
912 344 528
344 528 912
729 685 1232
1232 685 729
685 729 1232
1076 677 781
781 677 1076
677 781 1076
743 702 1485
1485 702 743
702 743 1485
873 511 1458
511 873 1458
1458 511 873
359 12 643
12 359 643
643 12 359
1088 842 1244
1244 842 1088
842 1088 1244
227 575 1454
575 227 1454
1454 227 575
305 624 1420
624 305 1420
1420 305 624
398 504 574
504 398 574
574 398 504
74 87 1475
87 74 1475
1475 74 87
1048 555 1446
555 1048 1446
1446 555 1048
794 32 1203
32 794 1203
1203 32 794
844 66 857
66 844 857
857 66 844
759 376 1267
1267 376 759
376 759 1267
1462 480 959
480 959 1462
959 480 1462
19 563 882
882 19 563
563 19 882
1353 81 846
81 846 1353
846 81 1353
1457 599 1089
1089 599 1457
599 1089 1457
812 805 1090
805 812 1090
1090 805 812
94 103 198
198 94 103
103 94 198
430 36 1063
36 430 1063
1063 36 430
986 451 1003
1003 451 986
451 986 1003
1274 753 849
849 753 1274
753 849 1274
1372 635 1054
635 1054 1372
1054 635 1372
13 423 649
423 13 649
649 13 423
615 216 1434
216 615 1434
1434 216 615
42 206 564
564 42 206
206 42 564
158 144 689
144 158 689
689 144 158
926 489 977
977 489 926
489 926 977
53 251 1160
1160 53 251
251 53 1160
514 395 918
918 395 514
395 514 918
316 220 1310
1310 220 316
220 316 1310
1183 365 1395
1395 365 1183
365 1183 1395
1132 328 795
795 328 1132
328 795 1132
1409 37 503
37 503 1409
503 37 1409
194 687 838
687 194 838
838 194 687
159 600 707
600 159 707
707 159 600
510 248 630
248 510 630
630 248 510
178 872 1230
872 178 1230
1230 178 872
629 746 1482
1482 629 746
746 629 1482
703 164 1049
164 703 1049
1049 164 703
454 1052 1062
1062 454 1052
1052 454 1062
225 776 1165
776 225 1165
1165 225 776
136 642 1437
642 136 1437
1437 136 642
816 820 1066
1066 816 820
820 816 1066
1459 536 1251
536 1251 1459
1251 536 1459
1319 431 1252
1252 431 1319
431 1252 1319
863 1365 1441
1365 863 1441
1441 863 1365
623 1069 1093
1093 623 1069
1069 623 1093
472 262 757
262 472 757
757 262 472
965 477 641
477 641 965
641 477 965
44 929 935
935 44 929
929 44 935
1044 274 560
274 560 1044
560 274 1044
1343 634 1401
634 1343 1401
1401 634 1343
502 1033 1337
1337 502 1033
1033 502 1337
208 399 625
625 208 399
399 208 625
391 63 1302
1302 63 391
63 391 1302
298 358 835
835 298 358
358 298 835
1120 1153 1374
1374 1120 1153
1153 1120 1374
1412 231 322
322 231 1412
231 322 1412
1221 167 576
576 167 1221
167 576 1221
45 88 1326
1326 45 88
88 45 1326
984 742 1127
1127 742 984
742 984 1127
437 345 1424
345 437 1424
1424 345 437
1468 342 1282
342 1282 1468
1282 342 1468
905 598 837
598 837 905
837 598 905
1170 1262 1403
1403 1170 1262
1262 1170 1403
1212 196 841
196 841 1212
841 196 1212
476 718 967
967 476 718
718 476 967
257 760 924
760 257 924
924 257 760
1156 445 1037
445 1037 1156
1037 445 1156
2 519 1398
1398 2 519
519 2 1398
865 47 364
364 47 865
47 364 865
567 717 1291
717 567 1291
1291 567 717
1225 104 715
715 104 1225
104 715 1225
207 215 1477
1477 207 215
215 207 1477
126 710 892
710 126 892
892 126 710
1384 312 1484
312 1384 1484
1484 312 1384
412 834 1211
834 412 1211
1211 412 834
725 532 636
532 636 725
636 532 725
714 409 1406
1406 409 714
409 714 1406
1056 616 676
676 616 1056
616 676 1056
347 672 1352
672 347 1352
1352 347 672
235 33 1190
1190 33 235
33 235 1190
765 189 496
189 496 765
496 189 765
723 67 700
67 700 723
700 67 723
1026 541 711
711 541 1026
541 711 1026
436 713 750
713 436 750
750 436 713
952 171 988
171 952 988
988 171 952
1473 544 577
544 577 1473
577 544 1473
224 909 946
946 224 909
909 224 946
839 495 991
495 839 991
991 495 839
950 556 1397
1397 556 950
556 950 1397
1301 1293 1495
1495 1293 1301
1293 1301 1495
894 25 294
294 25 894
25 294 894
745 448 789
448 745 789
789 448 745
228 370 551
370 228 551
551 228 370
1227 177 876
876 177 1227
177 876 1227
871 38 767
767 38 871
38 767 871
870 1438 1487
1438 870 1487
1487 870 1438
1376 1334 1342
1334 1342 1376
1342 1334 1376
1110 1148 1341
1148 1110 1341
1341 1110 1148
18 948 1371
1371 18 948
948 18 1371
1164 379 542
542 379 1164
379 542 1164
775 415 1077
415 775 1077
1077 415 775
1400 467 976
976 467 1400
467 976 1400
186 275 1082
1082 186 275
275 186 1082
864 353 1360
353 864 1360
1360 353 864
309 479 817
479 309 817
817 309 479
989 428 1213
1213 428 989
428 989 1213
1083 330 1208
1208 330 1083
330 1083 1208
98 199 285
285 98 199
199 98 285
927 163 429
163 429 927
429 163 927
964 727 1385
727 964 1385
1385 727 964
561 716 1277
716 561 1277
1277 561 716
553 1368 1396
1396 553 1368
1368 553 1396
356 311 1414
1414 311 356
311 356 1414
1499 300 1249
300 1249 1499
1249 300 1499
169 319 1010
1010 169 319
319 169 1010
107 296 612
612 107 296
296 107 612
632 488 942
488 632 942
942 488 632
77 6 1369
6 77 1369
1369 6 77
83 1046 1287
1046 83 1287
1287 83 1046
1096 260 604
260 604 1096
604 260 1096
1289 449 1367
1367 449 1289
449 1289 1367
932 734 961
961 734 932
734 932 961
644 1085 1375
1375 644 1085
1085 644 1375
288 366 533
366 288 533
533 288 366
326 673 1309
673 326 1309
1309 326 673
1159 739 1318
1318 739 1159
739 1159 1318
