256 367 1284
1284 256 367
367 256 1284
155 234 1446
1446 155 234
234 155 1446
600 255 1136
1136 255 600
255 600 1136
1098 836 1196
836 1098 1196
1196 836 1098
172 110 1206
110 172 1206
1206 110 172
642 531 1152
531 642 1152
1152 531 642
880 56 876
876 56 880
56 876 880
1246 290 938
938 290 1246
290 938 1246
1488 383 635
635 383 1488
383 635 1488
389 301 732
301 389 732
732 301 389
957 628 941
941 628 957
628 941 957
551 371 878
878 371 551
371 551 878
315 366 418
366 315 418
418 315 366
484 351 931
931 351 484
351 484 931
758 570 974
974 570 758
570 758 974
160 1208 1425
1208 160 1425
1425 160 1208
1201 213 548
548 213 1201
213 548 1201
1213 184 226
226 184 1213
184 226 1213
37 1185 1242
1185 37 1242
1242 37 1185
1490 149 1177
149 1177 1490
1177 149 1490
1352 559 631
559 631 1352
631 559 1352
575 981 1243
981 575 1243
1243 575 981
864 471 933
933 471 864
471 864 933
1293 532 1112
532 1112 1293
1112 532 1293
1209 592 1475
1475 592 1209
592 1209 1475
1403 515 552
515 552 1403
552 515 1403
1199 514 710
710 514 1199
514 710 1199
681 365 1033
365 681 1033
1033 365 681
1057 618 1304
618 1057 1304
1304 618 1057
240 823 1290
823 240 1290
1290 240 823
773 336 1218
336 773 1218
1218 336 773
1351 683 771
771 683 1351
683 771 1351
29 32 634
32 29 634
634 29 32
982 1259 1338
1338 982 1259
1259 982 1338
1346 137 176
137 176 1346
176 137 1346
886 862 934
934 862 886
862 886 934
427 319 722
319 427 722
722 319 427
930 651 1167
1167 651 930
651 930 1167
621 130 796
130 621 796
796 130 621
1494 1056 1428
1056 1428 1494
1428 1056 1494
1115 458 696
696 458 1115
458 696 1115
577 894 1124
894 577 1124
1124 577 894
341 426 1464
426 341 1464
1464 341 426
225 235 561
561 225 235
235 225 561
1377 214 1323
214 1323 1377
1323 214 1377
190 434 589
589 190 434
434 190 589
870 556 684
684 556 870
556 684 870
1086 676 1106
676 1086 1106
1106 676 1086
962 489 729
489 729 962
729 489 962
1184 101 1096
1096 101 1184
101 1096 1184
446 201 1169
1169 201 446
201 446 1169
803 23 1150
1150 23 803
23 803 1150
312 1222 1255
1222 312 1255
1255 312 1222
1281 425 783
783 425 1281
425 783 1281
623 569 1368
569 623 1368
1368 569 623
1303 55 88
55 88 1303
88 55 1303
1085 270 422
270 422 1085
422 270 1085
1429 980 1154
980 1154 1429
1154 980 1429
46 940 956
956 46 940
940 46 956
488 129 832
129 488 832
832 129 488
483 359 554
359 483 554
554 359 483
392 303 517
303 392 517
517 303 392
118 1249 1427
1427 118 1249
1249 118 1427
481 360 524
524 360 481
360 481 524
344 98 1356
1356 98 344
98 344 1356
607 1148 1486
1486 607 1148
1148 607 1486
345 822 1252
822 345 1252
1252 345 822
252 396 1396
396 252 1396
1396 252 396
47 248 1391
248 47 1391
1391 47 248
1233 562 1443
562 1233 1443
1443 562 1233
1182 1186 1493
1493 1182 1186
1186 1182 1493
448 695 1051
695 448 1051
1051 448 695
505 431 706
706 431 505
431 505 706
1451 557 1499
1499 557 1451
557 1451 1499
59 74 842
842 59 74
74 59 842
806 1207 1232
1207 806 1232
1232 806 1207
83 292 1419
1419 83 292
292 83 1419
947 743 1447
743 947 1447
1447 743 947
170 275 1421
275 170 1421
1421 170 275
1190 96 120
120 96 1190
96 120 1190
1090 530 1192
1192 530 1090
530 1090 1192
105 382 724
382 105 724
724 105 382
1227 232 641
641 232 1227
232 641 1227
700 498 665
498 665 700
665 498 700
1276 1113 1286
1286 1113 1276
1113 1276 1286
352 586 1108
586 352 1108
1108 352 586
310 1200 1378
1200 310 1378
1378 310 1200
465 309 882
882 309 465
309 465 882
887 182 1000
1000 182 887
182 887 1000
376 151 228
228 151 376
151 228 376
111 789 1003
1003 111 789
789 111 1003
1132 63 268
268 63 1132
63 268 1132
6 1145 1408
1408 6 1145
1145 6 1408
277 747 961
961 277 747
747 277 961
1354 896 1161
1161 896 1354
896 1161 1354
1164 122 992
122 992 1164
992 122 1164
1054 15 1458
15 1054 1458
1458 15 1054
1045 868 1048
868 1045 1048
1048 868 1045
1042 475 1212
475 1042 1212
1212 475 1042
952 25 223
25 223 952
223 25 952
606 605 613
605 606 613
613 605 606
1326 177 799
799 177 1326
177 799 1326
276 565 912
565 276 912
912 276 565
839 61 708
61 708 839
708 61 839
971 534 1094
534 971 1094
1094 534 971
1317 1073 1448
1073 1317 1448
1448 1073 1317
546 138 348
348 138 546
138 348 546
378 411 881
411 378 881
881 378 411
587 435 1492
1492 435 587
435 587 1492
699 77 1476
77 699 1476
1476 77 699
1442 391 1350
1350 391 1442
391 1350 1442
259 662 1240
1240 259 662
662 259 1240
180 599 1180
599 180 1180
1180 180 599
71 545 1483
545 71 1483
1483 71 545
1166 394 544
544 394 1166
394 544 1166
889 643 1320
643 889 1320
1320 643 889
222 304 660
304 222 660
660 222 304
1244 574 814
814 574 1244
574 814 1244
337 1061 1229
1229 337 1061
1061 337 1229
318 102 749
749 102 318
102 318 749
456 152 541
541 152 456
152 456 541
755 733 1256
733 755 1256
1256 733 755
262 372 584
372 262 584
584 262 372
1477 843 935
935 843 1477
843 935 1477
251 625 1369
1369 251 625
625 251 1369
620 996 1022
996 620 1022
1022 620 996
658 162 959
959 162 658
162 658 959
669 30 539
30 539 669
539 30 669
857 19 1328
1328 19 857
19 857 1328
203 405 491
405 203 491
491 203 405
326 90 709
709 90 326
90 326 709
742 694 943
943 694 742
694 742 943
1473 711 1359
711 1359 1473
1359 711 1473
1305 114 461
114 461 1305
461 114 1305
540 969 1015
969 540 1015
1015 540 969
1262 146 380
380 146 1262
146 380 1262
135 413 1126
413 135 1126
1126 135 413
767 837 1388
1388 767 837
837 767 1388
1465 571 1383
571 1383 1465
1383 571 1465
578 1026 1221
1221 578 1026
1026 578 1221
1203 66 1175
66 1175 1203
1175 66 1203
846 564 797
564 797 846
797 564 846
750 522 1211
522 750 1211
1211 522 750
1283 591 852
852 591 1283
591 852 1283
939 655 1160
655 939 1160
1160 655 939
703 147 216
216 147 703
147 216 703
1044 633 1254
633 1044 1254
1254 633 1044
1315 704 972
972 704 1315
704 972 1315
1340 8 573
8 573 1340
573 8 1340
298 41 746
41 298 746
746 41 298
1135 688 1234
688 1135 1234
1234 688 1135
898 1260 1432
1260 898 1432
1432 898 1260
462 601 1127
601 462 1127
1127 462 601
778 985 1382
1382 778 985
985 778 1382
291 116 119
119 116 291
116 119 291
1041 453 763
763 453 1041
453 763 1041
354 1116 1402
1116 354 1402
1402 354 1116
103 11 85
11 85 103
85 11 103
1292 38 993
38 993 1292
993 38 1292
900 269 1237
1237 269 900
269 900 1237
780 217 472
217 472 780
472 217 780
924 75 1275
75 924 1275
1275 75 924
1016 1088 1269
1269 1016 1088
1088 1016 1269
375 508 713
713 375 508
508 375 713
1179 967 1238
967 1179 1238
1238 967 1179
193 949 1078
949 193 1078
1078 193 949
884 772 1268
772 884 1268
1268 772 884
323 393 598
393 323 598
598 323 393
317 320 777
777 317 320
320 317 777
827 474 736
736 474 827
474 736 827
753 603 1273
603 753 1273
1273 603 753
1414 361 978
978 361 1414
361 978 1414
53 308 888
888 53 308
308 53 888
568 331 929
929 331 568
331 568 929
1235 964 1424
964 1235 1424
1424 964 1235
715 1128 1202
1128 715 1202
1202 715 1128
927 1063 1344
1344 927 1063
1063 927 1344
1462 1114 1345
1114 1345 1462
1345 1114 1462
1069 168 192
192 168 1069
168 192 1069
632 333 1405
1405 333 632
333 632 1405
1058 527 1341
527 1058 1341
1341 527 1058
1105 588 1157
588 1105 1157
1157 588 1105
1038 242 1099
1099 242 1038
242 1038 1099
1178 342 1361
342 1178 1361
1361 342 1178
1082 94 173
173 94 1082
94 173 1082
288 80 487
80 288 487
487 80 288
1397 167 707
167 707 1397
707 167 1397
497 178 485
178 485 497
485 178 497
355 451 1366
451 355 1366
1366 355 451
246 756 845
756 246 845
845 246 756
652 421 1278
421 652 1278
1278 421 652
689 328 1039
1039 328 689
328 689 1039
1339 220 469
220 469 1339
469 220 1339
1265 161 622
622 161 1265
161 622 1265
648 907 963
963 648 907
907 648 963
1008 761 965
965 761 1008
761 965 1008
10 1258 1412
1412 10 1258
1258 10 1412
590 737 1067
1067 590 737
737 590 1067
775 1077 1143
1143 775 1077
1077 775 1143
343 594 1263
1263 343 594
594 343 1263
373 1103 1343
1103 373 1343
1343 373 1103
402 329 1120
329 402 1120
1120 329 402
1248 1011 1485
1485 1011 1248
1011 1248 1485
24 143 407
143 24 407
407 24 143
115 54 353
353 54 115
54 115 353
1006 533 1274
533 1006 1274
1274 533 1006
1210 1325 1409
1325 1210 1409
1409 1210 1325
770 195 221
195 221 770
221 195 770
187 1065 1347
1347 187 1065
1065 187 1347
566 572 721
572 566 721
721 566 572
296 645 1321
645 296 1321
1321 296 645
1360 519 1158
519 1158 1360
1158 519 1360
841 316 1020
1020 316 841
316 841 1020
1117 57 384
57 384 1117
384 57 1117
529 139 339
339 139 529
139 339 529
506 186 416
416 186 506
186 416 506
432 644 661
661 432 644
644 432 661
1411 274 1163
1163 274 1411
274 1163 1411
764 174 1484
174 764 1484
1484 174 764
153 1079 1474
1079 153 1474
1474 153 1079
966 1198 1309
1309 966 1198
1198 966 1309
663 125 856
125 663 856
856 125 663
1236 735 744
735 744 1236
744 735 1236
322 478 1055
478 322 1055
1055 322 478
467 395 671
671 395 467
395 467 671
369 1060 1379
1060 369 1379
1379 369 1060
1385 697 1441
1441 697 1385
697 1385 1441
859 388 1247
388 859 1247
1247 388 859
728 656 1461
1461 656 728
656 728 1461
239 97 874
97 239 874
874 97 239
987 630 1144
1144 630 987
630 987 1144
1337 45 1453
45 1337 1453
1453 45 1337
904 910 1110
910 904 1110
1110 904 910
759 260 1140
1140 260 759
260 759 1140
1495 230 576
576 230 1495
230 576 1495
1162 970 1348
970 1162 1348
1348 970 1162
417 368 674
674 368 417
368 417 674
73 698 1007
698 73 1007
1007 73 698
946 42 800
800 42 946
42 800 946
117 496 1010
1010 117 496
496 117 1010
460 1004 1456
1456 460 1004
1004 460 1456
553 109 171
171 109 553
109 171 553
1081 131 720
720 131 1081
131 720 1081
1092 72 1183
72 1092 1183
1183 72 1092
998 492 1394
1394 492 998
492 998 1394
976 675 1095
1095 675 976
675 976 1095
988 412 834
834 412 988
412 834 988
1463 164 774
774 164 1463
164 774 1463
616 1068 1455
1068 616 1455
1455 616 1068
1487 113 1141
113 1141 1487
1141 113 1487
921 596 905
905 596 921
596 905 921
324 525 923
525 324 923
923 324 525
945 510 975
510 945 975
975 510 945
1322 159 188
159 188 1322
188 159 1322
1138 714 1052
714 1052 1138
1052 714 1138
918 379 667
667 379 918
379 667 918
1084 537 801
801 537 1084
537 801 1084
231 879 1188
879 231 1188
1188 231 879
1387 1153 1250
1250 1153 1387
1153 1250 1387
784 825 1314
825 784 1314
1314 784 825
1468 50 687
687 50 1468
50 687 1468
580 1059 1454
1454 580 1059
1059 580 1454
1071 795 812
795 812 1071
812 795 1071
1329 903 1301
1301 903 1329
903 1301 1329
1122 824 1349
1349 824 1122
824 1122 1349
563 653 1431
1431 563 653
653 563 1431
1472 925 1418
1418 925 1472
925 1418 1472
4 381 726
381 4 726
726 4 381
1364 826 1257
1257 826 1364
826 1257 1364
788 579 1336
1336 579 788
579 788 1336
1318 1306 1312
1306 1312 1318
1312 1306 1318
543 1267 1291
1291 543 1267
1267 543 1291
1381 848 911
848 911 1381
911 848 1381
871 5 495
5 495 871
495 5 871
679 199 1219
199 679 1219
1219 199 679
437 196 1376
1376 196 437
196 437 1376
17 283 387
283 17 387
387 17 283
595 297 302
297 302 595
302 297 595
511 106 1223
1223 106 511
106 511 1223
1480 916 1066
1066 916 1480
916 1066 1480
1102 1319 1375
1319 1102 1375
1375 1102 1319
932 263 1097
1097 263 932
263 932 1097
450 990 1469
990 450 1469
1469 450 990
237 520 702
702 237 520
520 237 702
503 253 518
253 503 518
518 253 503
183 804 1129
804 183 1129
1129 183 804
854 730 1139
1139 730 854
730 854 1139
311 920 1433
920 311 1433
1433 311 920
1172 16 285
285 16 1172
16 285 1172
443 208 637
208 443 637
637 208 443
960 838 1459
1459 838 960
838 960 1459
140 654 1357
1357 140 654
654 140 1357
1181 215 1195
215 1181 1195
1195 215 1181
398 1404 1430
1430 398 1404
1404 398 1430
1019 701 821
701 821 1019
821 701 1019
550 538 790
538 550 790
790 538 550
1012 454 798
454 798 1012
798 454 1012
1500 1217 1380
1380 1217 1500
1217 1380 1500
7 91 1204
91 7 1204
1204 7 91
639 257 364
364 257 639
257 364 639
1214 200 1373
200 1214 1373
1373 200 1214
51 501 664
664 51 501
501 51 664
692 126 536
126 536 692
536 126 692
189 449 792
792 189 449
449 189 792
954 356 1363
356 954 1363
1363 356 954
210 327 585
585 210 327
327 210 585
335 191 979
191 335 979
979 191 335
1100 169 757
169 757 1100
757 169 1100
148 597 638
597 148 638
638 148 597
22 250 835
835 22 250
250 22 835
787 768 1470
1470 768 787
768 787 1470
468 33 1285
33 468 1285
1285 33 468
901 409 1121
409 901 1121
1121 409 901
401 464 997
997 401 464
464 401 997
549 516 850
516 549 850
850 516 549
156 650 1332
1332 156 650
650 156 1332
717 279 1028
1028 279 717
279 717 1028
1215 867 1034
1034 867 1215
867 1034 1215
999 258 1043
258 999 1043
1043 258 999
1239 219 233
233 219 1239
219 233 1239
1491 440 452
440 452 1491
452 440 1491
1037 415 890
415 890 1037
890 415 1037
1372 81 499
499 81 1372
81 499 1372
745 34 951
34 745 951
951 34 745
1423 1009 1353
1009 1353 1423
1353 1009 1423
238 300 513
300 238 513
513 238 300
486 833 1093
1093 486 833
833 486 1093
307 272 1407
272 307 1407
1407 272 307
26 280 1393
280 26 1393
1393 26 280
58 175 740
740 58 175
175 58 740
593 399 1205
1205 399 593
399 593 1205
810 349 609
349 609 810
609 349 810
1220 92 1440
92 1220 1440
1440 92 1220
1266 254 1119
254 1119 1266
1119 254 1266
44 67 397
67 44 397
397 44 67
39 385 994
385 39 994
994 39 385
1251 406 526
526 406 1251
406 526 1251
244 610 611
611 244 610
610 244 611
141 241 1107
1107 141 241
241 141 1107
851 840 950
950 840 851
840 851 950
247 769 1125
769 247 1125
1125 247 769
776 649 1426
649 776 1426
1426 649 776
624 1241 1289
1289 624 1241
1241 624 1289
305 719 1002
1002 305 719
719 305 1002
1302 439 815
439 815 1302
815 439 1302
1228 358 528
358 528 1228
528 358 1228
346 1224 1245
1245 346 1224
1224 346 1245
891 9 670
9 670 891
670 9 891
1194 123 535
123 535 1194
535 123 1194
668 52 1288
1288 52 668
52 668 1288
1170 284 476
476 284 1170
284 476 1170
1436 374 786
786 374 1436
374 786 1436
218 895 1367
895 218 1367
1367 218 895
400 760 1466
760 400 1466
1466 400 760
754 28 908
28 754 908
908 28 754
640 1342 1434
1342 640 1434
1434 640 1342
1439 289 1174
289 1174 1439
1174 289 1439
266 1168 1280
1280 266 1168
1168 266 1280
731 154 1400
154 731 1400
1400 154 731
1091 466 1101
466 1091 1101
1101 466 1091
873 181 1362
1362 181 873
181 873 1362
1416 1025 1370
1370 1025 1416
1025 1370 1416
157 87 145
145 87 157
87 145 157
602 419 693
693 419 602
419 602 693
1420 49 1406
1406 49 1420
49 1406 1420
948 615 1197
615 948 1197
1197 615 948
794 314 647
647 314 794
314 647 794
108 370 429
429 108 370
370 108 429
1118 185 1324
1324 185 1118
185 1118 1324
1413 35 134
134 35 1413
35 134 1413
727 107 1450
107 727 1450
1450 107 727
995 811 1437
811 995 1437
1437 811 995
194 936 1187
1187 194 936
936 194 1187
1457 202 1478
202 1457 1478
1478 202 1457
18 227 718
718 18 227
227 18 718
273 112 207
112 207 273
207 112 273
913 512 1497
512 913 1497
1497 512 913
604 48 299
48 299 604
299 48 604
1294 716 762
762 716 1294
716 762 1294
445 725 858
858 445 725
725 445 858
1310 542 855
855 542 1310
542 855 1310
350 567 1331
1331 350 567
567 350 1331
1271 748 1123
1123 748 1271
748 1123 1271
1496 330 793
793 330 1496
330 793 1496
1452 163 1050
1050 163 1452
163 1050 1452
909 95 165
95 165 909
165 95 909
473 459 1358
459 473 1358
1358 459 473
677 281 1083
281 677 1083
1083 281 677
869 340 883
340 869 883
883 340 869
989 444 1064
1064 444 989
444 989 1064
100 1295 1308
1308 100 1295
1295 100 1308
657 608 1365
608 657 1365
1365 608 657
1449 89 1149
1149 89 1449
89 1149 1449
1282 673 1299
1299 673 1282
673 1282 1299
785 408 1316
1316 408 785
408 785 1316
245 60 973
973 60 245
60 245 973
926 463 685
463 685 926
685 463 926
791 734 1417
1417 734 791
734 791 1417
917 249 1001
1001 249 917
249 917 1001
1415 636 1445
1445 636 1415
636 1415 1445
779 236 1027
236 779 1027
1027 236 779
423 294 1460
294 423 1460
1460 294 423
619 62 1334
1334 62 619
62 619 1334
321 547 847
847 321 547
547 321 847
629 404 1171
1171 404 629
404 629 1171
1297 78 1270
78 1270 1297
1270 78 1297
991 197 1398
1398 197 991
197 991 1398
1384 953 1438
953 1384 1438
1438 953 1384
682 626 1444
1444 626 682
626 682 1444
293 1111 1399
1399 293 1111
1111 293 1399
1471 844 1155
1155 844 1471
844 1155 1471
1296 1024 1410
1410 1024 1296
1024 1296 1410
583 853 1074
853 583 1074
1074 583 853
494 142 582
142 494 582
582 142 494
1040 899 1392
899 1040 1392
1392 899 1040
1189 14 1032
1032 14 1189
14 1032 1189
1489 766 813
766 813 1489
813 766 1489
403 386 1049
1049 386 403
386 403 1049
712 20 984
20 712 984
984 20 712
79 13 1013
1013 13 79
13 79 1013
928 436 646
436 646 928
646 436 928
306 286 919
286 306 919
919 286 306
1133 93 265
93 265 1133
265 93 1133
1482 229 690
229 690 1482
690 229 1482
986 482 1142
482 986 1142
1142 482 986
441 738 830
830 441 738
738 441 830
1030 1253 1355
1253 1030 1355
1355 1030 1253
243 334 480
334 243 480
480 243 334
362 82 1070
1070 82 362
82 362 1070
287 1130 1298
1298 287 1130
1130 287 1298
1173 612 915
915 612 1173
612 915 1173
1481 659 820
820 659 1481
659 820 1481
424 817 1029
817 424 1029
1029 424 817
121 470 955
955 121 470
470 121 955
627 680 686
686 627 680
680 627 686
875 877 1277
877 875 1277
1277 875 877
455 3 1279
3 455 1279
1279 3 455
433 581 1075
581 433 1075
1075 433 581
1225 1156 1193
1193 1156 1225
1156 1193 1225
1053 205 863
863 205 1053
205 863 1053
150 1216 1422
1422 150 1216
1216 150 1422
447 325 1137
1137 325 447
325 447 1137
558 261 430
430 261 558
261 430 558
477 902 1021
902 477 1021
1021 477 902
723 509 1371
509 723 1371
1371 509 723
68 504 1313
504 68 1313
1313 68 504
1333 617 1395
1395 617 1333
617 1333 1395
212 70 1017
1017 70 212
70 212 1017
892 198 1191
198 892 1191
1191 198 892
2 860 1080
1080 2 860
860 2 1080
781 523 614
614 523 781
523 614 781
1035 158 414
414 158 1035
158 414 1035
267 782 819
819 267 782
782 267 819
390 897 1330
897 390 1330
1330 390 897
133 209 958
209 133 958
958 133 209
1089 363 493
493 363 1089
363 493 1089
479 420 1131
1131 420 479
420 479 1131
76 442 691
691 76 442
442 76 691
507 99 1435
99 507 1435
1435 99 507
672 751 1109
751 672 1109
1109 672 751
828 86 805
86 805 828
805 86 828
1498 741 866
741 866 1498
866 741 1498
410 666 1287
1287 410 666
666 410 1287
849 166 490
166 490 849
490 166 849
211 438 1165
438 211 1165
1165 211 438
1401 313 809
313 809 1401
809 313 1401
124 1147 1230
1147 124 1230
1230 124 1147
1072 347 922
347 922 1072
922 347 1072
40 27 1151
1151 27 40
27 40 1151
69 914 1479
1479 69 914
914 69 1479
1104 104 1264
104 1104 1264
1264 104 1104
224 127 1307
1307 127 224
127 224 1307
31 64 831
831 31 64
64 31 831
1467 818 1047
1047 818 1467
818 1047 1467
278 739 1261
1261 278 739
739 278 1261
977 84 808
808 84 977
84 808 977
428 807 1062
1062 428 807
807 428 1062
816 1014 1146
1014 816 1146
1146 816 1014
560 500 1300
500 560 1300
1300 500 560
521 765 1176
765 521 1176
1176 521 765
1390 1 968
1 968 1390
968 1 1390
1134 295 502
502 295 1134
295 502 1134
802 338 829
338 802 829
829 338 802
1226 1031 1389
1389 1031 1226
1031 1226 1389
555 179 1005
179 555 1005
1005 179 555
872 132 457
132 457 872
457 132 872
678 983 1087
1087 678 983
983 678 1087
1231 21 1076
21 1076 1231
1076 21 1231
271 861 942
861 271 942
942 271 861
1023 906 1272
906 1023 1272
1272 906 1023
893 332 937
937 332 893
332 893 937
264 1335 1374
1335 264 1374
1374 264 1335
282 43 206
43 206 282
206 43 282
136 865 1311
1311 136 865
865 136 1311
1018 128 1046
128 1018 1046
1046 128 1018
204 12 885
12 204 885
885 12 204
752 705 1159
705 752 1159
1159 705 752
1386 36 65
36 65 1386
65 36 1386
144 377 1036
1036 144 377
377 144 1036
1327 357 944
944 357 1327
357 944 1327
