99966 5167 27713
27713 5167 99966
5167 27713 99966
144378 31415 149306
149306 31415 144378
31415 144378 149306
144042 43983 145978
145978 43983 144042
43983 144042 145978
20674 29134 84420
29134 20674 84420
84420 20674 29134
76339 3757 29895
29895 3757 76339
3757 29895 76339
32206 115734 128595
115734 32206 128595
128595 32206 115734
117475 60900 79443
79443 60900 117475
60900 79443 117475
135281 88207 94728
88207 94728 135281
94728 88207 135281
5081 84605 119865
119865 5081 84605
84605 5081 119865
120867 56755 60314
60314 56755 120867
56755 60314 120867
106330 130480 140868
140868 106330 130480
130480 106330 140868
114207 104238 142024
142024 104238 114207
104238 114207 142024
36585 13121 21993
13121 21993 36585
21993 13121 36585
9074 93765 117825
117825 9074 93765
93765 9074 117825
117100 42555 80221
42555 80221 117100
80221 42555 117100
61944 21627 96915
21627 61944 96915
96915 21627 61944
51911 64651 139222
139222 51911 64651
64651 51911 139222
115463 118901 140611
118901 115463 140611
140611 115463 118901
6886 7346 94421
94421 6886 7346
7346 6886 94421
128252 132188 145666
132188 128252 145666
145666 128252 132188
66760 47972 131285
47972 66760 131285
131285 47972 66760
115845 3277 130295
130295 3277 115845
3277 115845 130295
52209 98848 114939
98848 52209 114939
114939 52209 98848
75825 1381 45242
1381 45242 75825
45242 1381 75825
1943 59277 108465
108465 1943 59277
59277 1943 108465
116317 127759 140007
127759 116317 140007
140007 116317 127759
24523 78391 113969
113969 24523 78391
78391 24523 113969
50717 19776 104530
19776 50717 104530
104530 19776 50717
129877 84775 130178
84775 129877 130178
130178 84775 129877
82795 36063 47100
47100 36063 82795
36063 47100 82795
80332 37868 137872
37868 80332 137872
137872 37868 80332
145372 89754 145239
145239 89754 145372
89754 145239 145372
146793 70062 99746
70062 99746 146793
99746 70062 146793
77802 6889 147844
6889 77802 147844
147844 6889 77802
19574 120558 142350
142350 19574 120558
120558 19574 142350
103140 34591 133102
133102 34591 103140
34591 103140 133102
48176 51146 68165
68165 48176 51146
51146 48176 68165
74256 40466 71026
71026 40466 74256
40466 71026 74256
128080 54925 146330
146330 54925 128080
54925 128080 146330
40611 26407 145241
26407 40611 145241
145241 26407 40611
22821 17517 122108
17517 22821 122108
122108 17517 22821
80051 17945 97850
17945 80051 97850
97850 17945 80051
140394 3599 16913
3599 16913 140394
16913 3599 140394
37981 55191 77919
77919 37981 55191
55191 37981 77919
5499 94998 114205
94998 5499 114205
114205 5499 94998
50832 56084 67858
67858 50832 56084
56084 50832 67858
124728 129170 137677
129170 124728 137677
137677 124728 129170
116674 65629 93435
65629 93435 116674
93435 65629 116674
21344 60626 113204
60626 21344 113204
113204 21344 60626
90496 24625 138352
24625 90496 138352
138352 24625 90496
11115 39413 41981
41981 11115 39413
39413 11115 41981
60084 8401 59465
8401 59465 60084
59465 8401 60084
31118 40693 76929
40693 31118 76929
76929 31118 40693
40851 58593 60342
60342 40851 58593
58593 40851 60342
123706 19146 28561
28561 19146 123706
19146 28561 123706
131102 68027 101515
68027 101515 131102
101515 68027 131102
79446 19037 128445
19037 79446 128445
128445 19037 79446
31689 21405 122516
21405 31689 122516
122516 21405 31689
50479 78426 89434
78426 50479 89434
89434 50479 78426
103346 78211 120996
120996 78211 103346
78211 103346 120996
107156 116378 145954
145954 107156 116378
116378 107156 145954
78946 87459 122511
87459 78946 122511
122511 78946 87459
140936 64449 77843
64449 77843 140936
77843 64449 140936
127847 845 99939
845 99939 127847
99939 845 127847
52798 99857 104120
104120 52798 99857
99857 52798 104120
50836 82402 85833
82402 50836 85833
85833 50836 82402
52468 3291 125885
125885 3291 52468
3291 52468 125885
66374 94549 112538
112538 66374 94549
94549 66374 112538
60222 80002 88731
88731 60222 80002
80002 60222 88731
57175 43894 124274
124274 43894 57175
43894 57175 124274
120002 105959 134246
134246 105959 120002
105959 120002 134246
85113 92654 112614
112614 85113 92654
92654 85113 112614
57039 28622 88343
88343 28622 57039
28622 57039 88343
29381 28841 109178
28841 29381 109178
109178 28841 29381
148693 31535 117640
117640 31535 148693
31535 117640 148693
44579 106966 127505
106966 44579 127505
127505 44579 106966
44459 68517 70231
70231 44459 68517
68517 44459 70231
77976 33140 130892
33140 77976 130892
130892 33140 77976
128582 78083 145505
78083 128582 145505
145505 78083 128582
99432 91539 120141
120141 91539 99432
91539 99432 120141
100339 11263 39533
11263 39533 100339
39533 11263 100339
108280 40008 131959
131959 40008 108280
40008 108280 131959
123030 80045 114816
80045 114816 123030
114816 80045 123030
31036 24893 33688
24893 31036 33688
33688 24893 31036
83483 43702 64310
64310 43702 83483
43702 64310 83483
2826 40562 101781
101781 2826 40562
40562 2826 101781
147413 112092 139916
139916 112092 147413
112092 139916 147413
92551 66185 131159
66185 92551 131159
131159 66185 92551
83740 61932 84954
61932 83740 84954
84954 61932 83740
25379 1439 129400
1439 25379 129400
129400 1439 25379
68671 6921 92035
92035 6921 68671
6921 68671 92035
129650 113887 137059
113887 129650 137059
137059 113887 129650
112091 119351 128352
128352 112091 119351
119351 112091 128352
88204 13090 56004
56004 13090 88204
13090 56004 88204
85464 11877 66364
66364 11877 85464
11877 66364 85464
148969 13732 40654
13732 40654 148969
40654 13732 148969
131437 27547 89858
27547 89858 131437
89858 27547 131437
17971 6476 140354
140354 6476 17971
6476 17971 140354
97933 44153 143919
44153 97933 143919
143919 44153 97933
70332 69419 130093
130093 69419 70332
69419 70332 130093
101832 59973 79451
79451 59973 101832
59973 79451 101832
62072 83434 141576
83434 62072 141576
141576 62072 83434
9247 79916 106985
106985 9247 79916
79916 9247 106985
13266 28891 99626
28891 13266 99626
99626 13266 28891
53937 72158 103405
72158 53937 103405
103405 53937 72158
57682 13623 55413
55413 13623 57682
13623 55413 57682
73465 56599 92065
56599 73465 92065
92065 56599 73465
81301 12847 84108
12847 81301 84108
84108 12847 81301
15456 52474 132235
52474 15456 132235
132235 15456 52474
112294 25191 34202
34202 25191 112294
25191 34202 112294
51289 66596 111072
111072 51289 66596
66596 51289 111072
41513 40394 146957
40394 41513 146957
146957 40394 41513
60752 59497 85001
85001 59497 60752
59497 60752 85001
56554 50569 80618
80618 50569 56554
50569 56554 80618
82288 91686 131585
131585 82288 91686
91686 82288 131585
243 70226 145209
145209 243 70226
70226 243 145209
123046 50233 63345
63345 50233 123046
50233 63345 123046
51074 58965 133182
133182 51074 58965
58965 51074 133182
36430 70027 140396
70027 36430 140396
140396 36430 70027
42006 47294 58865
58865 42006 47294
47294 42006 58865
143387 46685 73912
46685 73912 143387
73912 46685 143387
143026 77828 95281
77828 95281 143026
95281 77828 143026
91592 18804 122874
122874 18804 91592
18804 91592 122874
86556 8421 74574
8421 74574 86556
74574 8421 86556
67566 18770 58898
18770 58898 67566
58898 18770 67566
100388 17722 98356
17722 98356 100388
98356 17722 100388
41640 8082 25510
25510 8082 41640
8082 25510 41640
30522 40322 126989
126989 30522 40322
40322 30522 126989
108147 60804 94331
94331 60804 108147
60804 94331 108147
45666 11080 111668
11080 45666 111668
111668 11080 45666
119330 82391 83644
82391 83644 119330
83644 82391 119330
119309 38760 146933
38760 119309 146933
146933 38760 119309
49245 30373 145527
145527 30373 49245
30373 49245 145527
75230 9582 42907
42907 9582 75230
9582 42907 75230
9120 10620 100390
10620 9120 100390
100390 9120 10620
119029 56923 122689
122689 56923 119029
56923 119029 122689
131078 8760 73377
8760 73377 131078
73377 8760 131078
73519 10873 100414
10873 73519 100414
100414 10873 73519
48343 1395 53363
53363 1395 48343
1395 48343 53363
30793 27977 148869
27977 30793 148869
148869 27977 30793
55577 4077 147099
147099 4077 55577
4077 55577 147099
37812 125054 137584
137584 37812 125054
125054 37812 137584
102651 47690 67100
67100 47690 102651
47690 67100 102651
35092 78237 134886
78237 35092 134886
134886 35092 78237
55033 27037 127865
127865 27037 55033
27037 55033 127865
36919 9262 15352
9262 15352 36919
15352 9262 36919
16278 103031 137591
103031 16278 137591
137591 16278 103031
122573 44908 112860
44908 112860 122573
112860 44908 122573
16953 7223 132520
132520 7223 16953
7223 16953 132520
17211 24065 45169
45169 17211 24065
24065 17211 45169
8927 5825 71407
71407 5825 8927
5825 8927 71407
129717 96483 132105
96483 129717 132105
132105 96483 129717
61523 16073 98321
16073 61523 98321
98321 16073 61523
75622 26587 99474
26587 75622 99474
99474 26587 75622
128345 10291 37985
10291 37985 128345
37985 10291 128345
32966 13858 90809
13858 32966 90809
90809 13858 32966
70706 95460 140660
140660 70706 95460
95460 70706 140660
149893 47009 79051
79051 47009 149893
47009 79051 149893
130134 94680 111366
94680 111366 130134
111366 94680 130134
135023 44114 66873
66873 44114 135023
44114 66873 135023
88133 34587 58044
34587 58044 88133
58044 34587 88133
76624 13971 105336
105336 13971 76624
13971 76624 105336
98107 32709 107202
107202 32709 98107
32709 98107 107202
15554 1853 14563
1853 14563 15554
14563 1853 15554
53329 55487 97604
55487 53329 97604
97604 53329 55487
130528 50859 82791
82791 50859 130528
50859 82791 130528
81765 10439 119642
119642 10439 81765
10439 81765 119642
106135 33672 47665
47665 33672 106135
33672 47665 106135
21227 41606 87966
87966 21227 41606
41606 21227 87966
84188 108474 137824
108474 84188 137824
137824 84188 108474
30283 28848 148292
28848 30283 148292
148292 28848 30283
33912 501 26329
501 26329 33912
26329 501 33912
119726 9618 143771
9618 119726 143771
143771 9618 119726
47362 2957 71435
2957 47362 71435
71435 2957 47362
67044 54496 117215
54496 67044 117215
117215 54496 67044
91837 79176 83229
79176 83229 91837
83229 79176 91837
51030 80460 136540
80460 51030 136540
136540 51030 80460
143506 35798 84280
35798 84280 143506
84280 35798 143506
137500 19625 65065
65065 19625 137500
19625 65065 137500
72393 60027 68827
68827 60027 72393
60027 68827 72393
97419 27498 107704
27498 97419 107704
107704 27498 97419
9380 46892 61027
46892 9380 61027
61027 9380 46892
57434 38524 59230
59230 38524 57434
38524 57434 59230
140278 127314 140427
127314 140278 140427
140427 127314 140278
41137 80475 121781
80475 41137 121781
121781 41137 80475
17135 38921 60359
60359 17135 38921
38921 17135 60359
144794 40591 91293
91293 40591 144794
40591 91293 144794
141906 32001 104148
104148 32001 141906
32001 104148 141906
76537 29694 142421
29694 76537 142421
142421 29694 76537
1027 78264 86138
78264 1027 86138
86138 1027 78264
3911 25695 114173
25695 3911 114173
114173 3911 25695
21110 6470 108179
6470 21110 108179
108179 6470 21110
72599 30695 122639
122639 30695 72599
30695 72599 122639
104220 15755 66736
15755 66736 104220
66736 15755 104220
5849 32991 124675
32991 5849 124675
124675 5849 32991
68992 110834 130356
130356 68992 110834
110834 68992 130356
126854 84837 95982
84837 95982 126854
95982 84837 126854
120393 9426 128012
9426 120393 128012
128012 9426 120393
111581 55992 144065
55992 111581 144065
144065 55992 111581
72295 9939 69363
9939 69363 72295
69363 9939 72295
34449 140917 145004
140917 34449 145004
145004 34449 140917
30339 54415 140119
140119 30339 54415
54415 30339 140119
37152 66344 105701
105701 37152 66344
66344 37152 105701
120966 26390 102484
26390 102484 120966
102484 26390 120966
17840 76290 86743
86743 17840 76290
76290 17840 86743
136584 100249 105034
105034 100249 136584
100249 105034 136584
4336 7426 48372
7426 4336 48372
48372 4336 7426
12148 76569 106164
76569 12148 106164
106164 12148 76569
100673 9659 130223
130223 9659 100673
9659 100673 130223
35171 80103 96233
96233 35171 80103
80103 35171 96233
89609 8635 39289
8635 39289 89609
39289 8635 89609
4819 80782 104841
80782 4819 104841
104841 4819 80782
131760 36677 93699
93699 36677 131760
36677 93699 131760
42 54473 60246
54473 42 60246
60246 42 54473
95260 38986 76080
76080 38986 95260
38986 76080 95260
101062 63087 67283
67283 63087 101062
63087 67283 101062
121830 29846 50487
50487 29846 121830
29846 50487 121830
104124 46251 66212
66212 46251 104124
46251 66212 104124
28563 95818 117983
95818 28563 117983
117983 28563 95818
6046 23829 75355
23829 6046 75355
75355 6046 23829
25404 33360 96528
33360 25404 96528
96528 25404 33360
104332 53063 94739
94739 53063 104332
53063 94739 104332
19806 105861 144245
144245 19806 105861
105861 19806 144245
121342 18389 79239
79239 18389 121342
18389 79239 121342
80489 81073 96046
96046 80489 81073
81073 80489 96046
137524 61999 74870
61999 74870 137524
74870 61999 137524
39226 103085 147732
147732 39226 103085
103085 39226 147732
101944 65634 67490
67490 65634 101944
65634 67490 101944
94001 31085 45659
45659 31085 94001
31085 45659 94001
126054 23748 146010
23748 126054 146010
146010 23748 126054
89743 39372 93999
93999 39372 89743
39372 89743 93999
31519 133724 148245
133724 31519 148245
148245 31519 133724
114401 1038 44194
1038 44194 114401
44194 1038 114401
38351 74767 125369
125369 38351 74767
74767 38351 125369
16297 7929 68121
7929 16297 68121
68121 7929 16297
145075 91802 100728
91802 100728 145075
100728 91802 145075
9890 56208 124652
56208 9890 124652
124652 9890 56208
39925 4467 23680
23680 4467 39925
4467 23680 39925
37173 21201 67795
21201 37173 67795
67795 21201 37173
52735 16116 120911
16116 52735 120911
120911 16116 52735
29445 84729 143960
143960 29445 84729
84729 29445 143960
3199 67842 84250
67842 3199 84250
84250 3199 67842
92922 29161 46442
29161 46442 92922
46442 29161 92922
54669 15305 104299
104299 15305 54669
15305 54669 104299
72998 77428 93096
77428 72998 93096
93096 72998 77428
71884 38231 77020
38231 71884 77020
77020 38231 71884
136341 8872 146971
146971 8872 136341
8872 136341 146971
114936 47885 60434
47885 60434 114936
60434 47885 114936
1831 16039 135457
16039 1831 135457
135457 1831 16039
9335 21336 58584
58584 9335 21336
21336 9335 58584
29278 53823 140243
53823 29278 140243
140243 29278 53823
137431 85337 126328
126328 85337 137431
85337 126328 137431
36514 11553 54352
11553 36514 54352
54352 11553 36514
91096 38552 103414
103414 38552 91096
38552 91096 103414
23018 26912 81106
81106 23018 26912
26912 23018 81106
29083 60321 98516
60321 29083 98516
98516 29083 60321
91050 6521 56277
56277 6521 91050
6521 56277 91050
109963 78645 148027
78645 109963 148027
148027 78645 109963
94122 33329 90577
90577 33329 94122
33329 90577 94122
113816 99025 127615
127615 99025 113816
99025 113816 127615
72126 47607 136668
47607 72126 136668
136668 47607 72126
93190 17279 18855
18855 17279 93190
17279 18855 93190
40921 37637 39944
37637 39944 40921
39944 37637 40921
68913 10413 74180
74180 10413 68913
10413 68913 74180
119087 99271 110499
110499 99271 119087
99271 110499 119087
57430 9092 144058
144058 9092 57430
9092 57430 144058
130130 8945 66188
66188 8945 130130
8945 66188 130130
138126 63049 142132
63049 138126 142132
142132 63049 138126
78265 23728 108666
23728 78265 108666
108666 23728 78265
48135 47722 133227
47722 48135 133227
133227 47722 48135
87591 42834 118592
42834 87591 118592
118592 42834 87591
83566 401 80149
401 80149 83566
80149 401 83566
9590 73992 102000
102000 9590 73992
73992 9590 102000
132217 25954 136493
25954 132217 136493
136493 25954 132217
4309 41448 135992
135992 4309 41448
41448 4309 135992
27940 5960 32389
32389 5960 27940
5960 27940 32389
17936 73494 128559
73494 17936 128559
128559 17936 73494
110280 55223 121546
55223 110280 121546
121546 55223 110280
134918 105903 125215
125215 105903 134918
105903 125215 134918
100744 70254 87780
87780 70254 100744
70254 87780 100744
89427 55510 65883
65883 55510 89427
55510 65883 89427
73497 124577 149217
149217 73497 124577
124577 73497 149217
21435 61735 96650
96650 21435 61735
61735 21435 96650
90910 195 123582
123582 195 90910
195 90910 123582
114345 15151 69294
15151 69294 114345
69294 15151 114345
86926 118792 141531
118792 86926 141531
141531 86926 118792
3657 53053 66067
66067 3657 53053
53053 3657 66067
95111 43068 77434
43068 77434 95111
77434 43068 95111
10925 33601 149755
33601 10925 149755
149755 10925 33601
54900 62701 143376
62701 54900 143376
143376 54900 62701
92087 8520 46917
8520 46917 92087
46917 8520 92087
109492 17429 98545
98545 17429 109492
17429 98545 109492
142836 27905 106667
27905 106667 142836
106667 27905 142836
56397 93621 141134
93621 56397 141134
141134 56397 93621
24438 98884 119408
98884 24438 119408
119408 24438 98884
69059 74229 106561
106561 69059 74229
74229 69059 106561
40329 67418 119106
119106 40329 67418
67418 40329 119106
148909 86070 109912
109912 86070 148909
86070 109912 148909
47774 116951 129938
129938 47774 116951
116951 47774 129938
78507 2719 127003
2719 78507 127003
127003 2719 78507
139958 7279 124426
7279 124426 139958
124426 7279 139958
148318 47572 101381
47572 101381 148318
101381 47572 148318
70402 75687 127993
127993 70402 75687
75687 70402 127993
5609 7961 54743
54743 5609 7961
7961 5609 54743
71840 26752 107733
107733 26752 71840
26752 71840 107733
18323 2489 15078
2489 15078 18323
15078 2489 18323
75587 35438 47619
47619 35438 75587
35438 47619 75587
56346 14457 75997
14457 56346 75997
75997 14457 56346
95971 19697 131700
19697 95971 131700
131700 19697 95971
32456 40058 88115
88115 32456 40058
40058 32456 88115
89159 101076 114958
114958 89159 101076
101076 89159 114958
12053 17095 50121
50121 12053 17095
17095 12053 50121
26943 18049 117392
117392 18049 26943
18049 26943 117392
149102 51555 121014
121014 51555 149102
51555 121014 149102
14050 103615 126204
126204 14050 103615
103615 14050 126204
57577 5185 25298
5185 25298 57577
25298 5185 57577
40294 59062 95958
59062 40294 95958
95958 40294 59062
135126 67741 99291
67741 99291 135126
99291 67741 135126
64870 60631 145460
60631 64870 145460
145460 60631 64870
100138 118332 123947
118332 100138 123947
123947 100138 118332
72473 67448 106363
67448 72473 106363
106363 67448 72473
56489 86422 93903
86422 56489 93903
93903 56489 86422
54610 83954 100091
100091 54610 83954
83954 54610 100091
110402 33048 107130
107130 33048 110402
33048 107130 110402
93931 16286 95166
16286 93931 95166
95166 16286 93931
66511 28275 112131
112131 28275 66511
28275 66511 112131
116370 16223 102949
16223 102949 116370
102949 16223 116370
100060 7129 38252
7129 38252 100060
38252 7129 100060
75507 76420 86874
86874 75507 76420
76420 75507 86874
119238 115159 131258
115159 119238 131258
131258 115159 119238
41674 33180 36008
33180 36008 41674
36008 33180 41674
99056 99955 129656
99955 99056 129656
129656 99056 99955
41537 21573 35859
21573 35859 41537
35859 21573 41537
130358 100263 101372
101372 100263 130358
100263 101372 130358
57478 31278 119651
119651 31278 57478
31278 57478 119651
67486 23085 23814
23085 23814 67486
23814 23085 67486
35211 46493 111032
46493 35211 111032
111032 35211 46493
71850 40553 72343
40553 71850 72343
72343 40553 71850
135685 1516 68877
68877 1516 135685
1516 68877 135685
60288 22454 99831
99831 22454 60288
22454 60288 99831
55250 13557 20468
20468 13557 55250
13557 20468 55250
18401 14745 107475
14745 18401 107475
107475 14745 18401
133622 91296 147800
91296 133622 147800
147800 91296 133622
52942 58250 145901
58250 52942 145901
145901 52942 58250
57002 67942 82842
67942 57002 82842
82842 57002 67942
131144 62214 131253
62214 131144 131253
131253 62214 131144
42430 64601 110510
110510 42430 64601
64601 42430 110510
101281 10758 58843
58843 10758 101281
10758 58843 101281
22918 97846 148496
97846 22918 148496
148496 22918 97846
49817 22460 107052
22460 49817 107052
107052 22460 49817
33754 21465 39858
21465 33754 39858
39858 21465 33754
98392 27076 43173
27076 43173 98392
43173 27076 98392
72702 93416 145757
145757 72702 93416
93416 72702 145757
59297 99269 127365
127365 59297 99269
99269 59297 127365
117643 75340 77937
75340 77937 117643
77937 75340 117643
101361 96589 129134
129134 96589 101361
96589 101361 129134
41369 37464 63613
63613 37464 41369
37464 41369 63613
46129 16445 19418
16445 19418 46129
19418 16445 46129
45426 4184 84594
84594 4184 45426
4184 45426 84594
65818 25062 126058
25062 65818 126058
126058 25062 65818
29948 12023 14588
12023 14588 29948
14588 12023 29948
61289 25609 31995
25609 31995 61289
31995 25609 61289
85828 23654 41480
41480 23654 85828
23654 41480 85828
136031 23560 68296
23560 68296 136031
68296 23560 136031
72896 84479 111477
84479 72896 111477
111477 72896 84479
148434 716 135708
716 135708 148434
135708 716 148434
27080 3541 36741
3541 27080 36741
36741 3541 27080
134295 85681 118372
118372 85681 134295
85681 118372 134295
141400 26422 142662
142662 26422 141400
26422 141400 142662
132243 50502 144047
144047 50502 132243
50502 132243 144047
145589 11242 108747
11242 108747 145589
108747 11242 145589
5855 72039 77623
77623 5855 72039
72039 5855 77623
39846 91008 141914
141914 39846 91008
91008 39846 141914
85010 30179 138351
30179 85010 138351
138351 30179 85010
81968 61430 104785
61430 81968 104785
104785 61430 81968
51436 136689 142010
136689 51436 142010
142010 51436 136689
33166 91573 135353
91573 33166 135353
135353 33166 91573
43302 39088 136487
39088 43302 136487
136487 39088 43302
130685 75266 135028
135028 75266 130685
75266 130685 135028
90548 112482 117476
112482 90548 117476
117476 90548 112482
149836 74522 85115
85115 74522 149836
74522 85115 149836
19588 70791 146466
70791 19588 146466
146466 19588 70791
110621 36860 130984
130984 36860 110621
36860 110621 130984
114742 26264 79434
79434 26264 114742
26264 79434 114742
15123 56400 87856
87856 15123 56400
56400 15123 87856
22251 28733 94946
94946 22251 28733
28733 22251 94946
145337 48554 100292
100292 48554 145337
48554 100292 145337
65706 7532 56883
7532 56883 65706
56883 7532 65706
78460 11009 45454
11009 45454 78460
45454 11009 78460
73993 1428 40816
40816 1428 73993
1428 40816 73993
34791 99419 110534
99419 34791 110534
110534 34791 99419
4578 5716 63523
5716 4578 63523
63523 4578 5716
60754 25984 39687
25984 39687 60754
39687 25984 60754
43744 23358 135640
135640 23358 43744
23358 43744 135640
84105 121944 139357
121944 84105 139357
139357 84105 121944
79827 21296 70442
21296 70442 79827
70442 21296 79827
5857 111075 112152
111075 5857 112152
112152 5857 111075
77126 49064 134827
134827 49064 77126
49064 77126 134827
107818 31977 72309
72309 31977 107818
31977 72309 107818
85161 30371 126548
126548 30371 85161
30371 85161 126548
102316 31721 142020
142020 31721 102316
31721 102316 142020
44561 15481 64210
64210 15481 44561
15481 44561 64210
87785 79990 87365
79990 87365 87785
87365 79990 87785
129368 81116 123525
81116 123525 129368
123525 81116 129368
138288 25316 64397
64397 25316 138288
25316 64397 138288
29841 52282 60317
52282 29841 60317
60317 29841 52282
65249 73985 135035
73985 65249 135035
135035 65249 73985
138240 46170 106148
106148 46170 138240
46170 106148 138240
52062 38889 76677
76677 38889 52062
38889 52062 76677
131804 29358 65722
29358 65722 131804
65722 29358 131804
35193 22612 80226
22612 35193 80226
80226 22612 35193
92139 23167 99725
23167 92139 99725
99725 23167 92139
137810 81848 120890
120890 81848 137810
81848 120890 137810
72783 109864 128347
128347 72783 109864
109864 72783 128347
104765 9658 37861
37861 9658 104765
9658 37861 104765
60330 62272 112086
112086 60330 62272
62272 60330 112086
93952 44681 68629
44681 68629 93952
68629 44681 93952
102214 116968 137867
116968 102214 137867
137867 102214 116968
60349 54985 133582
54985 60349 133582
133582 54985 60349
27311 35458 60298
35458 27311 60298
60298 27311 35458
98927 28434 130974
130974 28434 98927
28434 98927 130974
71467 43650 58166
58166 43650 71467
43650 58166 71467
7759 42213 136434
136434 7759 42213
42213 7759 136434
40504 125869 132392
132392 40504 125869
125869 40504 132392
84047 117178 130502
130502 84047 117178
117178 84047 130502
48486 107164 137827
107164 48486 137827
137827 48486 107164
124465 50438 131320
50438 124465 131320
131320 50438 124465
134185 140741 144932
144932 134185 140741
140741 134185 144932
36172 82801 93223
82801 36172 93223
93223 36172 82801
21695 75553 96805
96805 21695 75553
75553 21695 96805
116766 115912 134494
115912 116766 134494
134494 115912 116766
131588 82570 83620
83620 82570 131588
82570 83620 131588
143928 106252 141676
141676 106252 143928
106252 141676 143928
56416 122999 128006
122999 56416 128006
128006 56416 122999
141290 24031 74557
74557 24031 141290
24031 74557 141290
102446 30073 73816
73816 30073 102446
30073 73816 102446
138083 57188 58606
58606 57188 138083
57188 58606 138083
74786 28785 81579
81579 28785 74786
28785 74786 81579
101473 42478 125024
125024 42478 101473
42478 101473 125024
91663 32297 143270
143270 32297 91663
32297 91663 143270
139108 19292 92490
92490 19292 139108
19292 92490 139108
143796 4127 72601
4127 72601 143796
72601 4127 143796
140807 66744 68173
66744 68173 140807
68173 66744 140807
56567 39531 90191
90191 39531 56567
39531 56567 90191
56472 49512 55501
55501 49512 56472
49512 55501 56472
8569 57012 134575
134575 8569 57012
57012 8569 134575
114466 67227 104210
67227 104210 114466
104210 67227 114466
94367 32064 124528
32064 94367 124528
124528 32064 94367
7125 58269 119857
58269 7125 119857
119857 7125 58269
1542 1803 91799
1803 1542 91799
91799 1542 1803
8302 13245 36270
36270 8302 13245
13245 8302 36270
6373 14870 112906
112906 6373 14870
14870 6373 112906
91779 60210 99657
60210 91779 99657
99657 60210 91779
60855 48027 80842
48027 60855 80842
80842 48027 60855
97273 39848 40425
39848 40425 97273
40425 39848 97273
57230 60233 138742
60233 57230 138742
138742 57230 60233
34393 115168 132341
132341 34393 115168
115168 34393 132341
42885 69382 70198
70198 42885 69382
69382 42885 70198
41243 100756 118712
118712 41243 100756
100756 41243 118712
92345 31685 58369
31685 58369 92345
58369 31685 92345
105430 59822 66708
59822 66708 105430
66708 59822 105430
104485 2085 24808
2085 24808 104485
24808 2085 104485
21661 61953 109813
109813 21661 61953
61953 21661 109813
3969 22647 137104
22647 3969 137104
137104 3969 22647
53909 35133 76207
35133 53909 76207
76207 35133 53909
3923 69303 72323
72323 3923 69303
69303 3923 72323
108215 2390 145120
145120 2390 108215
2390 108215 145120
71833 45145 131837
131837 45145 71833
45145 71833 131837
48987 63595 113148
113148 48987 63595
63595 48987 113148
22801 113849 133531
133531 22801 113849
113849 22801 133531
33419 92259 114745
92259 33419 114745
114745 33419 92259
17826 89636 105422
105422 17826 89636
89636 17826 105422
52829 30464 120465
120465 30464 52829
30464 52829 120465
89660 48903 75326
75326 48903 89660
48903 75326 89660
94550 46326 142089
142089 46326 94550
46326 94550 142089
8803 78919 141465
141465 8803 78919
78919 8803 141465
5115 64669 73066
64669 5115 73066
73066 5115 64669
41340 59407 107873
107873 41340 59407
59407 41340 107873
15597 5136 115072
115072 5136 15597
5136 15597 115072
15389 74146 141003
141003 15389 74146
74146 15389 141003
25793 2587 98364
2587 25793 98364
98364 2587 25793
10636 107694 131295
107694 10636 131295
131295 10636 107694
18497 27468 28312
27468 18497 28312
28312 18497 27468
76527 20647 127977
127977 20647 76527
20647 76527 127977
33230 112514 135006
112514 33230 135006
135006 33230 112514
142253 38223 90067
90067 38223 142253
38223 90067 142253
117616 35200 42746
35200 42746 117616
42746 35200 117616
78383 27368 115882
115882 27368 78383
27368 78383 115882
114669 3547 138842
3547 114669 138842
138842 3547 114669
18206 53632 121443
53632 18206 121443
121443 18206 53632
74932 106253 129326
129326 74932 106253
106253 74932 129326
140303 3312 40098
3312 40098 140303
40098 3312 140303
96168 110151 119520
119520 96168 110151
110151 96168 119520
40770 30797 36179
30797 36179 40770
36179 30797 40770
60831 120134 128107
120134 60831 128107
128107 60831 120134
149913 93265 141015
93265 141015 149913
141015 93265 149913
81115 90563 104456
90563 81115 104456
104456 81115 90563
136328 49112 75067
49112 75067 136328
75067 49112 136328
32875 36406 102692
102692 32875 36406
36406 32875 102692
95015 108840 149432
108840 95015 149432
149432 95015 108840
39091 43082 146677
43082 39091 146677
146677 39091 43082
58694 32655 73340
32655 58694 73340
73340 32655 58694
15259 4180 93877
4180 15259 93877
93877 4180 15259
101137 5476 69887
5476 69887 101137
69887 5476 101137
112724 64731 79667
79667 64731 112724
64731 79667 112724
9213 43646 65844
65844 9213 43646
43646 9213 65844
131535 115353 149263
115353 131535 149263
149263 115353 131535
6858 22552 33781
33781 6858 22552
22552 6858 33781
123730 44514 103383
103383 44514 123730
44514 103383 123730
86508 4832 88226
88226 4832 86508
4832 86508 88226
143111 6441 124445
6441 124445 143111
124445 6441 143111
125171 14473 36502
36502 14473 125171
14473 36502 125171
23481 7150 53534
53534 7150 23481
7150 23481 53534
79698 5491 116875
116875 5491 79698
5491 79698 116875
133518 2566 104509
2566 104509 133518
104509 2566 133518
115939 3373 63298
3373 63298 115939
63298 3373 115939
17099 13129 45691
45691 13129 17099
13129 17099 45691
20245 17999 131953
17999 20245 131953
131953 17999 20245
110288 1193 70672
1193 70672 110288
70672 1193 110288
130629 71020 78826
71020 78826 130629
78826 71020 130629
1253 2523 69004
2523 1253 69004
69004 1253 2523
63230 36692 144781
144781 36692 63230
36692 63230 144781
118682 75212 143565
143565 75212 118682
75212 118682 143565
115325 32509 149399
32509 115325 149399
149399 32509 115325
69412 78095 144086
78095 69412 144086
144086 69412 78095
100227 51203 92037
51203 92037 100227
92037 51203 100227
128607 78983 134312
78983 128607 134312
134312 78983 128607
123085 88104 93704
93704 88104 123085
88104 93704 123085
10425 2154 122616
122616 2154 10425
2154 10425 122616
70360 37021 134802
134802 37021 70360
37021 70360 134802
7338 30586 118803
118803 7338 30586
30586 7338 118803
141340 20587 145100
145100 20587 141340
20587 141340 145100
143405 14024 86171
86171 14024 143405
14024 86171 143405
50144 28066 123835
28066 50144 123835
123835 28066 50144
19835 63236 130233
130233 19835 63236
63236 19835 130233
65267 71679 73026
73026 65267 71679
71679 65267 73026
32353 69989 76522
69989 32353 76522
76522 32353 69989
60009 46634 47594
46634 47594 60009
47594 46634 60009
4435 113894 145797
145797 4435 113894
113894 4435 145797
71665 115601 133982
115601 71665 133982
133982 71665 115601
120077 16601 39168
16601 39168 120077
39168 16601 120077
81479 11929 144910
144910 11929 81479
11929 81479 144910
136411 131736 146780
131736 136411 146780
146780 131736 136411
66524 83069 126438
83069 66524 126438
126438 66524 83069
128658 105815 128513
128513 105815 128658
105815 128513 128658
10017 84533 123570
123570 10017 84533
84533 10017 123570
61791 13316 60606
60606 13316 61791
13316 60606 61791
40503 39598 117315
117315 39598 40503
39598 40503 117315
136660 36628 77346
77346 36628 136660
36628 77346 136660
129396 7903 92672
7903 92672 129396
92672 7903 129396
58473 43548 136890
43548 58473 136890
136890 43548 58473
120454 10865 83259
83259 10865 120454
10865 83259 120454
127041 143740 146614
146614 127041 143740
143740 127041 146614
87300 64412 87024
64412 87024 87300
87024 64412 87300
24479 106370 135588
135588 24479 106370
106370 24479 135588
10707 81220 117783
117783 10707 81220
81220 10707 117783
73075 13686 111480
111480 13686 73075
13686 73075 111480
145971 27645 62524
62524 27645 145971
27645 62524 145971
44133 98475 98631
98631 44133 98475
98475 44133 98631
25305 19379 147880
19379 25305 147880
147880 19379 25305
61509 91062 126131
126131 61509 91062
91062 61509 126131
95494 575 147107
575 95494 147107
147107 575 95494
30267 3898 83291
83291 3898 30267
3898 30267 83291
95356 61335 103245
61335 95356 103245
103245 61335 95356
41543 103461 147331
103461 41543 147331
147331 41543 103461
77241 44477 93309
44477 77241 93309
93309 44477 77241
73720 107804 113106
107804 73720 113106
113106 73720 107804
98738 68215 121674
121674 68215 98738
68215 98738 121674
183 18529 57155
18529 183 57155
57155 183 18529
91612 46107 98880
46107 91612 98880
98880 46107 91612
149221 31788 131444
131444 31788 149221
31788 131444 149221
103680 26365 28338
28338 26365 103680
26365 28338 103680
116182 672 25542
25542 672 116182
672 25542 116182
5345 17336 27906
27906 5345 17336
17336 5345 27906
6394 64014 118070
64014 6394 118070
118070 6394 64014
145265 34671 112473
112473 34671 145265
34671 112473 145265
82645 8407 114857
114857 8407 82645
8407 82645 114857
128353 9155 145994
145994 9155 128353
9155 128353 145994
16575 43367 77506
77506 16575 43367
43367 16575 77506
87947 5990 99099
99099 5990 87947
5990 87947 99099
133115 4918 86519
86519 4918 133115
4918 86519 133115
127521 21178 113461
21178 113461 127521
113461 21178 127521
21966 74510 135275
74510 21966 135275
135275 21966 74510
17078 22357 97882
97882 17078 22357
22357 17078 97882
98510 30312 108750
108750 30312 98510
30312 98510 108750
15160 63799 103169
63799 15160 103169
103169 15160 63799
29683 91978 97074
97074 29683 91978
91978 29683 97074
103848 136838 139475
139475 103848 136838
136838 103848 139475
23784 29034 55772
29034 23784 55772
55772 23784 29034
28261 1775 42007
1775 28261 42007
42007 1775 28261
960 14429 37553
14429 960 37553
37553 960 14429
111460 59050 146996
59050 111460 146996
146996 59050 111460
72021 998 103610
103610 998 72021
998 72021 103610
104438 15933 82397
82397 15933 104438
15933 82397 104438
128350 69670 121367
121367 69670 128350
69670 121367 128350
129887 60311 91166
60311 91166 129887
91166 60311 129887
48994 6083 7359
6083 7359 48994
7359 6083 48994
91028 24077 147708
24077 91028 147708
147708 24077 91028
20855 27963 85159
27963 20855 85159
85159 20855 27963
78348 104504 141706
141706 78348 104504
104504 78348 141706
96808 51422 92952
92952 51422 96808
51422 92952 96808
64051 96675 127534
96675 64051 127534
127534 64051 96675
16725 106604 145018
145018 16725 106604
106604 16725 145018
52592 1880 53926
53926 1880 52592
1880 52592 53926
31205 19328 33758
33758 19328 31205
19328 31205 33758
68834 31034 34543
34543 31034 68834
31034 34543 68834
58943 101464 113788
113788 58943 101464
101464 58943 113788
101449 48940 103590
103590 48940 101449
48940 101449 103590
77000 8904 90150
90150 8904 77000
8904 77000 90150
100195 77406 81293
77406 81293 100195
81293 77406 100195
110386 26132 78154
26132 78154 110386
78154 26132 110386
117292 59906 71888
71888 59906 117292
59906 71888 117292
23751 87346 124370
87346 23751 124370
124370 23751 87346
139517 78753 80391
78753 80391 139517
80391 78753 139517
103044 107240 107909
107240 103044 107909
107909 103044 107240
36470 50106 117925
50106 36470 117925
117925 36470 50106
114544 10715 115949
115949 10715 114544
10715 114544 115949
64843 60049 94522
60049 64843 94522
94522 60049 64843
67142 100991 126519
126519 67142 100991
100991 67142 126519
148354 22076 129813
22076 129813 148354
129813 22076 148354
49038 76135 120451
76135 49038 120451
120451 49038 76135
144001 13354 143614
13354 143614 144001
143614 13354 144001
1833 26168 107487
26168 1833 107487
107487 1833 26168
115642 7105 50012
7105 50012 115642
50012 7105 115642
87125 41337 76788
76788 41337 87125
41337 76788 87125
104624 39566 110473
39566 104624 110473
110473 39566 104624
114169 115357 128961
115357 114169 128961
128961 114169 115357
23256 97257 101792
101792 23256 97257
97257 23256 101792
6571 49852 74694
74694 6571 49852
49852 6571 74694
92308 128950 143492
143492 92308 128950
128950 92308 143492
81274 1141 13410
13410 1141 81274
1141 13410 81274
71373 85978 94560
94560 71373 85978
85978 71373 94560
59049 36965 91224
36965 59049 91224
91224 36965 59049
85441 42524 100413
42524 85441 100413
100413 42524 85441
140157 33949 56303
56303 33949 140157
33949 56303 140157
129199 80921 96531
80921 96531 129199
96531 80921 129199
39238 43201 147982
147982 39238 43201
43201 39238 147982
35910 43239 105881
105881 35910 43239
43239 35910 105881
2436 8679 49114
49114 2436 8679
8679 2436 49114
70377 49824 120526
120526 49824 70377
49824 70377 120526
92372 90800 113272
113272 90800 92372
90800 92372 113272
25502 130932 144465
130932 25502 144465
144465 25502 130932
118966 86700 106615
86700 106615 118966
106615 86700 118966
98661 123153 143040
123153 98661 143040
143040 98661 123153
28211 23704 148879
23704 28211 148879
148879 23704 28211
21069 28880 118870
28880 21069 118870
118870 21069 28880
74732 21930 90866
90866 21930 74732
21930 74732 90866
102384 46227 121344
121344 46227 102384
46227 102384 121344
9577 14479 40807
14479 9577 40807
40807 9577 14479
72107 53161 106010
53161 72107 106010
106010 53161 72107
11335 115216 135036
135036 11335 115216
115216 11335 135036
68836 101587 125853
125853 68836 101587
101587 68836 125853
126579 65054 99186
65054 99186 126579
99186 65054 126579
91718 11703 63119
63119 11703 91718
11703 63119 91718
99127 24898 65449
24898 65449 99127
65449 24898 99127
50378 13581 105906
105906 13581 50378
13581 50378 105906
18795 42535 78984
78984 18795 42535
42535 18795 78984
83423 21015 56383
21015 56383 83423
56383 21015 83423
114107 88841 130123
130123 88841 114107
88841 114107 130123
15710 76272 142092
76272 15710 142092
142092 15710 76272
133453 5964 40156
40156 5964 133453
5964 40156 133453
94959 51133 95214
51133 94959 95214
95214 51133 94959
68375 60209 121802
121802 60209 68375
60209 68375 121802
86106 10928 61862
10928 61862 86106
61862 10928 86106
68944 53459 73113
73113 53459 68944
53459 68944 73113
61522 11388 70269
70269 11388 61522
11388 61522 70269
101101 40038 122562
40038 101101 122562
122562 40038 101101
36744 29060 84391
84391 29060 36744
29060 36744 84391
66625 29953 100794
100794 29953 66625
29953 66625 100794
119533 79050 133681
79050 119533 133681
133681 79050 119533
43794 13768 58543
58543 13768 43794
13768 43794 58543
7895 2913 145392
145392 2913 7895
2913 7895 145392
44621 58286 72102
72102 44621 58286
58286 44621 72102
70959 88151 118794
88151 70959 118794
118794 70959 88151
139961 2543 49299
2543 49299 139961
49299 2543 139961
67974 2382 124732
124732 2382 67974
2382 67974 124732
128010 48029 149716
48029 128010 149716
149716 48029 128010
9357 61338 119635
119635 9357 61338
61338 9357 119635
9176 6579 57648
57648 6579 9176
6579 9176 57648
109334 25095 96882
96882 25095 109334
25095 96882 109334
16458 42747 132894
132894 16458 42747
42747 16458 132894
63604 57866 90400
57866 63604 90400
90400 57866 63604
110144 26403 41728
26403 41728 110144
41728 26403 110144
40237 27064 103732
27064 40237 103732
103732 27064 40237
3693 110296 140670
110296 3693 140670
140670 3693 110296
10914 79631 124612
79631 10914 124612
124612 10914 79631
30434 12033 115340
115340 12033 30434
12033 30434 115340
96685 34127 103470
34127 96685 103470
103470 34127 96685
8677 45297 89360
89360 8677 45297
45297 8677 89360
40627 42863 139430
139430 40627 42863
42863 40627 139430
29460 64109 98882
64109 29460 98882
98882 29460 64109
47999 7132 20160
20160 7132 47999
7132 20160 47999
85874 3394 100167
100167 3394 85874
3394 85874 100167
57284 61824 86099
61824 57284 86099
86099 57284 61824
100214 111042 143388
143388 100214 111042
111042 100214 143388
143649 7615 133121
7615 133121 143649
133121 7615 143649
105880 27365 104352
27365 104352 105880
104352 27365 105880
139759 26719 48116
26719 48116 139759
48116 26719 139759
54093 20081 77104
77104 20081 54093
20081 54093 77104
98190 15976 77677
15976 77677 98190
77677 15976 98190
121060 13547 81799
13547 81799 121060
81799 13547 121060
111483 5394 40243
40243 5394 111483
5394 40243 111483
130453 331 108324
331 108324 130453
108324 331 130453
20667 95736 122276
95736 20667 122276
122276 20667 95736
66437 105962 117491
105962 66437 117491
117491 66437 105962
120325 108400 108461
108461 108400 120325
108400 108461 120325
68688 11116 27619
11116 27619 68688
27619 11116 68688
36040 43037 136238
43037 36040 136238
136238 36040 43037
20584 44507 121095
121095 20584 44507
44507 20584 121095
114286 88107 125693
88107 114286 125693
125693 88107 114286
127155 49524 50505
50505 49524 127155
49524 50505 127155
87747 68379 76535
68379 76535 87747
