337 225 1391
1391 225 337
225 337 1391
529 176 224
224 176 529
176 224 529
1343 588 1386
1386 588 1343
588 1343 1386
830 298 790
298 790 830
790 298 830
1417 522 1145
522 1145 1417
1145 522 1417
539 233 238
233 238 539
238 233 539
1358 784 1488
784 1358 1488
1488 784 1358
1303 466 663
663 466 1303
466 663 1303
1123 350 1361
1361 350 1123
350 1123 1361
1185 304 963
304 963 1185
963 304 1185
1079 77 980
77 980 1079
980 77 1079
1439 393 558
393 558 1439
558 393 1439
643 855 927
927 643 855
855 643 927
1490 376 521
521 376 1490
376 521 1490
1339 38 1187
1187 38 1339
38 1187 1339
1382 992 1045
1045 992 1382
992 1045 1382
884 995 1085
1085 884 995
995 884 1085
41 335 352
335 41 352
352 41 335
1158 93 272
272 93 1158
93 272 1158
894 573 903
903 573 894
573 894 903
397 405 669
669 397 405
405 397 669
138 157 444
157 138 444
444 138 157
1053 1271 1347
1347 1053 1271
1271 1053 1347
665 1387 1467
1387 665 1467
1467 665 1387
188 147 1042
1042 147 188
147 188 1042
1153 802 1082
802 1082 1153
1082 802 1153
616 488 655
655 488 616
488 616 655
1365 378 986
986 378 1365
378 986 1365
1221 427 700
427 700 1221
700 427 1221
1349 800 819
800 819 1349
819 800 1349
701 323 381
381 323 701
323 381 701
1375 9 644
644 9 1375
9 644 1375
725 1052 1466
1052 725 1466
1466 725 1052
826 56 788
788 56 826
56 788 826
129 834 936
936 129 834
834 129 936
1447 579 977
977 579 1447
579 977 1447
476 267 1256
267 476 1256
1256 267 476
1040 996 1176
996 1040 1176
1176 996 1040
1429 728 976
728 976 1429
976 728 1429
906 198 1345
198 906 1345
1345 198 906
57 99 416
416 57 99
99 57 416
119 212 477
477 119 212
212 119 477
516 568 1112
568 516 1112
1112 516 568
652 321 333
333 321 652
321 333 652
1482 753 1189
1189 753 1482
753 1189 1482
1087 465 1275
465 1087 1275
1275 465 1087
144 355 872
355 144 872
872 144 355
581 146 1413
1413 146 581
146 581 1413
1318 216 926
926 216 1318
216 926 1318
353 622 1392
622 353 1392
1392 353 622
392 1003 1117
1003 392 1117
1117 392 1003
1389 160 1434
1434 160 1389
160 1389 1434
949 53 818
818 53 949
53 818 949
1263 449 994
994 449 1263
449 994 1263
473 743 1132
743 473 1132
1132 473 743
866 1014 1273
1014 866 1273
1273 866 1014
1420 270 1412
1412 270 1420
270 1412 1420
464 686 1049
1049 464 686
686 464 1049
459 425 817
817 425 459
425 459 817
1249 187 1401
1401 187 1249
187 1249 1401
309 380 939
380 309 939
939 309 380
209 311 684
311 209 684
684 209 311
1301 107 582
582 107 1301
107 582 1301
32 91 467
91 32 467
467 32 91
111 158 952
158 111 952
952 111 158
145 720 934
934 145 720
720 145 934
998 832 1155
1155 832 998
832 998 1155
1220 614 897
614 897 1220
897 614 1220
727 1160 1169
1160 727 1169
1169 727 1160
1384 1376 1443
1376 1384 1443
1443 1376 1384
1248 197 1431
197 1248 1431
1431 197 1248
774 79 785
785 79 774
79 774 785
666 775 1458
775 666 1458
1458 666 775
656 571 1313
1313 571 656
571 656 1313
956 649 1348
1348 649 956
649 956 1348
1180 105 1186
1186 105 1180
105 1180 1186
278 96 916
96 278 916
916 96 278
185 509 675
675 185 509
509 185 675
975 1331 1399
1331 975 1399
1399 975 1331
731 1196 1362
1196 731 1362
1362 731 1196
772 4 1054
1054 4 772
4 772 1054
226 437 891
891 226 437
437 226 891
724 714 876
876 714 724
714 724 876
844 230 562
230 562 844
562 230 844
623 31 109
31 109 623
109 31 623
430 704 750
704 430 750
750 430 704
293 654 1244
654 293 1244
1244 293 654
1173 518 611
611 518 1173
518 611 1173
69 234 1010
234 69 1010
1010 69 234
1243 472 962
962 472 1243
472 962 1243
924 141 493
493 141 924
141 493 924
767 25 1285
25 767 1285
1285 25 767
805 658 1381
658 805 1381
1381 658 805
513 647 1327
1327 513 647
647 513 1327
985 480 1223
1223 480 985
480 985 1223
82 923 1199
923 82 1199
1199 82 923
86 390 911
911 86 390
390 86 911
909 557 887
557 887 909
887 557 909
231 241 375
241 231 375
375 231 241
1407 373 1406
373 1406 1407
1406 373 1407
46 633 1302
1302 46 633
633 46 1302
615 84 1337
1337 84 615
84 615 1337
514 1 856
856 1 514
1 514 856
67 741 1426
741 67 1426
1426 67 741
152 608 735
735 152 608
608 152 735
1300 565 1074
1074 565 1300
565 1074 1300
1224 1124 1288
1124 1224 1288
1288 1124 1224
1360 758 912
912 758 1360
758 912 1360
1138 275 1141
1141 275 1138
275 1138 1141
756 1242 1438
1438 756 1242
1242 756 1438
1036 58 248
58 248 1036
248 58 1036
265 432 806
432 265 806
806 265 432
1480 681 1058
681 1058 1480
1058 681 1480
502 64 958
958 64 502
64 502 958
1449 180 418
180 418 1449
418 180 1449
763 689 1287
1287 689 763
689 763 1287
54 523 940
940 54 523
523 54 940
1304 68 597
597 68 1304
68 597 1304
835 189 251
251 189 835
189 251 835
711 386 702
386 702 711
702 386 711
988 422 1228
422 988 1228
1228 422 988
1402 207 1495
207 1402 1495
1495 207 1402
867 1363 1476
1363 867 1476
1476 867 1363
603 42 1068
42 603 1068
1068 42 603
575 19 1491
19 575 1491
1491 19 575
424 417 752
752 417 424
417 424 752
1192 544 630
544 630 1192
630 544 1192
589 229 1236
229 589 1236
1236 229 589
36 950 1165
950 36 1165
1165 36 950
869 433 1013
433 869 1013
1013 433 869
322 221 520
520 221 322
221 322 520
1372 132 868
132 868 1372
868 132 1372
847 797 875
875 797 847
797 847 875
277 3 1019
1019 3 277
3 277 1019
812 388 1471
1471 388 812
388 812 1471
530 1102 1217
1217 530 1102
1102 530 1217
691 678 1120
678 691 1120
1120 678 691
677 360 498
360 498 677
498 360 677
1198 120 340
120 340 1198
340 120 1198
999 453 1172
453 999 1172
1172 453 999
1135 341 1089
1089 341 1135
341 1089 1135
1299 98 201
201 98 1299
98 201 1299
490 288 330
330 288 490
288 330 490
456 402 1370
1370 402 456
402 456 1370
780 755 1423
1423 755 780
755 780 1423
294 590 796
590 294 796
796 294 590
370 808 1206
808 370 1206
1206 370 808
709 18 851
851 18 709
18 709 851
499 242 1245
242 499 1245
1245 242 499
1453 1197 1261
1197 1261 1453
1261 1197 1453
1308 72 81
72 81 1308
81 72 1308
104 297 921
297 104 921
921 104 297
501 139 339
139 339 501
339 139 501
222 737 1306
737 222 1306
1306 222 737
626 664 1069
1069 626 664
664 626 1069
1344 196 326
326 196 1344
196 326 1344
332 1017 1168
1168 332 1017
1017 332 1168
910 286 536
286 536 910
536 286 910
87 646 877
877 87 646
646 87 877
782 1119 1355
1119 782 1355
1355 782 1119
628 534 852
534 628 852
852 534 628
871 645 941
645 871 941
941 645 871
192 217 336
336 192 217
217 192 336
263 369 540
369 263 540
540 263 369
945 89 659
89 659 945
659 89 945
1105 195 1125
1125 195 1105
195 1105 1125
296 268 1484
268 296 1484
1484 268 296
820 1252 1326
1326 820 1252
1252 820 1326
1425 395 469
395 469 1425
469 395 1425
1090 1295 1353
1295 1090 1353
1353 1090 1295
482 135 650
135 482 650
650 135 482
1258 389 458
389 458 1258
458 389 1258
1276 254 372
254 372 1276
372 254 1276
50 29 455
29 50 455
455 29 50
893 693 1057
1057 693 893
693 893 1057
981 12 829
829 12 981
12 829 981
112 762 1432
762 112 1432
1432 112 762
170 103 618
618 103 170
103 170 618
685 1257 1385
1257 685 1385
1385 685 1257
1290 547 1005
547 1005 1290
1005 547 1290
878 1002 1067
1067 878 1002
1002 878 1067
75 367 922
367 75 922
922 75 367
446 435 898
898 435 446
435 446 898
1110 165 1436
165 1110 1436
1436 165 1110
1183 434 1131
434 1131 1183
1131 434 1183
313 729 1205
729 313 1205
1205 313 729
879 374 770
374 770 879
770 374 879
890 269 629
629 269 890
269 629 890
1129 236 1264
1264 236 1129
236 1129 1264
795 47 302
302 47 795
47 302 795
1374 317 1394
1394 317 1374
317 1374 1394
385 674 1041
674 385 1041
1041 385 674
1444 85 1211
1211 85 1444
85 1211 1444
942 274 1315
1315 274 942
274 942 1315
742 283 710
283 710 742
710 283 742
452 479 671
671 452 479
479 452 671
220 219 1170
219 220 1170
1170 219 220
1181 738 1046
1046 738 1181
738 1046 1181
1498 14 149
149 14 1498
14 149 1498
789 541 813
813 541 789
541 789 813
34 632 1459
632 34 1459
1459 34 632
194 262 1253
262 194 1253
1253 194 262
1012 253 880
880 253 1012
253 880 1012
252 257 1286
1286 252 257
257 252 1286
604 475 929
929 475 604
475 604 929
1219 545 1474
1474 545 1219
545 1219 1474
383 494 1059
1059 383 494
494 383 1059
59 159 1216
159 59 1216
1216 59 159
365 736 1195
736 365 1195
1195 365 736
419 240 1204
1204 240 419
240 419 1204
1388 338 1056
338 1056 1388
1056 338 1388
223 1100 1332
1100 223 1332
1332 223 1100
1398 167 1130
1130 167 1398
167 1130 1398
625 596 707
707 596 625
596 625 707
1193 366 881
366 881 1193
881 366 1193
1379 183 695
695 183 1379
183 695 1379
895 80 1060
1060 80 895
80 895 1060
1450 261 1063
1063 261 1450
261 1063 1450
1080 1034 1212
1212 1034 1080
1034 1080 1212
151 831 1122
1122 151 831
831 151 1122
295 673 1078
1078 295 673
673 295 1078
186 363 849
849 186 363
363 186 849
2 90 276
276 2 90
90 2 276
450 1096 1465
1465 450 1096
1096 450 1465
438 840 892
892 438 840
840 438 892
850 745 987
987 745 850
745 850 987
833 246 1291
246 833 1291
1291 246 833
1310 706 1166
706 1166 1310
1166 706 1310
1142 177 1270
1270 177 1142
177 1142 1270
1309 1356 1456
1356 1309 1456
1456 1309 1356
140 561 1335
561 140 1335
1335 140 561
245 273 769
273 245 769
769 245 273
316 907 1324
907 316 1324
1324 316 907
1146 62 174
174 62 1146
62 174 1146
739 548 1442
548 739 1442
1442 548 739
1072 584 1027
1027 584 1072
584 1027 1072
918 605 1364
1364 605 918
605 918 1364
83 1266 1448
1448 83 1266
1266 83 1448
637 39 162
162 39 637
39 162 637
1163 1133 1359
1359 1133 1163
1133 1163 1359
178 744 1073
1073 178 744
744 178 1073
1037 485 624
485 624 1037
624 485 1037
555 542 1191
542 555 1191
1191 542 555
1137 406 1175
1175 406 1137
406 1137 1175
1113 100 1093
100 1093 1113
1093 100 1113
1128 798 1314
798 1128 1314
1314 798 1128
1486 483 1104
1104 483 1486
483 1104 1486
838 1065 1441
1441 838 1065
1065 838 1441
510 199 526
199 510 526
526 199 510
168 73 1007
73 168 1007
1007 73 168
657 181 1126
181 657 1126
1126 181 657
22 60 1329
1329 22 60
60 22 1329
247 171 368
368 171 247
171 247 368
1023 648 966
966 648 1023
648 966 1023
1203 232 957
957 232 1203
232 957 1203
1395 148 1274
1274 148 1395
148 1274 1395
308 740 1255
740 308 1255
1255 308 740
121 1028 1340
1340 121 1028
1028 121 1340
346 471 567
471 346 567
567 346 471
289 11 1483
1483 11 289
11 289 1483
1084 886 1207
886 1084 1207
1207 886 1084
102 951 1018
951 102 1018
1018 102 951
1026 1051 1213
1051 1026 1213
1213 1026 1051
943 783 874
783 874 943
874 783 943
1408 61 1015
1015 61 1408
61 1015 1408
1390 461 809
809 461 1390
461 809 1390
533 108 1103
1103 108 533
108 533 1103
1378 305 1232
1232 305 1378
305 1232 1378
505 448 935
935 448 505
448 505 935
902 925 1098
1098 902 925
925 902 1098
863 88 982
88 863 982
982 88 863
848 420 746
746 420 848
420 746 848
1397 991 1247
1247 991 1397
991 1247 1397
978 519 960
519 960 978
960 519 978
828 716 1088
1088 716 828
716 828 1088
964 587 1000
587 964 1000
1000 587 964
1470 600 1227
1227 600 1470
600 1227 1470
1250 1202 1373
1373 1202 1250
1202 1250 1373
255 696 1452
696 255 1452
1452 255 696
551 484 1177
1177 484 551
484 551 1177
803 314 1469
1469 314 803
314 803 1469
1229 260 371
371 260 1229
260 371 1229
391 572 715
715 391 572
572 391 715
1323 759 1369
1369 759 1323
759 1323 1369
45 1111 1152
1152 45 1111
1111 45 1152
1416 1016 1174
1016 1174 1416
1174 1016 1416
560 24 1403
1403 24 560
24 560 1403
173 210 291
210 173 291
291 173 210
1021 307 1445
1445 307 1021
307 1021 1445
344 408 1106
408 344 1106
1106 344 408
825 698 948
698 825 948
948 698 825
733 1038 1350
1350 733 1038
1038 733 1350
676 118 398
118 398 676
398 118 676
713 821 1419
1419 713 821
821 713 1419
1352 462 865
865 462 1352
462 865 1352
1342 258 1433
258 1342 1433
1433 258 1342
415 117 531
117 415 531
531 117 415
801 699 814
814 699 801
699 801 814
506 527 668
527 506 668
668 506 527
1267 6 1294
1294 6 1267
6 1267 1294
1043 113 692
113 692 1043
692 113 1043
627 617 631
631 617 627
617 627 631
5 1293 1328
1328 5 1293
1293 5 1328
451 661 908
661 451 908
908 451 661
244 155 299
299 155 244
155 244 299
904 983 1411
983 904 1411
1411 904 983
862 95 115
115 95 862
95 115 862
1055 778 1154
778 1055 1154
1154 778 1055
1001 937 1380
937 1001 1380
1380 937 1001
1377 638 667
667 638 1377
638 667 1377
256 1240 1296
1296 256 1240
1240 256 1296
1367 598 1030
598 1030 1367
1030 598 1367
859 228 1121
228 859 1121
1121 228 859
63 106 853
853 63 106
106 63 853
1095 705 953
953 705 1095
705 953 1095
930 489 1494
489 930 1494
1494 489 930
164 478 1396
478 164 1396
1396 164 478
839 1020 1478
1020 839 1478
1478 839 1020
329 122 1317
122 329 1317
1317 122 329
873 993 1259
1259 873 993
993 873 1259
602 282 525
525 282 602
282 525 602
1325 1071 1215
1071 1215 1325
1215 1071 1325
1333 703 1292
1292 703 1333
703 1292 1333
439 21 1039
21 439 1039
1039 21 439
781 900 1319
900 781 1319
1319 781 900
1371 535 1208
535 1208 1371
1208 535 1371
285 883 1421
1421 285 883
883 285 1421
955 552 1075
1075 552 955
552 955 1075
723 110 864
110 723 864
864 110 723
1422 486 1368
486 1368 1422
1368 486 1422
1477 200 1178
1178 200 1477
200 1178 1477
662 125 1149
125 662 1149
1149 125 662
726 412 947
947 412 726
412 726 947
1427 492 679
492 679 1427
679 492 1427
508 660 1493
660 508 1493
1493 508 660
126 580 1050
580 126 1050
1050 126 580
1455 319 1190
1190 319 1455
319 1190 1455
30 310 1481
1481 30 310
310 30 1481
1151 290 845
290 845 1151
845 290 1151
349 172 1400
1400 172 349
172 349 1400
1415 409 1457
409 1415 1457
1457 409 1415
78 491 503
491 78 503
503 78 491
71 40 609
40 71 609
609 40 71
447 836 1463
836 447 1463
1463 447 836
193 842 970
842 193 970
970 193 842
858 496 1451
1451 496 858
496 858 1451
161 734 815
734 161 815
815 161 734
642 23 345
23 345 642
345 23 642
793 361 697
361 697 793
697 361 793
1139 1184 1233
1184 1139 1233
1233 1139 1184
156 635 1475
1475 156 635
635 156 1475
827 989 1029
1029 827 989
989 827 1029
1357 55 593
55 593 1357
593 55 1357
969 249 888
249 888 969
888 249 969
1231 1011 1134
1011 1134 1231
1134 1011 1231
191 169 1346
1346 169 191
169 191 1346
1414 394 938
394 938 1414
938 394 1414
1238 403 1461
403 1238 1461
1461 403 1238
730 811 1307
1307 730 811
811 730 1307
76 1031 1033
1033 76 1031
1031 76 1033
137 1251 1489
1251 137 1489
1489 137 1251
511 965 1437
1437 511 965
965 511 1437
822 306 1210
306 822 1210
1210 306 822
719 208 239
208 239 719
239 208 719
250 280 1278
280 250 1278
1278 250 280
554 414 1334
1334 414 554
414 554 1334
27 442 574
574 27 442
442 27 574
481 292 445
445 292 481
292 445 481
766 334 1281
334 766 1281
1281 334 766
487 428 1289
428 487 1289
1289 428 487
204 300 1404
1404 204 300
300 204 1404
1182 48 404
404 48 1182
48 404 1182
777 130 585
585 130 777
130 585 777
1150 1143 1410
1410 1143 1150
1143 1150 1410
553 387 1265
1265 387 553
387 553 1265
889 175 857
175 857 889
857 175 889
206 343 771
771 206 343
343 206 771
1440 748 1024
1024 748 1440
748 1024 1440
10 411 974
974 10 411
411 10 974
327 760 920
760 327 920
920 327 760
15 266 331
331 15 266
266 15 331
443 429 896
896 429 443
429 443 896
1500 421 1194
421 1194 1500
1194 421 1500
362 44 854
44 362 854
854 44 362
569 517 913
913 517 569
517 569 913
1218 463 1025
1025 463 1218
463 1025 1218
765 74 124
74 124 765
124 74 765
1064 495 1464
495 1064 1464
1464 495 1064
570 861 1047
861 570 1047
1047 570 861
136 382 634
382 136 634
634 136 382
133 747 1200
747 133 1200
1200 133 747
1061 841 1282
841 1061 1282
1282 841 1061
1188 601 787
601 787 1188
787 601 1188
407 384 968
384 407 968
968 384 407
101 917 1091
917 101 1091
1091 101 917
764 1008 1497
1497 764 1008
1008 764 1497
1144 94 1499
94 1144 1499
1499 94 1144
732 546 619
546 619 732
619 546 732
768 816 1277
1277 768 816
816 768 1277
1140 524 928
524 928 1140
928 524 1140
92 470 1148
1148 92 470
470 92 1148
653 8 1237
8 653 1237
1237 8 653
594 153 592
153 592 594
592 153 594
1171 1383 1454
1383 1171 1454
1454 1171 1383
1222 1076 1428
1076 1222 1428
1428 1076 1222
507 640 1239
1239 507 640
640 507 1239
351 264 426
426 264 351
264 351 426
1083 205 357
205 357 1083
357 205 1083
1283 967 1393
967 1283 1393
1393 967 1283
556 320 1462
320 556 1462
1462 320 556
347 364 423
423 347 364
364 347 423
259 651 682
651 259 682
682 259 651
1156 359 954
359 954 1156
954 359 1156
1066 680 1280
1280 680 1066
680 1066 1280
154 441 757
441 154 757
757 154 441
1108 396 537
537 396 1108
396 537 1108
497 97 690
690 97 497
97 497 690
786 179 824
179 786 824
824 179 786
1226 123 961
961 123 1226
123 961 1226
899 564 1004
1004 564 899
564 899 1004
639 1092 1116
1116 639 1092
1092 639 1116
971 301 1241
1241 301 971
301 971 1241
538 972 1101
1101 538 972
972 538 1101
1351 128 1330
1330 128 1351
128 1330 1351
885 799 1048
1048 799 885
799 885 1048
202 150 356
150 202 356
356 150 202
1472 127 1254
127 1254 1472
1254 127 1472
1305 566 1086
1086 566 1305
566 1086 1305
1136 807 882
807 882 1136
882 807 1136
1077 342 1269
342 1077 1269
1269 342 1077
1297 166 683
166 683 1297
683 166 1297
932 837 1424
837 932 1424
1424 837 932
1446 804 1070
1070 804 1446
804 1070 1446
612 400 1405
1405 400 612
400 612 1405
1161 1009 1354
1009 1161 1354
1354 1009 1161
1022 237 1167
1167 237 1022
237 1022 1167
549 543 1320
543 549 1320
1320 543 549
712 379 1262
379 712 1262
1262 379 712
792 528 1032
1032 528 792
528 792 1032
213 997 1435
997 213 1435
1435 213 997
1322 315 595
595 315 1322
315 595 1322
1246 973 1035
1035 973 1246
973 1035 1246
1338 436 944
944 436 1338
436 944 1338
843 1366 1473
1366 843 1473
1473 843 1366
550 13 583
583 13 550
13 550 583
751 670 990
670 751 990
990 670 751
1094 810 1201
810 1094 1201
1201 810 1094
43 1312 1341
1341 43 1312
1312 43 1341
1164 218 413
218 413 1164
413 218 1164
1336 468 1115
1115 468 1336
468 1115 1336
66 70 794
794 66 70
70 66 794
984 914 1487
914 984 1487
1487 914 984
515 28 284
284 28 515
28 284 515
905 271 1157
271 905 1157
1157 271 905
279 16 718
718 16 279
16 279 718
235 7 688
7 235 688
688 7 235
620 532 946
532 620 946
946 532 620
1418 1298 1311
1311 1298 1418
1298 1311 1418
1162 215 721
721 215 1162
215 721 1162
1279 761 1272
761 1272 1279
1272 761 1279
1107 182 410
182 410 1107
410 182 1107
227 915 1006
915 227 1006
1006 227 915
457 190 504
504 190 457
190 457 504
1109 1099 1496
1496 1099 1109
1099 1109 1496
1062 318 1321
1321 318 1062
318 1062 1321
577 163 377
163 377 577
377 163 577
1430 722 1284
722 1284 1430
1284 722 1430
1214 576 1492
1492 576 1214
576 1214 1492
1127 116 281
281 116 1127
116 281 1127
1460 399 559
559 399 1460
399 559 1460
324 114 1235
1235 114 324
114 324 1235
211 131 901
901 131 211
131 211 901
870 1118 1268
1118 870 1268
1268 870 1118
773 591 621
591 621 773
621 591 773
606 1468 1479
1479 606 1468
1468 606 1479
1179 49 325
49 325 1179
325 49 1179
142 17 708
708 17 142
17 142 708
779 610 641
641 610 779
610 641 779
37 860 1485
860 37 1485
1485 37 860
431 287 979
287 431 979
979 287 431
1230 52 933
52 933 1230
933 52 1230
1097 823 919
919 823 1097
823 919 1097
613 512 1409
512 613 1409
1409 512 613
143 401 460
401 143 460
460 143 401
303 243 328
328 243 303
243 303 328
1081 26 754
754 26 1081
26 754 1081
776 454 474
454 474 776
474 454 776
203 33 134
33 134 203
134 33 203
184 440 717
717 184 440
440 184 717
348 578 586
586 348 578
578 348 586
931 312 358
358 312 931
312 358 931
1114 354 607
354 607 1114
607 354 1114
694 791 1316
1316 694 791
791 694 1316
20 1147 1225
1147 20 1225
1225 20 1147
214 35 500
500 35 214
35 214 500
1159 599 1209
599 1159 1209
1209 599 1159
672 563 1234
563 672 1234
1234 563 672
1260 51 959
959 51 1260
51 959 1260
846 687 1044
687 846 1044
1044 687 846
749 65 636
636 65 749
65 636 749
