712 476 570
570 476 712
476 570 712
405 207 298
207 298 405
298 207 405
1432 182 830
182 830 1432
830 182 1432
1462 614 1324
614 1324 1462
1324 614 1462
553 243 586
243 553 586
586 243 553
418 6 582
582 6 418
6 418 582
964 684 1461
1461 684 964
684 964 1461
525 1460 1473
1473 525 1460
1460 525 1473
419 76 1309
1309 76 419
76 419 1309
1254 95 155
155 95 1254
95 155 1254
58 1257 1446
1257 58 1446
1446 58 1257
14 343 1188
343 14 1188
1188 14 343
532 942 1020
942 532 1020
1020 532 942
729 158 568
568 158 729
158 568 729
1087 1129 1217
1217 1087 1129
1129 1087 1217
431 902 1015
1015 431 902
902 431 1015
1180 1055 1088
1088 1055 1180
1055 1088 1180
226 102 1063
102 226 1063
1063 102 226
323 338 1132
1132 323 338
338 323 1132
1075 193 262
262 193 1075
193 262 1075
9 10 1012
1012 9 10
10 9 1012
123 171 173
173 123 171
171 123 173
509 528 543
528 509 543
543 509 528
765 183 299
183 299 765
299 183 765
645 4 512
4 512 645
512 4 645
736 403 1459
1459 403 736
403 736 1459
1383 364 633
633 364 1383
364 633 1383
197 422 740
422 197 740
740 197 422
773 67 932
932 67 773
67 773 932
1212 97 179
179 97 1212
97 179 1212
856 66 1048
1048 66 856
66 856 1048
52 313 810
810 52 313
313 52 810
804 1094 1112
1112 804 1094
1094 804 1112
1164 334 362
362 334 1164
334 362 1164
57 775 1427
1427 57 775
775 57 1427
178 659 805
659 178 805
805 178 659
760 889 1235
889 760 1235
1235 760 889
960 802 832
802 832 960
832 802 960
443 153 988
988 153 443
153 443 988
1327 1408 1414
1408 1327 1414
1414 1327 1408
1412 365 756
756 365 1412
365 756 1412
413 966 1369
966 413 1369
1369 413 966
585 517 1265
1265 517 585
517 585 1265
669 377 1042
1042 377 669
377 669 1042
327 45 293
45 293 327
293 45 327
1274 5 11
11 5 1274
5 11 1274
1165 994 1008
994 1008 1165
1008 994 1165
1137 1025 1477
1477 1025 1137
1025 1137 1477
1465 12 741
12 741 1465
741 12 1465
552 26 514
26 514 552
514 26 552
1246 190 984
190 984 1246
984 190 1246
82 809 1227
1227 82 809
809 82 1227
789 481 1242
1242 481 789
481 789 1242
423 599 1190
1190 423 599
599 423 1190
766 30 972
972 30 766
30 766 972
316 395 1483
1483 316 395
395 316 1483
1210 94 1352
94 1210 1352
1352 94 1210
440 165 270
270 165 440
165 270 440
667 556 574
556 574 667
574 556 667
1064 408 1263
1263 408 1064
408 1064 1263
144 32 420
420 32 144
32 144 420
579 121 1336
121 579 1336
1336 121 579
1349 188 521
188 521 1349
521 188 1349
1148 33 176
176 33 1148
33 176 1148
1089 133 917
133 917 1089
917 133 1089
1453 360 462
462 360 1453
360 462 1453
385 368 415
368 385 415
415 368 385
244 254 1003
254 244 1003
1003 244 254
618 181 914
181 618 914
914 181 618
273 1468 1469
1468 273 1469
1469 273 1468
167 230 1329
1329 167 230
230 167 1329
778 597 995
597 778 995
995 597 778
259 538 1256
538 259 1256
1256 259 538
588 89 786
89 588 786
786 89 588
1316 593 720
593 720 1316
720 593 1316
98 1243 1474
1474 98 1243
1243 98 1474
1081 149 922
149 922 1081
922 149 1081
1163 51 897
897 51 1163
51 897 1163
1144 3 325
3 325 1144
325 3 1144
303 1017 1451
1451 303 1017
1017 303 1451
1496 688 1189
688 1189 1496
1189 688 1496
827 697 819
819 697 827
697 819 827
1388 347 1396
347 1388 1396
1396 347 1388
17 540 622
540 17 622
622 17 540
1486 314 925
314 925 1486
925 314 1486
1102 116 1487
1487 116 1102
116 1102 1487
1038 912 1150
1150 912 1038
912 1038 1150
976 170 1054
170 976 1054
1054 170 976
1439 264 332
264 332 1439
332 264 1439
401 25 1440
25 401 1440
1440 25 401
866 1371 1375
1371 866 1375
1375 866 1371
184 124 1320
1320 124 184
124 184 1320
491 1147 1225
1225 491 1147
1147 491 1225
927 558 761
761 558 927
558 761 927
378 42 1395
1395 42 378
42 378 1395
1043 511 1318
511 1043 1318
1318 511 1043
547 151 1258
1258 151 547
151 547 1258
1078 724 1213
1213 724 1078
724 1078 1213
196 489 651
651 196 489
489 196 651
903 1034 1197
1034 903 1197
1197 903 1034
156 523 1357
523 156 1357
1357 156 523
1277 379 1317
379 1277 1317
1317 379 1277
1302 429 793
429 793 1302
793 429 1302
326 747 817
747 326 817
817 326 747
1154 663 686
663 686 1154
686 663 1154
224 114 1207
114 224 1207
1207 114 224
915 814 871
814 871 915
871 814 915
1060 251 1404
1404 251 1060
251 1060 1404
1007 453 1141
1141 453 1007
453 1007 1141
1490 451 567
567 451 1490
451 567 1490
846 944 1405
1405 846 944
944 846 1405
434 257 895
895 257 434
257 434 895
1006 441 1413
441 1006 1413
1413 441 1006
199 467 621
467 199 621
621 199 467
664 649 979
979 649 664
649 664 979
464 485 1282
1282 464 485
485 464 1282
1125 1311 1463
1463 1125 1311
1311 1125 1463
874 734 1285
734 874 1285
1285 734 874
843 662 1153
1153 662 843
662 843 1153
965 359 1370
1370 359 965
359 965 1370
534 555 864
555 534 864
864 534 555
1294 637 1028
637 1028 1294
1028 637 1294
798 305 1067
1067 305 798
305 798 1067
948 1011 1296
1296 948 1011
1011 948 1296
424 501 950
950 424 501
501 424 950
1211 354 544
354 544 1211
544 354 1211
812 46 1131
1131 46 812
46 812 1131
1272 598 1403
1403 598 1272
598 1272 1403
69 233 1354
233 69 1354
1354 69 233
284 169 987
987 169 284
169 284 987
306 730 882
730 306 882
882 306 730
1016 550 683
550 683 1016
683 550 1016
758 307 498
307 498 758
498 307 758
1095 328 1299
1299 328 1095
328 1095 1299
701 624 1366
1366 624 701
624 701 1366
374 245 768
768 245 374
245 374 768
850 402 916
916 402 850
402 850 916
1108 393 920
393 920 1108
920 393 1108
971 134 510
510 134 971
134 510 971
1204 652 1069
1069 652 1204
652 1069 1204
454 787 1047
787 454 1047
1047 454 787
726 572 615
615 572 726
572 615 726
13 1177 1216
1177 13 1216
1216 13 1177
620 256 1191
256 620 1191
1191 256 620
883 355 842
355 842 883
842 355 883
77 463 1389
1389 77 463
463 77 1389
781 430 1176
1176 430 781
430 781 1176
727 1104 1376
1104 727 1376
1376 727 1104
240 1229 1261
1229 240 1261
1261 240 1229
644 433 1120
1120 433 644
433 644 1120
764 198 206
198 206 764
206 198 764
397 1380 1393
1380 397 1393
1393 397 1380
591 239 1068
239 591 1068
1068 239 591
276 267 634
634 267 276
267 276 634
93 940 1334
1334 93 940
940 93 1334
1010 159 1179
159 1010 1179
1179 159 1010
221 522 1340
1340 221 522
522 221 1340
83 619 1241
619 83 1241
1241 83 619
641 643 1053
1053 641 643
643 641 1053
847 50 1110
50 847 1110
1110 50 847
899 312 1166
312 899 1166
1166 312 899
449 680 867
867 449 680
680 449 867
656 515 723
723 515 656
515 656 723
1442 372 930
372 930 1442
930 372 1442
1124 571 672
672 571 1124
571 672 1124
53 465 945
465 53 945
945 53 465
31 678 1059
678 31 1059
1059 31 678
384 8 854
8 384 854
854 8 384
992 1218 1325
1218 992 1325
1325 992 1218
223 746 1339
1339 223 746
746 223 1339
452 209 1268
1268 209 452
209 452 1268
292 109 1436
1436 109 292
109 292 1436
330 704 737
704 330 737
737 330 704
1032 271 821
821 271 1032
271 821 1032
936 442 1074
442 936 1074
1074 442 936
934 376 425
376 425 934
425 376 934
1280 513 1402
1402 513 1280
513 1280 1402
711 1071 1252
1071 711 1252
1252 711 1071
665 1145 1202
1202 665 1145
1145 665 1202
1086 18 1449
1449 18 1086
18 1086 1449
341 919 1322
919 341 1322
1322 341 919
1157 447 1049
447 1049 1157
1049 447 1157
1293 277 829
277 829 1293
829 277 1293
61 956 1484
1484 61 956
956 61 1484
1244 923 1480
1480 923 1244
923 1244 1480
1331 921 1491
921 1331 1491
1491 921 1331
640 412 502
412 502 640
502 412 640
1291 1046 1342
1342 1046 1291
1046 1291 1342
1231 955 1140
1140 955 1231
955 1140 1231
47 103 1018
1018 47 103
103 47 1018
518 308 1489
1489 308 518
308 518 1489
769 1472 1493
1472 769 1493
1493 769 1472
530 580 679
679 530 580
580 530 679
1308 216 438
438 216 1308
216 438 1308
406 630 713
713 406 630
630 406 713
831 458 1209
1209 458 831
458 831 1209
849 545 721
545 721 849
721 545 849
852 202 743
202 743 852
743 202 852
87 708 892
708 87 892
892 87 708
1128 79 1215
79 1128 1215
1215 79 1128
548 194 612
194 548 612
612 194 548
411 191 300
191 300 411
300 191 411
797 808 1052
1052 797 808
808 797 1052
20 1126 1276
1276 20 1126
1126 20 1276
439 74 469
74 439 469
469 74 439
213 606 970
970 213 606
606 213 970
1033 898 1283
1283 898 1033
898 1033 1283
717 234 265
265 234 717
234 265 717
416 23 1292
1292 23 416
23 416 1292
1206 70 1416
1416 70 1206
70 1206 1416
236 475 855
475 236 855
855 236 475
675 792 1061
1061 675 792
792 675 1061
836 71 446
71 446 836
446 71 836
929 187 1082
187 929 1082
1082 187 929
869 1077 1295
1295 869 1077
1077 869 1295
1045 1367 1433
1367 1045 1433
1433 1045 1367
835 329 993
329 835 993
993 329 835
1036 785 857
785 857 1036
857 785 1036
352 210 838
210 352 838
838 210 352
1079 336 770
770 336 1079
336 770 1079
174 81 460
460 81 174
81 174 460
604 495 539
539 495 604
495 539 604
1005 404 1273
404 1005 1273
1273 404 1005
1100 189 1219
1219 189 1100
189 1100 1219
340 132 1162
132 340 1162
1162 132 340
126 428 795
795 126 428
428 126 795
731 560 822
822 560 731
560 731 822
398 219 287
219 287 398
287 219 398
698 250 880
880 250 698
250 698 880
1407 205 1070
1070 205 1407
205 1070 1407
1192 707 1482
1482 707 1192
707 1192 1482
1187 1315 1438
1315 1187 1438
1438 1187 1315
1498 997 1107
997 1107 1498
1107 997 1498
231 353 1186
1186 231 353
353 231 1186
938 356 876
876 356 938
356 876 938
816 596 933
933 596 816
596 816 933
54 148 474
474 54 148
148 54 474
108 266 907
266 108 907
907 108 266
1142 63 212
63 212 1142
212 63 1142
1429 175 1310
1310 175 1429
175 1310 1429
39 562 844
562 39 844
844 39 562
1360 783 983
983 783 1360
783 983 1360
1499 853 1168
853 1168 1499
1168 853 1499
1080 1096 1305
1096 1080 1305
1305 1080 1096
437 751 873
873 437 751
751 437 873
1160 1330 1425
1425 1160 1330
1330 1160 1425
1051 1271 1347
1271 1051 1347
1347 1051 1271
890 779 1023
1023 779 890
779 890 1023
311 1239 1362
1362 311 1239
1239 311 1362
499 383 824
383 499 824
824 383 499
536 655 1093
1093 536 655
655 536 1093
154 268 1387
268 154 1387
1387 154 268
1457 337 815
337 815 1457
815 337 1457
237 500 1149
500 237 1149
1149 237 500
1355 566 1146
566 1146 1355
1146 566 1355
739 635 1091
1091 635 739
635 739 1091
820 472 924
472 820 924
924 472 820
1138 625 967
625 967 1138
967 625 1138
309 728 752
728 309 752
752 309 728
638 780 818
818 638 780
780 638 818
753 21 1205
21 753 1205
1205 21 753
1174 333 1228
333 1174 1228
1228 333 1174
744 115 1200
1200 115 744
115 744 1200
1430 1297 1381
1297 1381 1430
1381 1297 1430
799 280 1356
280 799 1356
1356 280 799
1434 479 858
858 479 1434
479 858 1434
692 504 968
504 692 968
968 504 692
135 195 990
990 135 195
195 135 990
1050 607 1298
607 1050 1298
1298 607 1050
1437 666 884
666 884 1437
884 666 1437
1101 478 865
478 865 1101
865 478 1101
78 1390 1398
1398 78 1390
1390 78 1398
1122 2 1392
1392 2 1122
2 1122 1392
22 106 848
106 22 848
848 22 106
348 592 1368
592 348 1368
1368 348 592
120 531 1409
531 120 1409
1409 120 531
68 851 1139
1139 68 851
851 68 1139
1105 72 1279
72 1105 1279
1279 72 1105
1123 1030 1085
1030 1085 1123
1085 1030 1123
357 508 962
508 357 962
962 357 508
693 891 1076
891 693 1076
1076 693 891
745 350 1435
1435 350 745
350 745 1435
1485 1114 1353
1353 1114 1485
1114 1353 1485
274 258 1072
258 274 1072
1072 258 274
96 7 186
186 7 96
7 96 186
537 146 943
943 146 537
146 537 943
1365 141 322
141 322 1365
322 141 1365
931 559 1220
559 931 1220
1220 559 931
1337 958 1161
958 1161 1337
1161 958 1337
351 288 1343
1343 288 351
288 351 1343
1175 613 1117
613 1117 1175
1117 613 1175
1065 695 981
695 981 1065
981 695 1065
281 1022 1253
1022 281 1253
1253 281 1022
800 1323 1424
1424 800 1323
1323 800 1424
583 220 466
466 220 583
220 466 583
105 801 908
801 105 908
908 105 801
1193 493 1039
493 1039 1193
1039 493 1193
904 733 893
733 893 904
893 733 904
860 214 657
214 657 860
657 214 860
877 813 1233
1233 813 877
813 877 1233
295 129 297
129 295 297
297 129 295
590 15 426
15 426 590
426 15 590
767 973 1479
1479 767 973
973 767 1479
1500 661 870
870 661 1500
661 870 1500
859 784 1083
1083 784 859
784 859 1083
111 455 806
806 111 455
455 111 806
1196 367 823
367 823 1196
823 367 1196
714 16 248
248 16 714
16 248 714
373 448 1450
448 373 1450
1450 373 448
160 286 1260
286 160 1260
1260 160 286
1130 119 602
119 602 1130
602 119 1130
1181 689 887
689 887 1181
887 689 1181
1249 670 918
918 670 1249
670 918 1249
41 43 1113
43 41 1113
1113 41 43
375 301 1391
1391 301 375
301 375 1391
1262 200 1374
1374 200 1262
200 1262 1374
427 100 576
576 100 427
100 427 576
790 127 1358
127 790 1358
1358 127 790
324 807 1035
807 324 1035
1035 324 807
1119 152 291
291 152 1119
152 291 1119
875 112 690
690 112 875
112 690 875
1109 1203 1288
1288 1109 1203
1203 1109 1288
803 888 1495
888 803 1495
1495 803 888
1066 400 840
400 840 1066
840 400 1066
565 603 1475
1475 565 603
603 565 1475
1458 386 715
715 386 1458
386 715 1458
1266 104 409
409 104 1266
104 409 1266
738 1319 1348
1319 738 1348
1348 738 1319
1335 410 1090
1090 410 1335
410 1090 1335
1307 310 1378
1378 310 1307
310 1307 1378
991 55 1037
55 991 1037
1037 55 991
456 554 1361
1361 456 554
554 456 1361
228 782 1057
782 228 1057
1057 228 782
1313 674 794
674 794 1313
794 674 1313
1270 319 1497
1497 319 1270
319 1270 1497
392 145 628
145 392 628
628 145 392
283 49 1301
1301 49 283
49 283 1301
629 242 457
457 242 629
242 457 629
754 290 1169
290 754 1169
1169 290 754
1172 1127 1418
1127 1172 1418
1418 1127 1172
696 249 668
249 668 696
668 249 696
1236 136 1013
136 1013 1236
1013 136 1236
137 969 1399
969 137 1399
1399 137 969
946 349 676
349 676 946
676 349 946
1441 185 1062
185 1062 1441
1062 185 1441
161 569 910
910 161 569
569 161 910
1481 1208 1417
1208 1417 1481
1417 1208 1481
868 757 1264
1264 757 868
757 868 1264
959 459 1058
459 959 1058
1058 459 959
59 1312 1454
1312 59 1454
1454 59 1312
1214 762 1232
1232 762 1214
762 1214 1232
35 73 909
73 35 909
909 35 73
1363 1226 1411
1411 1226 1363
1226 1363 1411
238 407 1155
407 238 1155
1155 238 407
346 162 681
681 162 346
162 346 681
1222 861 894
894 861 1222
861 894 1222
1466 490 496
496 490 1466
490 496 1466
584 1345 1386
1345 584 1386
1386 584 1345
1248 84 180
180 84 1248
84 180 1248
1097 252 387
252 387 1097
387 252 1097
841 772 1116
772 841 1116
1116 772 841
589 677 685
677 589 685
685 589 677
627 62 1321
1321 62 627
62 627 1321
317 139 1040
139 317 1040
1040 139 317
1328 1170 1171
1170 1171 1328
1171 1170 1328
1372 952 963
952 963 1372
963 952 1372
825 269 497
269 497 825
497 269 825
516 166 977
166 516 977
977 166 516
947 863 901
901 863 947
863 901 947
505 879 1106
879 505 1106
1106 505 879
648 211 1476
211 648 1476
1476 211 648
1406 150 776
776 150 1406
150 776 1406
417 369 1267
1267 369 417
369 417 1267
345 101 654
654 101 345
101 345 654
492 487 1238
487 492 1238
1238 487 492
382 85 488
488 85 382
85 382 488
1098 636 1158
636 1098 1158
1158 636 1098
906 529 1364
529 906 1364
1364 529 906
520 358 1118
1118 358 520
358 520 1118
928 56 1344
56 928 1344
1344 56 928
1234 40 978
40 978 1234
978 40 1234
282 1199 1447
1447 282 1199
1199 282 1447
361 90 631
631 90 361
90 361 631
1099 138 247
247 138 1099
138 247 1099
833 611 750
750 611 833
611 750 833
1198 172 235
172 235 1198
235 172 1198
1488 483 1250
1250 483 1488
483 1250 1488
1000 486 527
527 486 1000
486 527 1000
954 1029 1245
1029 954 1245
1245 954 1029
1289 605 862
862 605 1289
605 862 1289
872 335 390
335 390 872
390 335 872
951 241 1240
1240 241 951
241 951 1240
845 477 632
477 632 845
632 477 845
1136 110 600
600 110 1136
110 600 1136
125 533 647
647 125 533
533 125 647
1467 113 1115
113 1115 1467
1115 113 1467
1448 218 1492
1492 218 1448
218 1448 1492
1420 480 1400
480 1400 1420
1400 480 1420
177 278 1024
1024 177 278
278 177 1024
118 263 1178
263 118 1178
1178 118 263
561 953 1156
1156 561 953
953 561 1156
878 142 996
142 878 996
996 142 878
27 255 617
255 27 617
617 27 255
546 885 1384
885 546 1384
1384 546 885
1173 828 1255
1255 828 1173
828 1173 1255
1478 535 1001
1001 535 1478
535 1001 1478
342 980 1464
980 342 1464
1464 342 980
275 366 774
774 275 366
366 275 774
19 702 722
722 19 702
702 19 722
1182 435 609
435 609 1182
609 435 1182
839 344 494
494 344 839
344 494 839
957 192 445
192 445 957
445 192 957
29 639 1021
639 29 1021
1021 29 639
626 261 1092
1092 261 626
261 626 1092
886 507 1073
507 886 1073
1073 507 886
526 168 616
168 526 616
616 168 526
208 117 577
117 208 577
577 117 208
468 1121 1284
1284 468 1121
1121 468 1284
834 86 1426
86 834 1426
1426 86 834
91 272 1002
272 91 1002
1002 91 272
694 473 551
473 551 694
551 473 694
294 725 1452
725 294 1452
1452 294 725
470 1184 1423
1423 470 1184
1184 470 1423
1338 718 1223
1223 718 1338
718 1223 1338
1394 682 1103
682 1103 1394
1103 682 1394
1470 482 896
482 896 1470
896 482 1470
524 396 1230
1230 396 524
396 524 1230
564 1326 1455
1326 564 1455
1455 564 1326
700 998 1041
998 700 1041
1041 700 998
1111 64 961
64 961 1111
961 64 1111
811 225 1456
1456 225 811
225 811 1456
796 34 315
34 315 796
315 34 796
1004 999 1346
999 1004 1346
1346 999 1004
1026 610 989
610 989 1026
989 610 1026
99 1385 1471
1385 99 1471
1471 99 1385
601 687 1494
1494 601 687
687 601 1494
421 157 222
222 157 421
157 222 421
660 48 296
48 296 660
296 48 660
444 658 1415
1415 444 658
658 444 1415
937 388 1359
1359 388 937
388 937 1359
1133 92 204
92 204 1133
204 92 1133
941 164 289
164 289 941
289 164 941
253 65 381
65 253 381
381 65 253
1201 1135 1259
1135 1201 1259
1259 1135 1201
691 80 1287
1287 80 691
80 691 1287
229 1278 1377
1377 229 1278
1278 229 1377
28 399 1159
399 28 1159
1159 28 399
436 370 673
370 436 673
673 370 436
1373 371 581
371 581 1373
581 371 1373
1281 777 1019
1019 777 1281
777 1019 1281
1444 122 985
122 985 1444
985 122 1444
1351 608 1014
608 1014 1351
1014 608 1351
215 484 573
484 215 573
573 215 484
450 88 1134
88 450 1134
1134 88 450
1341 107 1275
107 1275 1341
1275 107 1341
339 147 671
147 339 671
671 147 339
1194 260 1303
260 1194 1303
1303 260 1194
140 394 1185
394 140 1185
1185 140 394
749 557 1031
557 749 1031
1031 557 749
542 719 1237
719 542 1237
1237 542 719
1056 130 826
826 130 1056
130 826 1056
1333 44 246
246 44 1333
44 246 1333
986 594 974
594 974 986
974 594 986
131 1 1422
1422 1 131
1 131 1422
1379 302 1152
302 1152 1379
1152 302 1379
926 227 304
304 227 926
227 304 926
699 321 905
905 321 699
321 699 905
320 623 1247
623 320 1247
1247 320 623
709 331 705
331 705 709
705 331 709
549 911 1084
911 549 1084
1084 549 911
742 759 1421
1421 742 759
759 742 1421
232 1350 1431
1431 232 1350
1350 232 1431
755 318 1009
318 755 1009
1009 318 755
503 1306 1410
1306 503 1410
1410 503 1306
414 75 748
748 75 414
75 414 748
432 716 1167
1167 432 716
716 432 1167
881 982 1269
982 881 1269
1269 881 982
1304 201 1044
201 1044 1304
1044 201 1304
900 143 461
461 143 900
143 461 900
642 285 380
285 380 642
380 285 642
24 519 913
913 24 519
519 24 913
1290 595 939
595 939 1290
939 595 1290
279 60 1401
1401 60 279
60 279 1401
471 541 710
710 471 541
541 471 710
203 217 1143
1143 203 217
217 203 1143
1445 975 1221
1221 975 1445
975 1221 1445
703 37 1251
1251 37 703
37 703 1251
949 837 1286
1286 837 949
837 949 1286
506 36 1382
1382 36 506
36 506 1382
1419 771 1027
1027 771 1419
771 1027 1419
1428 653 791
653 791 1428
791 653 1428
1195 1314 1332
1332 1195 1314
1314 1195 1332
587 389 935
389 587 935
935 389 587
763 735 1443
735 763 1443
1443 735 763
732 1300 1397
1300 732 1397
1397 732 1300
646 163 363
163 363 646
363 163 646
38 391 578
391 38 578
578 38 391
1183 128 706
706 128 1183
128 706 1183
575 650 1151
1151 575 650
650 575 1151
1224 563 788
563 788 1224
788 563 1224
