127445 1498 15916
1498 15916 127445
15916 1498 127445
37285 10319 125676
10319 37285 125676
125676 10319 37285
77231 20718 88862
88862 20718 77231
20718 77231 88862
15038 57670 70262
70262 15038 57670
57670 15038 70262
119392 32932 120971
32932 119392 120971
120971 32932 119392
132164 27607 66695
66695 27607 132164
27607 66695 132164
84323 33186 128508
33186 84323 128508
128508 33186 84323
13142 109710 138583
138583 13142 109710
109710 13142 138583
110301 57347 148324
57347 110301 148324
148324 57347 110301
63502 43763 51111
51111 43763 63502
43763 51111 63502
13996 93823 108758
108758 13996 93823
93823 13996 108758
60090 17861 123118
17861 60090 123118
123118 17861 60090
2598 18534 142796
142796 2598 18534
18534 2598 142796
12525 59530 131844
131844 12525 59530
59530 12525 131844
123581 63501 64072
64072 63501 123581
63501 64072 123581
34031 28008 109945
28008 34031 109945
109945 28008 34031
101407 92361 93723
92361 93723 101407
93723 92361 101407
106259 124866 138806
138806 106259 124866
124866 106259 138806
84837 28755 90425
28755 84837 90425
90425 28755 84837
123122 63379 98872
63379 98872 123122
98872 63379 123122
140801 5496 102951
102951 5496 140801
5496 102951 140801
99878 30933 144439
30933 99878 144439
144439 30933 99878
70930 32508 71196
71196 32508 70930
32508 70930 71196
20071 19292 105666
19292 20071 105666
105666 19292 20071
103379 128706 130123
130123 103379 128706
128706 103379 130123
126775 30077 58761
30077 58761 126775
58761 30077 126775
14239 78101 104465
104465 14239 78101
78101 14239 104465
47964 28351 41249
41249 28351 47964
28351 41249 47964
13575 22557 44258
44258 13575 22557
22557 13575 44258
113013 69291 119639
119639 69291 113013
69291 113013 119639
59046 11930 68457
68457 11930 59046
11930 59046 68457
26740 56484 61542
61542 26740 56484
56484 26740 61542
61001 32721 96959
96959 32721 61001
32721 61001 96959
63435 48912 128445
128445 48912 63435
48912 63435 128445
107196 9807 110571
9807 107196 110571
110571 9807 107196
99394 76165 140623
140623 76165 99394
76165 99394 140623
137701 66890 119514
119514 66890 137701
66890 119514 137701
54411 14139 14875
14875 14139 54411
14139 14875 54411
62531 242 90604
90604 242 62531
242 62531 90604
87415 95008 95751
95751 87415 95008
95008 87415 95751
83571 15951 45479
45479 15951 83571
15951 45479 83571
82904 11440 121811
121811 11440 82904
11440 82904 121811
103174 68317 131196
131196 68317 103174
68317 103174 131196
18055 30182 46362
30182 18055 46362
46362 18055 30182
119177 50079 101189
50079 101189 119177
101189 50079 119177
56595 50938 110188
110188 50938 56595
50938 56595 110188
100976 1931 117091
117091 1931 100976
1931 100976 117091
43728 25854 26219
25854 26219 43728
26219 25854 43728
114690 14538 35517
35517 14538 114690
14538 35517 114690
129480 69281 133193
133193 69281 129480
69281 129480 133193
1414 85372 132285
85372 1414 132285
132285 1414 85372
36629 79963 146790
146790 36629 79963
79963 36629 146790
133622 101480 126498
101480 126498 133622
126498 101480 133622
127896 70711 101383
101383 70711 127896
70711 101383 127896
95369 93470 100653
100653 93470 95369
93470 95369 100653
94115 112516 120685
112516 94115 120685
120685 94115 112516
89409 71640 113569
71640 89409 113569
113569 71640 89409
124149 61725 65196
65196 61725 124149
61725 65196 124149
138716 74728 95083
74728 95083 138716
95083 74728 138716
134106 14711 65681
14711 65681 134106
65681 14711 134106
10750 88683 89959
88683 10750 89959
89959 10750 88683
83732 6028 70189
6028 70189 83732
70189 6028 83732
60661 79378 80855
80855 60661 79378
79378 60661 80855
46316 105335 116080
105335 46316 116080
116080 46316 105335
80981 13240 52035
52035 13240 80981
13240 52035 80981
39495 51486 107065
51486 39495 107065
107065 39495 51486
54882 28860 99179
99179 28860 54882
28860 54882 99179
113150 39929 90619
90619 39929 113150
39929 90619 113150
123410 51921 95256
95256 51921 123410
51921 95256 123410
33469 25133 65674
25133 33469 65674
65674 25133 33469
27207 108670 135960
108670 27207 135960
135960 27207 108670
87981 4623 22531
22531 4623 87981
4623 22531 87981
18166 81539 137570
137570 18166 81539
81539 18166 137570
135344 53169 53441
53169 53441 135344
53441 53169 135344
138873 2674 17331
17331 2674 138873
2674 17331 138873
47950 71283 109474
109474 47950 71283
71283 47950 109474
107568 8051 86730
86730 8051 107568
8051 86730 107568
102142 1876 90907
1876 90907 102142
90907 1876 102142
26203 95304 99738
99738 26203 95304
95304 26203 99738
64549 50862 105183
50862 64549 105183
105183 50862 64549
84812 110505 133510
110505 84812 133510
133510 84812 110505
107631 29934 114785
114785 29934 107631
29934 107631 114785
123932 8932 84417
84417 8932 123932
8932 84417 123932
143676 46644 62334
62334 46644 143676
46644 62334 143676
102427 58985 85461
85461 58985 102427
58985 85461 102427
66345 60770 71037
60770 66345 71037
71037 60770 66345
48690 3035 95636
95636 3035 48690
3035 48690 95636
89498 55511 91946
55511 89498 91946
91946 55511 89498
61848 96927 122334
122334 61848 96927
96927 61848 122334
14376 76577 90288
90288 14376 76577
76577 14376 90288
72580 131143 147079
147079 72580 131143
131143 72580 147079
4836 11520 49212
49212 4836 11520
11520 4836 49212
112165 10343 71199
71199 10343 112165
10343 71199 112165
53543 72822 98254
98254 53543 72822
72822 53543 98254
51861 18309 97031
97031 18309 51861
18309 51861 97031
124739 36109 122427
36109 122427 124739
122427 36109 124739
69006 104104 146265
146265 69006 104104
104104 69006 146265
81877 98730 102855
98730 81877 102855
102855 81877 98730
13866 41658 72143
72143 13866 41658
41658 13866 72143
30017 36672 59342
59342 30017 36672
36672 30017 59342
95690 83976 89656
83976 89656 95690
89656 83976 95690
132129 12526 61084
61084 12526 132129
12526 61084 132129
65916 17696 71974
71974 17696 65916
17696 65916 71974
104737 130772 143744
130772 104737 143744
143744 104737 130772
55695 43643 109282
43643 55695 109282
109282 43643 55695
94347 100081 128791
128791 94347 100081
100081 94347 128791
149565 63448 146723
63448 146723 149565
146723 63448 149565
7143 108195 144284
108195 7143 144284
144284 7143 108195
69255 137651 144274
144274 69255 137651
137651 69255 144274
43288 118153 134807
118153 43288 134807
134807 43288 118153
80212 12381 23810
12381 23810 80212
23810 12381 80212
105092 76402 104263
76402 104263 105092
104263 76402 105092
95462 8865 118479
118479 8865 95462
8865 95462 118479
102788 73022 92530
92530 73022 102788
73022 92530 102788
131425 48049 65959
48049 65959 131425
65959 48049 131425
114787 136782 144278
144278 114787 136782
136782 114787 144278
101159 28422 71139
71139 28422 101159
28422 71139 101159
78462 11642 51198
11642 51198 78462
51198 11642 78462
103061 78614 90731
78614 90731 103061
90731 78614 103061
122462 30257 128104
128104 30257 122462
30257 122462 128104
60785 80991 102617
102617 60785 80991
80991 60785 102617
54453 18994 133264
18994 54453 133264
133264 18994 54453
37529 40210 72836
72836 37529 40210
40210 37529 72836
39864 40996 112076
112076 39864 40996
40996 39864 112076
50795 90064 149326
149326 50795 90064
90064 50795 149326
72293 4518 112566
112566 4518 72293
4518 72293 112566
121908 71757 149914
71757 121908 149914
149914 71757 121908
136466 981 117000
981 117000 136466
117000 981 136466
117407 2152 130848
130848 2152 117407
2152 117407 130848
118595 58584 149663
149663 58584 118595
58584 118595 149663
76843 86375 118796
86375 76843 118796
118796 76843 86375
69027 22305 87880
87880 22305 69027
22305 69027 87880
98538 65857 113987
113987 65857 98538
65857 98538 113987
144319 69081 97849
97849 69081 144319
69081 97849 144319
53126 7209 134870
134870 7209 53126
7209 53126 134870
146157 61572 130042
61572 130042 146157
130042 61572 146157
83669 5459 94126
94126 5459 83669
5459 83669 94126
78610 68953 134607
134607 68953 78610
68953 78610 134607
143231 116512 121173
116512 121173 143231
121173 116512 143231
94154 43292 116624
116624 43292 94154
43292 94154 116624
19016 5939 92093
92093 5939 19016
5939 19016 92093
80740 16123 54732
16123 54732 80740
54732 16123 80740
84648 8048 27983
8048 27983 84648
27983 8048 84648
72740 89041 134091
134091 72740 89041
89041 72740 134091
97338 92820 101659
92820 97338 101659
101659 92820 97338
76044 59663 71401
59663 71401 76044
71401 59663 76044
148383 139852 141547
139852 141547 148383
141547 139852 148383
14132 53181 79771
53181 14132 79771
79771 14132 53181
1739 139150 143492
139150 1739 143492
143492 1739 139150
92785 12103 110817
110817 12103 92785
12103 92785 110817
58364 71404 112533
112533 58364 71404
71404 58364 112533
13449 44070 106124
106124 13449 44070
44070 13449 106124
43593 121564 130066
130066 43593 121564
121564 43593 130066
115304 86258 112275
112275 86258 115304
86258 112275 115304
87669 11752 120769
120769 11752 87669
11752 87669 120769
61395 65844 101121
101121 61395 65844
65844 61395 101121
108635 74894 84729
84729 74894 108635
74894 84729 108635
62633 103918 141105
103918 62633 141105
141105 62633 103918
3118 123142 133880
133880 3118 123142
123142 3118 133880
70330 49881 99741
49881 70330 99741
99741 49881 70330
9183 54711 55735
55735 9183 54711
54711 9183 55735
90786 41126 50037
41126 50037 90786
50037 41126 90786
28907 43915 86366
43915 28907 86366
86366 28907 43915
149521 49084 112164
49084 112164 149521
112164 49084 149521
99430 61214 146081
61214 99430 146081
146081 61214 99430
74270 17946 140688
140688 17946 74270
17946 74270 140688
35044 22532 104418
22532 35044 104418
104418 22532 35044
33460 31352 44823
44823 31352 33460
31352 33460 44823
142794 71533 85019
71533 85019 142794
85019 71533 142794
145766 7977 15110
7977 15110 145766
15110 7977 145766
89912 71734 140663
71734 89912 140663
140663 71734 89912
57248 77310 111560
111560 57248 77310
77310 57248 111560
35718 47734 80179
47734 35718 80179
80179 35718 47734
68993 19909 93925
19909 68993 93925
93925 19909 68993
138944 43037 70710
43037 70710 138944
70710 43037 138944
141099 19341 19452
19452 19341 141099
19341 19452 141099
75890 142250 148806
148806 75890 142250
142250 75890 148806
55483 19089 44194
19089 44194 55483
44194 19089 55483
95175 6293 82251
82251 6293 95175
6293 82251 95175
92937 58024 113388
58024 92937 113388
113388 58024 92937
19121 31096 83818
31096 19121 83818
83818 19121 31096
144677 79212 141407
141407 79212 144677
79212 141407 144677
68942 59748 91918
91918 59748 68942
59748 68942 91918
87396 23349 114905
23349 87396 114905
114905 23349 87396
114194 4899 75631
75631 4899 114194
4899 75631 114194
18352 79454 80242
79454 18352 80242
80242 18352 79454
10124 90515 137002
90515 10124 137002
137002 10124 90515
123628 49068 103493
103493 49068 123628
49068 103493 123628
83285 54162 57662
54162 57662 83285
57662 54162 83285
2035 25276 110952
25276 2035 110952
110952 2035 25276
16236 60521 141668
60521 16236 141668
141668 16236 60521
4975 12586 71013
71013 4975 12586
12586 4975 71013
133221 70208 139930
139930 70208 133221
70208 133221 139930
124772 35167 88944
88944 35167 124772
35167 88944 124772
23911 41359 148213
41359 23911 148213
148213 23911 41359
144994 37918 136603
37918 136603 144994
136603 37918 144994
65491 134565 135205
135205 65491 134565
134565 65491 135205
149684 71144 133635
133635 71144 149684
71144 133635 149684
107275 4158 122505
4158 107275 122505
122505 4158 107275
624 40765 138564
138564 624 40765
40765 624 138564
2411 16055 98175
16055 2411 98175
98175 2411 16055
46910 45559 93469
45559 46910 93469
93469 45559 46910
52027 299 107159
107159 299 52027
299 52027 107159
122943 63415 128142
128142 63415 122943
63415 122943 128142
134779 21262 120783
120783 21262 134779
21262 120783 134779
70136 17291 143594
143594 17291 70136
17291 70136 143594
56966 87704 130490
87704 56966 130490
130490 56966 87704
141095 100114 101238
101238 100114 141095
100114 101238 141095
21191 134149 145717
145717 21191 134149
134149 21191 145717
52868 7341 148359
7341 52868 148359
148359 7341 52868
134115 81550 139016
81550 134115 139016
139016 81550 134115
67433 59309 107476
59309 67433 107476
107476 59309 67433
47298 5677 40544
40544 5677 47298
5677 40544 47298
72772 12973 94676
12973 72772 94676
94676 12973 72772
38575 23755 61933
61933 23755 38575
23755 38575 61933
43042 10729 85954
10729 43042 85954
85954 10729 43042
146964 97671 114082
97671 114082 146964
114082 97671 146964
127630 77364 138890
77364 127630 138890
138890 77364 127630
147971 119515 124125
119515 124125 147971
124125 119515 147971
141290 58733 137625
137625 58733 141290
58733 137625 141290
82650 6508 123438
123438 6508 82650
6508 82650 123438
25698 37264 147717
147717 25698 37264
37264 25698 147717
8143 80985 83484
83484 8143 80985
80985 8143 83484
45838 10053 129677
129677 10053 45838
10053 45838 129677
38033 71309 80821
71309 38033 80821
80821 38033 71309
91928 2948 34813
2948 34813 91928
34813 2948 91928
67519 68447 80686
80686 67519 68447
68447 67519 80686
37882 96279 143157
143157 37882 96279
96279 37882 143157
108844 27585 102189
102189 27585 108844
27585 102189 108844
82972 78224 127845
78224 82972 127845
127845 78224 82972
114445 22426 88036
22426 88036 114445
88036 22426 114445
142171 65902 97597
65902 97597 142171
97597 65902 142171
1447 15833 70471
70471 1447 15833
15833 1447 70471
11092 18760 132790
132790 11092 18760
18760 11092 132790
27744 18972 146953
18972 27744 146953
146953 18972 27744
148758 15919 76685
15919 76685 148758
76685 15919 148758
33221 66915 149459
66915 33221 149459
149459 33221 66915
111723 26747 68284
26747 68284 111723
68284 26747 111723
107922 94892 149203
94892 107922 149203
149203 94892 107922
144587 63623 113829
63623 113829 144587
113829 63623 144587
21980 81088 98372
98372 21980 81088
81088 21980 98372
128176 55911 127816
55911 127816 128176
127816 55911 128176
141138 8062 21066
8062 21066 141138
21066 8062 141138
29444 45990 138677
45990 29444 138677
138677 29444 45990
74368 134986 135733
135733 74368 134986
134986 74368 135733
54122 108333 122941
108333 54122 122941
122941 54122 108333
107172 5902 73703
73703 5902 107172
5902 73703 107172
46950 3925 81631
81631 3925 46950
3925 46950 81631
5895 12133 133494
12133 5895 133494
133494 5895 12133
12326 30498 40077
30498 12326 40077
40077 12326 30498
28453 20020 120740
120740 20020 28453
20020 28453 120740
101945 73984 110344
110344 73984 101945
73984 101945 110344
119137 27570 74020
74020 27570 119137
27570 74020 119137
6859 37029 133426
37029 6859 133426
133426 6859 37029
136953 27715 46445
27715 46445 136953
46445 27715 136953
26517 73955 116629
73955 26517 116629
116629 26517 73955
15613 39047 89755
89755 15613 39047
39047 15613 89755
34403 12208 117785
117785 12208 34403
12208 34403 117785
96613 59608 109179
59608 96613 109179
109179 59608 96613
6596 94542 145996
145996 6596 94542
94542 6596 145996
110256 72237 75282
75282 72237 110256
72237 75282 110256
73985 38091 143354
38091 73985 143354
143354 38091 73985
72489 39759 118525
39759 72489 118525
118525 39759 72489
10442 42124 69188
42124 10442 69188
69188 10442 42124
106885 21266 27765
27765 21266 106885
21266 27765 106885
26949 51761 94312
51761 26949 94312
94312 26949 51761
106521 1743 57304
1743 57304 106521
57304 1743 106521
89306 16001 99290
99290 16001 89306
16001 89306 99290
145749 120020 120477
120477 120020 145749
120020 120477 145749
54811 51901 82952
51901 54811 82952
82952 51901 54811
130 114400 125258
125258 130 114400
114400 130 125258
25674 135668 137128
137128 25674 135668
135668 25674 137128
105244 17839 132779
17839 105244 132779
132779 17839 105244
31380 51878 121683
121683 31380 51878
51878 31380 121683
110168 529 144414
529 110168 144414
144414 529 110168
47742 63630 77230
77230 47742 63630
63630 47742 77230
46517 79092 114912
79092 46517 114912
114912 46517 79092
100817 110508 123497
123497 100817 110508
110508 100817 123497
119954 49101 113914
113914 49101 119954
49101 113914 119954
113261 91263 116400
91263 113261 116400
116400 91263 113261
1427 62644 131538
62644 1427 131538
131538 1427 62644
94055 2190 7757
2190 7757 94055
7757 2190 94055
9984 88524 146866
146866 9984 88524
88524 9984 146866
3120 76433 84533
76433 3120 84533
84533 3120 76433
148321 17863 51604
51604 17863 148321
17863 51604 148321
128767 43404 110597
110597 43404 128767
43404 110597 128767
24144 40150 72104
40150 24144 72104
72104 24144 40150
38036 61422 146543
146543 38036 61422
61422 38036 146543
47037 101922 123824
101922 47037 123824
123824 47037 101922
127656 29878 72655
29878 72655 127656
72655 29878 127656
21659 87031 136741
136741 21659 87031
87031 21659 136741
73031 11955 114563
11955 73031 114563
114563 11955 73031
91208 107623 123019
123019 91208 107623
107623 91208 123019
44364 25213 117979
117979 25213 44364
25213 44364 117979
35176 64252 92136
92136 35176 64252
64252 35176 92136
79152 22924 97180
97180 22924 79152
22924 79152 97180
126540 37528 98061
37528 98061 126540
98061 37528 126540
67567 27561 141341
141341 27561 67567
27561 67567 141341
15926 5616 128277
5616 15926 128277
128277 5616 15926
31265 4901 12594
12594 4901 31265
4901 12594 31265
23004 87520 126990
87520 23004 126990
126990 23004 87520
74997 13221 114207
13221 74997 114207
114207 13221 74997
95148 33959 84282
33959 84282 95148
84282 33959 95148
22051 21382 123754
123754 21382 22051
21382 22051 123754
135878 36637 42570
42570 36637 135878
36637 42570 135878
52549 115419 134086
115419 52549 134086
134086 52549 115419
12159 14505 57985
57985 12159 14505
14505 12159 57985
117932 70627 101130
101130 70627 117932
70627 101130 117932
72512 63077 74903
63077 72512 74903
74903 63077 72512
51138 98802 114812
98802 51138 114812
114812 51138 98802
21932 59573 122912
122912 21932 59573
59573 21932 122912
52231 55565 74525
74525 52231 55565
55565 52231 74525
19962 88396 145481
88396 19962 145481
145481 19962 88396
120681 5627 11673
11673 5627 120681
5627 11673 120681
87864 119126 148309
119126 87864 148309
148309 87864 119126
102104 45097 57049
57049 45097 102104
45097 57049 102104
128253 32422 34497
34497 32422 128253
32422 34497 128253
26335 11189 63060
11189 26335 63060
63060 11189 26335
54728 47559 106213
106213 47559 54728
47559 54728 106213
65228 32709 121616
32709 65228 121616
121616 32709 65228
9125 20285 49853
20285 9125 49853
49853 9125 20285
90901 44099 116997
116997 44099 90901
44099 90901 116997
37561 30902 59607
59607 30902 37561
30902 37561 59607
35765 88585 121777
121777 35765 88585
88585 35765 121777
1212 41864 102461
102461 1212 41864
41864 1212 102461
42484 20697 26332
26332 20697 42484
20697 26332 42484
96415 24720 79444
79444 24720 96415
24720 79444 96415
86560 64692 93061
64692 86560 93061
93061 64692 86560
88919 37369 93949
93949 37369 88919
37369 88919 93949
22068 20942 69937
69937 20942 22068
20942 22068 69937
91601 15008 38241
15008 38241 91601
38241 15008 91601
65595 51599 112515
112515 51599 65595
51599 65595 112515
34732 47141 57786
57786 34732 47141
47141 34732 57786
47573 82892 130615
82892 47573 130615
130615 47573 82892
98907 101391 107686
101391 98907 107686
107686 98907 101391
45378 2136 49782
2136 45378 49782
49782 2136 45378
45758 48886 110202
110202 45758 48886
48886 45758 110202
13397 80561 115727
115727 13397 80561
80561 13397 115727
55138 96908 135335
135335 55138 96908
96908 55138 135335
22274 10478 122747
122747 10478 22274
10478 22274 122747
128579 32600 133173
133173 32600 128579
32600 128579 133173
93828 359 75398
75398 359 93828
359 75398 93828
59080 16295 54070
54070 16295 59080
16295 54070 59080
52002 20634 104779
104779 20634 52002
20634 52002 104779
95005 77540 79588
77540 79588 95005
79588 77540 95005
72370 95496 109865
95496 72370 109865
109865 72370 95496
103399 73107 99545
73107 99545 103399
99545 73107 103399
30441 6243 83719
83719 6243 30441
6243 30441 83719
57120 36315 129134
129134 36315 57120
36315 57120 129134
125714 13551 98642
98642 13551 125714
13551 98642 125714
139964 30522 89599
89599 30522 139964
30522 89599 139964
131964 71799 113518
71799 113518 131964
113518 71799 131964
86652 125992 147277
147277 86652 125992
125992 86652 147277
33141 16945 65881
65881 16945 33141
16945 33141 65881
19705 55146 60401
60401 19705 55146
55146 19705 60401
32697 38220 78600
38220 32697 78600
78600 32697 38220
11147 38054 46975
38054 11147 46975
46975 11147 38054
93571 125363 127060
127060 93571 125363
125363 93571 127060
28332 91683 118184
118184 28332 91683
91683 28332 118184
85040 139125 149995
139125 85040 149995
149995 85040 139125
148679 81512 85624
81512 85624 148679
85624 81512 148679
44904 54159 64547
64547 44904 54159
54159 44904 64547
108300 4479 87491
87491 4479 108300
4479 87491 108300
58122 78530 116746
116746 58122 78530
78530 58122 116746
92107 97481 125440
125440 92107 97481
97481 92107 125440
75192 17862 140405
140405 17862 75192
17862 75192 140405
30289 22463 23205
23205 22463 30289
22463 23205 30289
145451 129097 148916
148916 129097 145451
129097 145451 148916
38320 21369 102542
102542 21369 38320
21369 38320 102542
28802 79421 134823
134823 28802 79421
79421 28802 134823
71421 57326 149696
149696 57326 71421
57326 71421 149696
129330 16120 55233
55233 16120 129330
16120 55233 129330
77937 4446 75293
75293 4446 77937
4446 75293 77937
135798 50440 117738
117738 50440 135798
50440 117738 135798
53379 46108 108916
108916 46108 53379
46108 53379 108916
127077 44185 46217
44185 46217 127077
46217 44185 127077
62100 121673 129464
129464 62100 121673
121673 62100 129464
115357 97883 142222
97883 115357 142222
142222 97883 115357
11576 25881 135254
135254 11576 25881
25881 11576 135254
130891 25472 99052
99052 25472 130891
25472 99052 130891
117536 106474 126115
126115 106474 117536
106474 117536 126115
80547 45506 98660
98660 45506 80547
45506 80547 98660
60046 12210 99793
99793 12210 60046
12210 60046 99793
12721 8145 130670
8145 12721 130670
130670 8145 12721
18830 9837 73365
73365 9837 18830
9837 18830 73365
145914 48240 80359
80359 48240 145914
48240 80359 145914
37895 18593 137874
137874 18593 37895
18593 37895 137874
7119 16458 113994
113994 7119 16458
16458 7119 113994
143220 36308 72681
72681 36308 143220
36308 72681 143220
28999 74719 135655
135655 28999 74719
74719 28999 135655
92229 64987 89876
64987 89876 92229
89876 64987 92229
49125 2430 43269
43269 2430 49125
2430 43269 49125
102869 25360 108359
108359 25360 102869
25360 102869 108359
70813 70697 100706
100706 70697 70813
70697 70813 100706
10022 110988 134414
110988 10022 134414
134414 10022 110988
73391 70033 144572
144572 70033 73391
70033 73391 144572
28876 69070 141587
141587 28876 69070
69070 28876 141587
80943 26884 132594
132594 26884 80943
26884 80943 132594
60742 35003 104111
35003 60742 104111
104111 35003 60742
129172 28854 148408
148408 28854 129172
28854 129172 148408
136949 35114 53170
35114 53170 136949
53170 35114 136949
97306 508 26480
508 26480 97306
26480 508 97306
130920 16809 41047
41047 16809 130920
16809 41047 130920
149167 88381 99399
88381 99399 149167
99399 88381 149167
95334 41850 58399
58399 41850 95334
41850 58399 95334
100770 9072 36861
36861 9072 100770
9072 36861 100770
71704 18872 20537
20537 18872 71704
18872 20537 71704
110362 27591 142708
142708 27591 110362
27591 110362 142708
112216 73753 79269
73753 79269 112216
79269 73753 112216
3324 53512 54201
54201 3324 53512
53512 3324 54201
72934 6729 11799
11799 6729 72934
6729 11799 72934
32535 35932 117902
117902 32535 35932
35932 32535 117902
8591 77179 115100
115100 8591 77179
77179 8591 115100
129037 16958 92643
92643 16958 129037
16958 92643 129037
65494 73819 84922
73819 65494 84922
84922 65494 73819
123347 56990 85738
85738 56990 123347
56990 85738 123347
48701 65641 120723
65641 48701 120723
120723 48701 65641
15030 93912 99942
93912 15030 99942
99942 15030 93912
10415 57622 76318
76318 10415 57622
57622 10415 76318
64953 59570 98246
59570 64953 98246
98246 59570 64953
48369 65394 101346
101346 48369 65394
65394 48369 101346
10267 85909 97064
97064 10267 85909
85909 10267 97064
116719 53683 84475
84475 53683 116719
53683 84475 116719
91270 93327 106569
106569 91270 93327
93327 91270 106569
33373 35872 47636
47636 33373 35872
35872 33373 47636
62763 21158 125839
125839 21158 62763
21158 62763 125839
55486 91199 137151
137151 55486 91199
91199 55486 137151
129136 64426 66688
64426 66688 129136
66688 64426 129136
101750 44533 123360
123360 44533 101750
44533 101750 123360
134152 66851 131929
131929 66851 134152
66851 131929 134152
72479 51964 60808
60808 51964 72479
51964 60808 72479
71895 114482 146777
114482 71895 146777
146777 71895 114482
22811 105439 143935
105439 22811 143935
143935 22811 105439
140984 36684 131460
36684 131460 140984
131460 36684 140984
122856 54439 128755
128755 54439 122856
54439 122856 128755
107229 32778 85273
32778 85273 107229
85273 32778 107229
32898 57506 69051
69051 32898 57506
57506 32898 69051
74768 65285 145812
65285 74768 145812
145812 65285 74768
132490 10875 100259
10875 100259 132490
100259 10875 132490
113238 52241 70900
70900 52241 113238
52241 70900 113238
82604 80970 90248
90248 80970 82604
80970 82604 90248
142131 33506 106768
33506 106768 142131
106768 33506 142131
127444 101044 134154
101044 127444 134154
134154 101044 127444
134322 32357 104120
32357 104120 134322
104120 32357 134322
38492 105149 105509
105149 38492 105509
105509 38492 105149
129585 13102 19523
19523 13102 129585
13102 19523 129585
22198 62216 87806
62216 22198 87806
87806 22198 62216
59779 55723 76409
55723 59779 76409
76409 55723 59779
17217 16668 50558
50558 16668 17217
16668 17217 50558
19922 104745 110019
104745 19922 110019
110019 19922 104745
123323 68170 103825
103825 68170 123323
68170 103825 123323
126293 99988 108283
99988 108283 126293
108283 99988 126293
26664 4255 45489
4255 26664 45489
45489 4255 26664
147177 4973 14121
4973 14121 147177
14121 4973 147177
50306 4985 60800
60800 4985 50306
4985 50306 60800
84539 38410 112198
38410 84539 112198
112198 38410 84539
131240 134843 135176
134843 131240 135176
135176 131240 134843
121057 100570 146628
146628 100570 121057
100570 121057 146628
109849 10280 127579
127579 10280 109849
10280 109849 127579
147184 84571 109250
109250 84571 147184
84571 109250 147184
147647 12165 63020
63020 12165 147647
12165 63020 147647
3807 97497 107540
107540 3807 97497
97497 3807 107540
28261 3157 68155
3157 28261 68155
68155 3157 28261
143299 40342 128494
40342 128494 143299
128494 40342 143299
123004 28198 71874
71874 28198 123004
28198 71874 123004
21304 74939 109266
109266 21304 74939
74939 21304 109266
20972 123076 141893
123076 20972 141893
141893 20972 123076
68823 28044 109384
28044 68823 109384
109384 28044 68823
149289 5854 82658
82658 5854 149289
5854 82658 149289
72813 114218 144911
144911 72813 114218
114218 72813 144911
126228 70511 70686
70511 70686 126228
70686 70511 126228
77980 49008 126912
49008 77980 126912
126912 49008 77980
41572 3217 62009
3217 41572 62009
62009 3217 41572
94803 40611 138686
138686 40611 94803
40611 94803 138686
78433 62147 72398
72398 62147 78433
62147 72398 78433
13951 11652 147429
147429 11652 13951
11652 13951 147429
97913 35889 68194
35889 68194 97913
68194 35889 97913
51395 13313 94702
13313 51395 94702
94702 13313 51395
82914 73532 137519
73532 82914 137519
137519 73532 82914
4784 45094 52912
45094 4784 52912
52912 4784 45094
14466 18563 35482
35482 14466 18563
18563 14466 35482
48405 57944 73377
57944 48405 73377
73377 48405 57944
6470 13685 15020
13685 6470 15020
15020 6470 13685
48372 52734 127285
52734 48372 127285
127285 48372 52734
134874 38865 146369
38865 134874 146369
146369 38865 134874
29726 13257 102101
102101 13257 29726
13257 29726 102101
13746 9254 94157
9254 13746 94157
94157 9254 13746
43004 26822 44673
26822 43004 44673
44673 26822 43004
79022 10791 87200
87200 10791 79022
10791 79022 87200
84410 113606 132488
132488 84410 113606
113606 84410 132488
35767 15698 41536
15698 35767 41536
41536 15698 35767
125936 8861 58929
8861 58929 125936
58929 8861 125936
141220 51114 129538
129538 51114 141220
51114 129538 141220
25270 13905 25125
25125 13905 25270
13905 25125 25270
114752 39935 82847
82847 39935 114752
39935 82847 114752
129673 81335 96694
81335 96694 129673
96694 81335 129673
94356 120693 130624
130624 94356 120693
120693 94356 130624
22429 32361 33915
33915 22429 32361
32361 22429 33915
115192 48351 60720
48351 60720 115192
60720 48351 115192
58418 58803 67911
67911 58418 58803
58803 58418 67911
106086 35309 55058
35309 55058 106086
55058 35309 106086
29531 6009 56536
6009 29531 56536
56536 6009 29531
16921 2963 81108
2963 16921 81108
81108 2963 16921
10554 48088 115985
48088 10554 115985
115985 10554 48088
124411 87569 119045
87569 119045 124411
119045 87569 124411
140785 79761 118482
79761 118482 140785
118482 79761 140785
74794 67368 117238
117238 67368 74794
67368 74794 117238
63413 21002 43745
43745 21002 63413
21002 43745 63413
137550 5153 102644
102644 5153 137550
5153 102644 137550
146791 25872 84480
25872 84480 146791
84480 25872 146791
62355 16296 43377
43377 16296 62355
16296 43377 62355
80569 72085 137005
137005 72085 80569
72085 80569 137005
12857 64870 142488
64870 12857 142488
142488 12857 64870
124661 58513 134232
58513 124661 134232
134232 58513 124661
61901 61106 103312
103312 61106 61901
61106 61901 103312
66593 48500 124658
48500 66593 124658
124658 48500 66593
103295 83778 106203
83778 103295 106203
106203 83778 103295
76985 103046 105544
105544 76985 103046
103046 76985 105544
41197 34631 127838
34631 41197 127838
127838 34631 41197
126532 18775 57800
18775 57800 126532
57800 18775 126532
116303 91561 131950
131950 91561 116303
91561 116303 131950
23570 14346 102766
102766 14346 23570
14346 23570 102766
13913 54722 114002
114002 13913 54722
54722 13913 114002
127724 43505 72936
72936 43505 127724
43505 72936 127724
81718 19875 134661
19875 81718 134661
134661 19875 81718
29004 92962 112002
92962 29004 112002
112002 29004 92962
26261 56185 96173
56185 26261 96173
96173 26261 56185
3290 73468 118349
73468 3290 118349
118349 3290 73468
86284 123707 144219
123707 86284 144219
144219 86284 123707
118086 74740 75267
75267 74740 118086
74740 75267 118086
103852 47872 100162
47872 100162 103852
100162 47872 103852
114827 13641 135542
135542 13641 114827
13641 114827 135542
10014 91377 114089
91377 10014 114089
114089 10014 91377
39223 120739 140146
140146 39223 120739
120739 39223 140146
144806 31832 110305
31832 110305 144806
110305 31832 144806
84600 33348 65224
33348 65224 84600
65224 33348 84600
113628 104146 104710
104146 104710 113628
104710 104146 113628
6624 6137 30642
30642 6137 6624
6137 6624 30642
118900 17659 100241
100241 17659 118900
17659 100241 118900
19312 40972 128639
128639 19312 40972
40972 19312 128639
42707 83791 112917
83791 42707 112917
112917 42707 83791
90050 61564 82997
61564 82997 90050
82997 61564 90050
43260 78850 131401
78850 43260 131401
131401 43260 78850
135461 31330 44827
31330 44827 135461
44827 31330 135461
148903 47265 135328
47265 135328 148903
135328 47265 148903
68622 108487 118442
108487 68622 118442
118442 68622 108487
121686 26116 116235
26116 116235 121686
116235 26116 121686
73555 1086 105032
105032 1086 73555
1086 73555 105032
145379 21676 113300
21676 113300 145379
113300 21676 145379
42392 17558 146267
17558 42392 146267
146267 17558 42392
81543 21091 71699
71699 21091 81543
21091 71699 81543
135822 42830 132189
42830 132189 135822
132189 42830 135822
80356 39273 80436
39273 80356 80436
80436 39273 80356
115569 54157 113999
113999 54157 115569
54157 113999 115569
41828 12142 136079
12142 41828 136079
136079 12142 41828
7057 66106 146805
146805 7057 66106
66106 7057 146805
81206 16759 30931
30931 16759 81206
16759 30931 81206
133460 25362 135422
25362 133460 135422
135422 25362 133460
20063 32081 37297
37297 20063 32081
32081 20063 37297
64052 22596 56561
22596 56561 64052
56561 22596 64052
106014 23902 73147
23902 73147 106014
73147 23902 106014
19695 23422 92138
23422 19695 92138
92138 19695 23422
148345 25801 53452
25801 53452 148345
53452 25801 148345
148924 15520 114227
15520 114227 148924
114227 15520 148924
64722 70124 116552
70124 64722 116552
116552 64722 70124
55993 12116 132661
12116 55993 132661
132661 12116 55993
117380 7460 108668
7460 108668 117380
108668 7460 117380
142347 104643 115166
115166 104643 142347
104643 115166 142347
46956 17425 62005
17425 46956 62005
62005 17425 46956
97066 8215 101072
101072 8215 97066
8215 97066 101072
144747 61134 135451
61134 135451 144747
135451 61134 144747
68119 89554 135525
135525 68119 89554
89554 68119 135525
98754 16215 30850
16215 30850 98754
30850 16215 98754
65118 43305 121958
121958 43305 65118
43305 65118 121958
112668 8242 48611
8242 48611 112668
48611 8242 112668
99575 37022 56523
37022 56523 99575
56523 37022 99575
5701 112004 113795
113795 5701 112004
112004 5701 113795
45431 79455 82246
82246 45431 79455
79455 45431 82246
110724 134590 148282
148282 110724 134590
134590 110724 148282
1097 118094 123470
123470 1097 118094
118094 1097 123470
40620 36471 127373
36471 40620 127373
127373 36471 40620
31619 31738 61902
31738 31619 61902
61902 31619 31738
30704 130104 138158
130104 30704 138158
138158 30704 130104
118756 57625 78982
78982 57625 118756
57625 78982 118756
35763 104865 119176
104865 35763 119176
119176 35763 104865
47978 90872 139511
90872 47978 139511
139511 47978 90872
49382 131519 138447
138447 49382 131519
131519 49382 138447
88223 17902 131632
17902 88223 131632
131632 17902 88223
19109 56615 60550
60550 19109 56615
56615 19109 60550
135044 95828 137346
95828 135044 137346
137346 95828 135044
6501 6812 44793
6812 6501 44793
44793 6501 6812
45746 5100 85716
85716 5100 45746
5100 45746 85716
123478 39919 69359
69359 39919 123478
39919 69359 123478
61814 58171 130971
130971 58171 61814
58171 61814 130971
84247 79143 107319
79143 84247 107319
107319 79143 84247
115726 23742 87685
23742 87685 115726
87685 23742 115726
50711 13217 33726
33726 13217 50711
13217 33726 50711
130366 21773 149778
149778 21773 130366
21773 130366 149778
44087 7826 84854
7826 44087 84854
84854 7826 44087
122093 11348 54219
54219 11348 122093
11348 54219 122093
48261 32069 40532
40532 32069 48261
32069 40532 48261
140174 10489 94948
10489 94948 140174
94948 10489 140174
62460 54810 135390
135390 54810 62460
54810 62460 135390
55960 72805 120514
120514 55960 72805
72805 55960 120514
88388 117553 125999
125999 88388 117553
117553 88388 125999
76971 2520 35812
35812 2520 76971
2520 35812 76971
91747 32192 61291
61291 32192 91747
32192 61291 91747
7480 28852 77358
77358 7480 28852
28852 7480 77358
102887 58337 87159
58337 87159 102887
87159 58337 102887
96442 11568 144427
11568 96442 144427
144427 11568 96442
50836 21921 95191
95191 21921 50836
21921 50836 95191
56203 71297 108221
108221 56203 71297
71297 56203 108221
62470 31407 139863
31407 62470 139863
139863 31407 62470
128352 12483 37601
37601 12483 128352
12483 37601 128352
104170 98797 132456
132456 98797 104170
98797 104170 132456
46163 65785 68888
65785 46163 68888
68888 46163 65785
110969 1769 60585
60585 1769 110969
1769 60585 110969
19541 11726 46536
11726 19541 46536
46536 11726 19541
32442 39916 114310
114310 32442 39916
39916 32442 114310
23360 15718 78886
15718 23360 78886
78886 15718 23360
116173 47001 90964
47001 90964 116173
90964 47001 116173
29400 105096 120227
105096 29400 120227
120227 29400 105096
82659 38755 67038
67038 38755 82659
38755 67038 82659
15649 8485 56301
56301 8485 15649
8485 15649 56301
91022 44675 147483
147483 44675 91022
44675 91022 147483
97707 57768 95766
95766 57768 97707
57768 95766 97707
21600 30925 61816
30925 21600 61816
61816 21600 30925
23608 99139 112300
99139 23608 112300
112300 23608 99139
84758 3472 58967
3472 58967 84758
58967 3472 84758
11594 40942 62438
40942 11594 62438
62438 11594 40942
33370 136871 141586
141586 33370 136871
136871 33370 141586
79538 81635 120836
81635 79538 120836
120836 79538 81635
99111 3450 100517
3450 99111 100517
100517 3450 99111
110173 49416 149547
49416 110173 149547
149547 49416 110173
11693 145024 149548
145024 11693 149548
149548 11693 145024
54043 93188 126732
126732 54043 93188
93188 54043 126732
41730 28187 147488
147488 28187 41730
28187 41730 147488
118537 2906 21166
21166 2906 118537
2906 21166 118537
83817 45839 58076
58076 45839 83817
45839 58076 83817
126781 63484 101935
63484 101935 126781
101935 63484 126781
3348 74455 136733
136733 3348 74455
74455 3348 136733
117918 105721 143317
143317 105721 117918
105721 117918 143317
32837 116979 142580
142580 32837 116979
116979 32837 142580
142265 3155 110162
110162 3155 142265
3155 110162 142265
32045 84401 119220
119220 32045 84401
84401 32045 119220
89073 66696 85802
66696 85802 89073
85802 66696 89073
144781 93543 95964
95964 93543 144781
93543 95964 144781
90081 76476 89043
89043 76476 90081
76476 89043 90081
71928 31610 119338
31610 71928 119338
119338 31610 71928
74245 1049 92703
1049 74245 92703
92703 1049 74245
121015 14851 123428
14851 121015 123428
123428 14851 121015
89581 39397 116737
116737 39397 89581
39397 89581 116737
20034 36160 87961
36160 20034 87961
87961 20034 36160
76849 34688 134531
34688 76849 134531
134531 34688 76849
18821 7831 40866
40866 7831 18821
7831 18821 40866
63950 81592 123666
81592 63950 123666
123666 63950 81592
138086 9296 15152
15152 9296 138086
9296 15152 138086
42739 13427 24197
24197 13427 42739
13427 24197 42739
65421 103242 140957
140957 65421 103242
103242 65421 140957
9835 20241 99787
20241 9835 99787
99787 9835 20241
42430 35940 77534
35940 42430 77534
77534 35940 42430
55933 35310 117388
35310 55933 117388
117388 35310 55933
65608 63440 143014
143014 63440 65608
63440 65608 143014
38893 18932 44024
44024 18932 38893
18932 38893 44024
119022 42876 136636
42876 119022 136636
136636 42876 119022
134476 2762 144787
144787 2762 134476
2762 134476 144787
44515 49045 131882
49045 44515 131882
131882 44515 49045
134240 130420 137377
137377 130420 134240
130420 134240 137377
99268 15681 34358
15681 34358 99268
34358 15681 99268
22544 19879 125510
125510 19879 22544
19879 22544 125510
39201 24509 89735
24509 39201 89735
89735 24509 39201
51643 59480 142786
142786 51643 59480
59480 51643 142786
133512 50145 100820
50145 100820 133512
100820 50145 133512
109134 44638 124601
44638 109134 124601
124601 44638 109134
84262 123804 124215
124215 84262 123804
123804 84262 124215
73308 35911 123068
35911 73308 123068
123068 35911 73308
13111 54666 98825
98825 13111 54666
54666 13111 98825
91721 27453 107023
107023 27453 91721
27453 91721 107023
148167 46283 131421
131421 46283 148167
46283 131421 148167
135172 20070 91836
91836 20070 135172
20070 91836 135172
137423 61099 88650
61099 88650 137423
88650 61099 137423
19785 117920 128675
128675 19785 117920
117920 19785 128675
120538 27325 134376
27325 120538 134376
134376 27325 120538
81423 11856 19941
11856 19941 81423
19941 11856 81423
15891 7169 92541
7169 15891 92541
92541 7169 15891
99253 3498 21318
21318 3498 99253
3498 21318 99253
136946 39775 145349
39775 136946 145349
145349 39775 136946
27845 17195 123766
17195 27845 123766
123766 17195 27845
61276 82907 114121
114121 61276 82907
82907 61276 114121
102977 110296 112551
110296 102977 112551
112551 102977 110296
54723 17373 22491
17373 22491 54723
22491 17373 54723
89550 9539 126805
9539 89550 126805
126805 9539 89550
149560 144529 147291
144529 147291 149560
147291 144529 149560
147848 89124 128795
89124 128795 147848
128795 89124 147848
4123 30012 147689
147689 4123 30012
30012 4123 147689
97786 28217 89783
89783 28217 97786
28217 89783 97786
61966 38635 143237
143237 38635 61966
38635 61966 143237
44618 13748 44952
13748 44618 44952
44952 13748 44618
62427 124229 138675
124229 62427 138675
138675 62427 124229
30203 30702 110845
30702 30203 110845
110845 30203 30702
8257 20282 34618
20282 8257 34618
34618 8257 20282
67358 25427 129744
129744 25427 67358
25427 67358 129744
30633 17763 35608
35608 17763 30633
17763 30633 35608
50900 86056 148940
86056 50900 148940
148940 50900 86056
51995 7593 68125
68125 7593 51995
7593 51995 68125
60556 36917 49473
49473 36917 60556
36917 49473 60556
96242 53783 65381
53783 65381 96242
65381 53783 96242
20205 10632 75439
10632 20205 75439
75439 10632 20205
96180 111606 111955
111955 96180 111606
111606 96180 111955
