4362 2345 10050
2345 4362 10050
10050 2345 4362
11439 4494 10573
4494 10573 11439
10573 4494 11439
10461 445 4155
4155 445 10461
445 4155 10461
1067 9366 12194
12194 1067 9366
9366 1067 12194
11103 5270 6314
6314 5270 11103
5270 6314 11103
12752 1852 10557
1852 10557 12752
10557 1852 12752
13807 10577 13792
10577 13792 13807
13792 10577 13807
11626 3904 13994
13994 3904 11626
3904 11626 13994
5503 2450 6186
2450 5503 6186
6186 2450 5503
11154 653 6172
6172 653 11154
653 6172 11154
11964 9256 9264
9256 9264 11964
9264 9256 11964
476 171 1883
171 476 1883
1883 171 476
5784 527 9181
527 5784 9181
9181 527 5784
488 2596 10536
2596 488 10536
10536 488 2596
8009 325 5003
325 5003 8009
5003 325 8009
12266 9406 12233
12233 9406 12266
9406 12233 12266
14245 9082 13901
13901 9082 14245
9082 13901 14245
8442 5304 10572
5304 8442 10572
10572 5304 8442
13517 7412 9836
9836 7412 13517
7412 9836 13517
12618 5316 9669
9669 5316 12618
5316 9669 12618
1057 1244 13555
1244 1057 13555
13555 1057 1244
10250 1997 8985
1997 8985 10250
8985 1997 10250
3931 3643 6058
6058 3643 3931
3643 3931 6058
2050 5544 13537
13537 2050 5544
5544 2050 13537
1129 1319 10734
10734 1129 1319
1319 1129 10734
11702 8612 14422
14422 8612 11702
8612 11702 14422
12154 9507 11904
9507 11904 12154
11904 9507 12154
7459 956 11184
956 7459 11184
11184 956 7459
7120 4411 9245
4411 7120 9245
9245 4411 7120
10323 731 12481
731 10323 12481
12481 731 10323
1969 4846 5651
4846 1969 5651
5651 1969 4846
5551 9155 14731
14731 5551 9155
9155 5551 14731
7201 6955 10709
6955 7201 10709
10709 6955 7201
5191 4530 12374
4530 5191 12374
12374 4530 5191
14050 7182 8920
7182 8920 14050
8920 7182 14050
13230 289 11310
11310 289 13230
289 11310 13230
1892 803 6377
6377 803 1892
803 1892 6377
13031 3672 7277
7277 3672 13031
3672 7277 13031
6518 2017 8019
2017 6518 8019
8019 2017 6518
13566 1597 13471
1597 13471 13566
13471 1597 13566
6202 3883 7924
7924 3883 6202
3883 6202 7924
7259 8823 12430
12430 7259 8823
8823 7259 12430
14738 248 989
989 248 14738
248 989 14738
13596 1910 9535
9535 1910 13596
1910 9535 13596
7947 140 14662
14662 140 7947
140 7947 14662
7332 2832 10044
10044 2832 7332
2832 7332 10044
11629 451 2638
2638 451 11629
451 2638 11629
4964 9441 10297
9441 4964 10297
10297 4964 9441
2933 6957 9153
6957 2933 9153
9153 2933 6957
4813 955 10992
10992 955 4813
955 4813 10992
11307 3627 11753
3627 11307 11753
11753 3627 11307
12253 7970 12251
7970 12251 12253
12251 7970 12253
11846 4659 11360
11360 4659 11846
4659 11360 11846
9865 4028 11525
11525 4028 9865
4028 9865 11525
89 6436 9801
6436 89 9801
9801 89 6436
7978 2456 10449
2456 7978 10449
10449 2456 7978
5808 2471 3193
3193 2471 5808
2471 3193 5808
12919 4309 7077
4309 7077 12919
7077 4309 12919
4533 10707 11848
11848 4533 10707
10707 4533 11848
8690 2405 12954
12954 2405 8690
2405 8690 12954
4875 2805 12614
2805 4875 12614
12614 2805 4875
9104 8967 12189
8967 9104 12189
12189 8967 9104
8465 3270 13767
13767 3270 8465
3270 8465 13767
7124 7501 8172
8172 7124 7501
7501 7124 8172
9287 3329 11302
11302 3329 9287
3329 9287 11302
6236 7802 9369
9369 6236 7802
7802 6236 9369
13074 837 8178
837 8178 13074
8178 837 13074
11812 2992 11177
11177 2992 11812
2992 11177 11812
12969 94 1488
94 1488 12969
1488 94 12969
11500 3294 13489
13489 3294 11500
3294 11500 13489
4618 5692 7000
7000 4618 5692
5692 4618 7000
10839 12201 12757
12757 10839 12201
12201 10839 12757
8685 3871 11561
11561 3871 8685
3871 8685 11561
820 30 14226
30 820 14226
14226 30 820
14438 6870 7136
6870 7136 14438
7136 6870 14438
278 4194 9612
9612 278 4194
4194 278 9612
9311 5123 8897
8897 5123 9311
5123 8897 9311
6378 1224 4671
4671 1224 6378
1224 4671 6378
3608 4610 9861
4610 3608 9861
9861 3608 4610
1548 666 9014
9014 666 1548
666 1548 9014
1303 11136 13833
11136 1303 13833
13833 1303 11136
5929 4176 11625
11625 4176 5929
4176 5929 11625
5601 3256 9975
9975 3256 5601
3256 5601 9975
10782 1607 11912
11912 1607 10782
1607 10782 11912
14184 4799 5521
5521 4799 14184
4799 5521 14184
7278 472 7913
7913 472 7278
472 7278 7913
11850 1041 2857
2857 1041 11850
1041 2857 11850
2487 1536 7302
1536 2487 7302
7302 1536 2487
8627 1567 5802
1567 5802 8627
5802 1567 8627
426 9068 9566
9068 426 9566
9566 426 9068
3668 1100 9219
1100 3668 9219
9219 1100 3668
12777 11412 12856
11412 12777 12856
12856 11412 12777
8974 5786 8489
8489 5786 8974
5786 8489 8974
4369 662 13924
13924 662 4369
662 4369 13924
13473 12871 14515
14515 12871 13473
12871 13473 14515
13855 7955 11335
7955 11335 13855
11335 7955 13855
7869 10778 14802
14802 7869 10778
10778 7869 14802
13736 7219 13007
13007 7219 13736
7219 13007 13736
4113 238 13632
238 4113 13632
13632 238 4113
13477 1544 7732
7732 1544 13477
1544 7732 13477
11890 1096 12451
1096 11890 12451
12451 1096 11890
13846 12766 14954
14954 12766 13846
12766 13846 14954
8798 1417 9122
9122 1417 8798
1417 8798 9122
11813 7999 8521
8521 7999 11813
7999 8521 11813
14937 6655 7225
6655 7225 14937
7225 6655 14937
2720 126 218
218 126 2720
126 218 2720
14035 11931 12145
12145 11931 14035
11931 12145 14035
7420 7159 8533
8533 7159 7420
7159 7420 8533
12495 2864 11217
2864 11217 12495
11217 2864 12495
12279 11318 13721
13721 11318 12279
11318 12279 13721
3240 6850 10178
10178 3240 6850
6850 3240 10178
11331 3048 10701
3048 10701 11331
10701 3048 11331
575 3815 6622
3815 575 6622
6622 575 3815
8573 9415 14104
14104 8573 9415
9415 8573 14104
6074 779 7316
779 6074 7316
7316 779 6074
6162 11564 14020
14020 6162 11564
11564 6162 14020
10779 4792 8364
8364 4792 10779
4792 8364 10779
7346 912 13779
13779 912 7346
912 7346 13779
7143 8216 14506
8216 7143 14506
14506 7143 8216
14584 650 3080
650 3080 14584
3080 650 14584
6692 12399 12550
12550 6692 12399
12399 6692 12550
183 3142 3219
3219 183 3142
3142 183 3219
5151 4934 9484
4934 5151 9484
9484 4934 5151
4982 9164 13295
9164 4982 13295
13295 4982 9164
5816 3716 11079
3716 5816 11079
11079 3716 5816
3663 2896 13190
2896 3663 13190
13190 2896 3663
12538 609 14604
14604 609 12538
609 12538 14604
12195 2194 8827
2194 8827 12195
8827 2194 12195
2825 4905 10416
4905 2825 10416
10416 2825 4905
12529 3088 9654
9654 3088 12529
3088 9654 12529
14840 5016 9739
9739 5016 14840
5016 9739 14840
11483 1180 7706
1180 7706 11483
7706 1180 11483
14312 13916 14917
13916 14312 14917
14917 13916 14312
9903 5057 7880
7880 5057 9903
5057 7880 9903
310 2025 3283
2025 310 3283
3283 310 2025
14993 7413 10603
10603 7413 14993
7413 10603 14993
13298 848 4865
4865 848 13298
848 4865 13298
1843 735 3099
735 1843 3099
3099 735 1843
12517 2479 11509
2479 11509 12517
11509 2479 12517
276 2849 12237
2849 276 12237
12237 276 2849
4926 2645 6687
2645 4926 6687
6687 2645 4926
3318 4382 5248
5248 3318 4382
4382 3318 5248
9750 3567 10555
3567 9750 10555
10555 3567 9750
12042 4236 11787
4236 11787 12042
11787 4236 12042
8100 47 12463
47 8100 12463
12463 47 8100
6534 2274 9010
9010 2274 6534
2274 6534 9010
14696 4201 4606
4201 4606 14696
4606 4201 14696
1237 9428 14822
9428 1237 14822
14822 1237 9428
6868 4779 5499
5499 4779 6868
4779 5499 6868
1044 1446 10379
10379 1044 1446
1446 1044 10379
5080 1741 7987
1741 5080 7987
7987 1741 5080
5603 3055 14592
3055 5603 14592
14592 3055 5603
14221 11021 13404
13404 11021 14221
11021 13404 14221
11478 4599 10801
4599 10801 11478
10801 4599 11478
3310 4505 13018
4505 3310 13018
13018 3310 4505
5998 4427 13794
13794 4427 5998
4427 5998 13794
2494 437 10104
10104 437 2494
437 2494 10104
4208 9838 10256
10256 4208 9838
9838 4208 10256
417 407 3910
3910 407 417
407 417 3910
9228 11572 14572
14572 9228 11572
11572 9228 14572
7241 3955 14882
14882 3955 7241
3955 7241 14882
10085 7432 10876
7432 10085 10876
10876 7432 10085
2462 7462 9719
9719 2462 7462
7462 2462 9719
1449 268 6613
268 1449 6613
6613 268 1449
8632 902 4554
902 4554 8632
4554 902 8632
5699 4017 10746
10746 4017 5699
4017 5699 10746
648 5040 14078
5040 648 14078
14078 648 5040
73 4024 4159
4024 73 4159
4159 73 4024
8686 6356 12992
6356 8686 12992
12992 6356 8686
1146 1099 10627
10627 1099 1146
1099 1146 10627
8363 10074 10942
10074 8363 10942
10942 8363 10074
7184 8248 8343
8343 7184 8248
8248 7184 8343
1290 2040 2730
2730 1290 2040
2040 1290 2730
10938 6675 12165
6675 10938 12165
12165 6675 10938
8896 2178 5039
5039 2178 8896
2178 5039 8896
14868 9283 14493
14493 9283 14868
9283 14493 14868
8075 2102 8344
8344 2102 8075
2102 8075 8344
6471 928 3995
3995 928 6471
928 3995 6471
14703 12750 13553
12750 13553 14703
13553 12750 14703
2459 2812 6128
6128 2459 2812
2812 2459 6128
198 4079 7281
7281 198 4079
4079 198 7281
7885 8197 13858
13858 7885 8197
8197 7885 13858
3894 7127 10781
7127 3894 10781
10781 3894 7127
10955 2696 14555
2696 10955 14555
14555 2696 10955
10713 1384 3225
1384 3225 10713
3225 1384 10713
8655 796 14380
796 8655 14380
14380 796 8655
7598 6371 14238
14238 6371 7598
6371 7598 14238
639 2473 12114
2473 639 12114
12114 639 2473
7715 2967 6228
6228 2967 7715
2967 6228 7715
11633 495 9585
495 9585 11633
9585 495 11633
5486 1138 14589
14589 1138 5486
1138 5486 14589
8023 2338 11889
11889 2338 8023
2338 8023 11889
10735 5034 11392
11392 5034 10735
5034 10735 11392
715 8850 13700
13700 715 8850
8850 715 13700
3128 4470 8148
8148 3128 4470
4470 3128 8148
8979 5442 8578
8578 5442 8979
5442 8578 8979
10968 3923 8847
8847 3923 10968
3923 8847 10968
5523 3637 6227
6227 3637 5523
3637 5523 6227
2677 4502 5489
5489 2677 4502
4502 2677 5489
10063 2898 13472
13472 2898 10063
2898 10063 13472
529 12771 13286
12771 529 13286
13286 529 12771
13349 5772 12149
12149 5772 13349
5772 12149 13349
3038 178 11507
11507 178 3038
178 3038 11507
9716 2243 5045
5045 2243 9716
2243 5045 9716
10726 2214 12475
2214 10726 12475
12475 2214 10726
10357 10018 13093
13093 10018 10357
10018 10357 13093
1988 2278 14960
14960 1988 2278
2278 1988 14960
4451 6343 13225
13225 4451 6343
6343 4451 13225
3592 1890 13988
13988 1890 3592
1890 3592 13988
6336 321 9017
321 6336 9017
9017 321 6336
13544 577 3195
3195 577 13544
577 3195 13544
5155 5397 12166
5397 5155 12166
12166 5155 5397
7960 1663 7087
1663 7087 7960
7087 1663 7960
14291 9307 9872
9307 9872 14291
9872 9307 14291
14017 3932 12029
3932 12029 14017
12029 3932 14017
6967 334 2616
334 2616 6967
2616 334 6967
7440 3295 11059
3295 7440 11059
11059 3295 7440
3320 1523 12651
12651 1523 3320
1523 3320 12651
12157 5704 10014
10014 5704 12157
5704 10014 12157
49 1144 2166
2166 49 1144
1144 49 2166
7148 10983 11368
11368 7148 10983
10983 7148 11368
12589 448 2641
2641 448 12589
448 2641 12589
570 9065 11919
9065 570 11919
11919 570 9065
7709 8348 9421
8348 7709 9421
9421 7709 8348
11512 7934 11750
7934 11512 11750
11750 7934 11512
9310 10906 12392
12392 9310 10906
10906 9310 12392
2492 8809 13249
8809 2492 13249
13249 2492 8809
817 1087 14866
14866 817 1087
1087 817 14866
5749 10 421
10 421 5749
421 10 5749
13130 3063 8620
8620 3063 13130
3063 8620 13130
10970 2829 13784
13784 2829 10970
2829 10970 13784
4302 7 7510
7 4302 7510
7510 7 4302
5971 4913 13654
4913 5971 13654
13654 4913 5971
6288 8049 14590
14590 6288 8049
8049 6288 14590
2486 208 1889
1889 208 2486
208 1889 2486
1011 170 6372
170 1011 6372
6372 170 1011
7799 2574 4723
4723 2574 7799
2574 4723 7799
12667 3079 10940
10940 3079 12667
3079 10940 12667
2554 6644 6829
6644 2554 6829
6829 2554 6644
5918 737 4856
737 4856 5918
4856 737 5918
973 1494 2914
1494 973 2914
2914 973 1494
10655 690 11144
690 10655 11144
11144 690 10655
13218 2540 3026
3026 2540 13218
2540 3026 13218
5512 1386 2141
2141 1386 5512
1386 2141 5512
6862 7830 9725
9725 6862 7830
7830 6862 9725
2022 6808 11960
6808 2022 11960
11960 2022 6808
1517 7407 9227
7407 1517 9227
9227 1517 7407
9606 4990 6145
4990 6145 9606
6145 4990 9606
1746 5128 10473
5128 1746 10473
10473 1746 5128
8156 2901 8937
8937 2901 8156
2901 8156 8937
14337 1212 7957
1212 7957 14337
7957 1212 14337
13516 3576 14255
14255 3576 13516
3576 13516 14255
1764 2804 3999
3999 1764 2804
2804 1764 3999
10082 4136 13525
13525 4136 10082
4136 10082 13525
5215 1174 13208
13208 1174 5215
1174 5215 13208
7455 5495 6714
5495 6714 7455
6714 5495 7455
7670 6523 12966
12966 6523 7670
6523 7670 12966
4285 7142 7415
7415 4285 7142
7142 4285 7415
4443 3736 12480
3736 4443 12480
12480 3736 4443
9444 946 7305
7305 946 9444
946 7305 9444
502 1267 2150
2150 502 1267
1267 502 2150
6405 4535 14733
14733 4535 6405
4535 6405 14733
11715 1869 2068
1869 2068 11715
2068 1869 11715
6105 9102 12209
9102 6105 12209
12209 6105 9102
4352 3389 9782
9782 3389 4352
3389 4352 9782
4186 6257 7635
6257 4186 7635
7635 4186 6257
4574 8375 9879
8375 4574 9879
9879 4574 8375
5685 10815 13543
13543 5685 10815
10815 5685 13543
8643 7612 14499
7612 8643 14499
14499 7612 8643
8957 2115 12985
2115 8957 12985
12985 2115 8957
3495 7848 10622
10622 3495 7848
7848 3495 10622
4039 2549 7377
7377 2549 4039
2549 4039 7377
10758 2036 3091
2036 3091 10758
3091 2036 10758
8299 1645 4043
4043 1645 8299
1645 4043 8299
3536 9511 14316
14316 3536 9511
9511 3536 14316
13171 5364 6353
6353 5364 13171
5364 6353 13171
1895 484 3300
3300 484 1895
484 1895 3300
10287 7986 8470
7986 8470 10287
8470 7986 10287
12551 9657 12492
9657 12492 12551
12492 9657 12551
3942 1724 10662
1724 3942 10662
10662 1724 3942
296 339 8589
339 296 8589
8589 296 339
103 6143 12729
6143 103 12729
12729 103 6143
2335 5725 8126
8126 2335 5725
5725 2335 8126
6598 13232 13705
13705 6598 13232
13232 6598 13705
14285 10207 10512
10512 10207 14285
10207 10512 14285
6510 9039 12978
9039 6510 12978
12978 6510 9039
12316 1101 5141
5141 1101 12316
1101 5141 12316
1816 7221 11211
7221 1816 11211
11211 1816 7221
5042 607 3168
607 3168 5042
3168 607 5042
14981 1018 4565
1018 4565 14981
4565 1018 14981
4855 11069 11207
11069 4855 11207
11207 4855 11069
14232 434 9383
434 9383 14232
9383 434 14232
10613 4105 5277
4105 5277 10613
5277 4105 10613
11998 3594 3802
3802 3594 11998
3594 3802 11998
2086 4076 7355
7355 2086 4076
4076 2086 7355
5460 1711 14541
14541 1711 5460
1711 5460 14541
4991 2680 4931
4931 2680 4991
2680 4931 4991
6056 5677 10162
5677 6056 10162
10162 5677 6056
4235 10996 11471
10996 4235 11471
11471 4235 10996
5990 3582 13972
3582 5990 13972
13972 3582 5990
9944 5952 8169
5952 8169 9944
8169 5952 9944
4570 9951 12705
12705 4570 9951
9951 4570 12705
6495 6298 12782
6298 6495 12782
12782 6298 6495
3121 3345 12710
3345 3121 12710
12710 3121 3345
6842 1421 1560
1560 1421 6842
1421 1560 6842
5878 8359 12455
8359 5878 12455
12455 5878 8359
12401 9895 12278
12278 9895 12401
9895 12278 12401
519 8371 8609
8371 519 8609
8609 519 8371
5492 1086 12621
1086 5492 12621
12621 1086 5492
959 6857 9156
9156 959 6857
6857 959 9156
10929 5597 10643
5597 10643 10929
10643 5597 10929
6690 9656 12054
12054 6690 9656
9656 6690 12054
377 8642 14064
14064 377 8642
8642 377 14064
6849 3899 13609
13609 3899 6849
3899 6849 13609
12987 8647 13910
13910 8647 12987
8647 12987 13910
4776 844 12494
12494 844 4776
844 4776 12494
13889 4283 4417
4283 4417 13889
4417 4283 13889
8038 1630 6009
1630 6009 8038
6009 1630 8038
12096 4030 7268
4030 7268 12096
7268 4030 12096
14816 12893 14429
14429 12893 14816
12893 14429 14816
6279 2093 2130
2130 2093 6279
2093 2130 6279
10209 13625 14441
13625 10209 14441
14441 10209 13625
10155 10752 14514
14514 10155 10752
10752 10155 14514
12707 6811 13729
13729 6811 12707
6811 12707 13729
13465 336 10821
336 10821 13465
10821 336 13465
10486 1776 11450
1776 10486 11450
11450 1776 10486
4115 11586 13321
11586 4115 13321
13321 4115 11586
5840 1045 6174
6174 1045 5840
1045 5840 6174
12790 814 11888
814 11888 12790
11888 814 12790
13730 6092 8173
8173 6092 13730
6092 8173 13730
13365 6492 10188
6492 10188 13365
10188 6492 13365
10057 7319 8936
8936 7319 10057
7319 8936 10057
7356 1137 10221
10221 1137 7356
1137 7356 10221
2823 6331 11343
6331 2823 11343
11343 2823 6331
13307 2918 3037
2918 3037 13307
3037 2918 13307
935 9758 12416
12416 935 9758
9758 935 12416
2224 2409 10285
2409 2224 10285
10285 2224 2409
11444 4249 12403
4249 11444 12403
12403 4249 11444
7094 10488 13715
13715 7094 10488
10488 7094 13715
2160 1618 11167
1618 2160 11167
11167 1618 2160
254 10051 13595
13595 254 10051
10051 254 13595
8542 6465 13051
6465 8542 13051
13051 6465 8542
13845 732 11704
732 11704 13845
11704 732 13845
10421 1694 13811
13811 1694 10421
1694 10421 13811
2572 9414 10384
10384 2572 9414
9414 2572 10384
12878 1860 13207
13207 1860 12878
1860 12878 13207
2491 2780 5195
5195 2491 2780
2780 2491 5195
86 8223 14872
8223 86 14872
14872 86 8223
1403 10148 14344
14344 1403 10148
10148 1403 14344
4630 5557 10160
5557 4630 10160
10160 4630 5557
13001 2231 3836
3836 2231 13001
2231 3836 13001
10393 4453 14522
4453 10393 14522
14522 4453 10393
3338 4904 7203
4904 3338 7203
7203 3338 4904
11598 7108 10008
10008 7108 11598
7108 10008 11598
10997 3721 10218
10218 3721 10997
3721 10218 10997
3144 6572 6695
6572 3144 6695
6695 3144 6572
5267 5049 6833
6833 5049 5267
5049 5267 6833
58 4862 4940
4862 58 4940
4940 58 4862
3877 9261 14794
14794 3877 9261
9261 3877 14794
14330 4125 8699
4125 8699 14330
8699 4125 14330
4469 6878 10554
6878 4469 10554
10554 4469 6878
7600 4524 5933
4524 5933 7600
5933 4524 7600
3918 7419 7933
7933 3918 7419
7419 3918 7933
12205 7684 14784
14784 7684 12205
7684 12205 14784
4048 3058 13036
3058 4048 13036
13036 3058 4048
1234 6242 8834
8834 1234 6242
6242 1234 8834
9537 13009 13455
13455 9537 13009
13009 9537 13455
13013 7937 8423
8423 7937 13013
7937 8423 13013
11535 3159 14857
3159 11535 14857
14857 3159 11535
11247 6871 8666
6871 8666 11247
8666 6871 11247
882 5361 13581
5361 882 13581
13581 882 5361
5856 4004 6568
4004 5856 6568
6568 4004 5856
7167 4953 9972
4953 7167 9972
9972 4953 7167
884 7981 11413
11413 884 7981
7981 884 11413
9493 2620 7689
2620 7689 9493
7689 2620 9493
9819 908 8876
908 8876 9819
8876 908 9819
14497 7875 8457
8457 7875 14497
7875 8457 14497
6273 832 14968
832 6273 14968
14968 832 6273
2955 2394 13333
2394 2955 13333
13333 2394 2955
9250 7424 10295
10295 7424 9250
7424 9250 10295
12468 1278 11624
1278 11624 12468
11624 1278 12468
8294 9770 10022
9770 8294 10022
10022 8294 9770
6410 9582 9595
9582 6410 9595
9595 6410 9582
14048 8224 12066
12066 8224 14048
8224 12066 14048
13364 4267 11913
11913 4267 13364
4267 11913 13364
10457 10230 14359
14359 10230 10457
10230 10457 14359
269 9433 13691
13691 269 9433
9433 269 13691
12994 9868 13629
9868 12994 13629
13629 9868 12994
1383 7074 10338
10338 1383 7074
7074 1383 10338
9591 4788 11369
11369 4788 9591
4788 9591 11369
7299 4716 12204
4716 7299 12204
12204 4716 7299
14490 10686 12084
10686 12084 14490
12084 10686 14490
5681 285 4697
285 4697 5681
4697 285 5681
392 6593 14234
6593 392 14234
14234 392 6593
10793 7549 13694
7549 10793 13694
13694 7549 10793
3648 4623 13907
13907 3648 4623
4623 3648 13907
4988 5324 14287
14287 4988 5324
5324 4988 14287
9896 5760 7536
5760 7536 9896
7536 5760 9896
5960 7616 14606
14606 5960 7616
7616 5960 14606
3309 12264 12591
12591 3309 12264
12264 3309 12591
1006 2110 8908
8908 1006 2110
2110 1006 8908
5228 1322 13866
13866 1322 5228
1322 5228 13866
2139 6905 10246
10246 2139 6905
6905 2139 10246
7891 10605 12812
10605 7891 12812
12812 7891 10605
2808 3997 11044
3997 2808 11044
11044 2808 3997
8669 2569 11515
2569 8669 11515
11515 2569 8669
3391 6161 12627
12627 3391 6161
6161 3391 12627
3226 861 11160
861 3226 11160
11160 861 3226
7547 2239 11853
2239 7547 11853
11853 2239 7547
14795 3691 5290
3691 5290 14795
5290 3691 14795
4219 6430 11941
11941 4219 6430
6430 4219 11941
7065 865 12733
12733 865 7065
865 7065 12733
10601 9746 11532
11532 9746 10601
9746 10601 11532
1500 200 2293
200 1500 2293
2293 200 1500
12851 7884 9386
9386 7884 12851
7884 9386 12851
10215 4755 6156
6156 4755 10215
4755 6156 10215
12547 9304 14894
14894 9304 12547
9304 12547 14894
13763 7235 7442
7235 7442 13763
7442 7235 13763
10878 5201 12224
5201 10878 12224
12224 5201 10878
2719 181 13863
181 2719 13863
13863 181 2719
8591 9023 14624
14624 8591 9023
9023 8591 14624
1758 1712 4435
4435 1712 1758
1712 1758 4435
13055 5356 6911
5356 6911 13055
6911 5356 13055
1130 4529 5745
4529 1130 5745
5745 1130 4529
3224 1770 4247
4247 1770 3224
1770 3224 4247
5271 836 12304
836 5271 12304
12304 836 5271
10365 6376 7669
6376 7669 10365
7669 6376 10365
11951 4602 14531
4602 11951 14531
14531 4602 11951
1708 8887 11757
8887 1708 11757
11757 1708 8887
314 2956 10777
10777 314 2956
2956 314 10777
13576 9834 14862
14862 9834 13576
9834 13576 14862
7490 3971 8157
8157 3971 7490
3971 7490 8157
1198 5348 10989
10989 1198 5348
5348 1198 10989
2505 3008 11864
11864 2505 3008
3008 2505 11864
7267 1604 10395
1604 7267 10395
10395 1604 7267
9392 2606 3854
3854 2606 9392
2606 3854 9392
13155 5526 7416
5526 7416 13155
7416 5526 13155
10916 9176 10103
9176 10103 10916
10103 9176 10916
7200 5984 9026
9026 5984 7200
5984 7200 9026
11179 10213 10307
10213 10307 11179
10307 10213 11179
379 1721 11347
1721 379 11347
11347 379 1721
574 599 9783
599 574 9783
9783 574 599
7146 6795 14206
6795 7146 14206
14206 6795 7146
14382 7883 12123
12123 7883 14382
7883 12123 14382
12745 3380 8374
8374 3380 12745
3380 8374 12745
8806 776 14707
14707 776 8806
776 8806 14707
13932 4396 4760
4396 4760 13932
4760 4396 13932
13372 2547 8033
2547 8033 13372
8033 2547 13372
4310 8166 10345
8166 4310 10345
10345 4310 8166
11574 3461 11614
3461 11574 11614
11614 3461 11574
2158 2750 13814
2750 2158 13814
13814 2158 2750
2587 2502 5831
5831 2502 2587
2502 2587 5831
7637 5853 7587
7587 5853 7637
5853 7587 7637
3361 9864 13677
13677 3361 9864
9864 3361 13677
6026 4187 10049
10049 4187 6026
4187 6026 10049
6789 9337 10243
10243 6789 9337
9337 6789 10243
12081 5965 9504
5965 9504 12081
9504 5965 12081
1332 4083 6287
6287 1332 4083
4083 1332 6287
2560 3852 13499
3852 2560 13499
13499 2560 3852
2070 9018 10998
10998 2070 9018
9018 2070 10998
3266 3007 12360
12360 3007 3266
3007 3266 12360
2982 592 2999
2999 592 2982
592 2982 2999
1792 3514 7816
3514 1792 7816
7816 1792 3514
7484 6969 14034
6969 7484 14034
14034 6969 7484
5904 8729 12110
8729 5904 12110
12110 5904 8729
119 10132 14761
10132 119 14761
14761 119 10132
3549 2495 9740
9740 2495 3549
2495 3549 9740
2902 868 7095
7095 868 2902
868 2902 7095
8488 3876 9007
9007 3876 8488
3876 8488 9007
4111 6535 7331
6535 4111 7331
7331 4111 6535
4612 8507 9063
9063 4612 8507
8507 4612 9063
14450 6275 10747
10747 6275 14450
6275 10747 14450
5954 9058 9474
9058 5954 9474
9474 5954 9058
9189 1468 13976
13976 1468 9189
1468 9189 13976
2488 343 6347
6347 343 2488
343 2488 6347
9683 1606 12685
1606 9683 12685
12685 1606 9683
13271 62 1809
62 1809 13271
1809 62 13271
12662 13070 14881
13070 12662 14881
14881 12662 13070
2722 9805 12037
9805 2722 12037
12037 2722 9805
10070 4573 4841
4841 4573 10070
4573 4841 10070
12682 1507 3162
3162 1507 12682
1507 3162 12682
10445 3534 13740
3534 10445 13740
13740 3534 10445
3379 1772 4662
4662 1772 3379
1772 3379 4662
13809 8396 12530
12530 8396 13809
8396 12530 13809
6083 7854 8134
7854 6083 8134
8134 6083 7854
8692 3833 9453
3833 8692 9453
9453 3833 8692
5035 1702 5832
1702 5035 5832
5832 1702 5035
5179 7141 7264
7264 5179 7141
7141 5179 7264
3839 2101 2782
2101 2782 3839
2782 2101 3839
120 7091 13993
13993 120 7091
7091 120 13993
3945 5162 13266
5162 3945 13266
13266 3945 5162
7966 1432 10310
10310 1432 7966
1432 7966 10310
4562 1754 8994
8994 1754 4562
1754 4562 8994
10947 4259 13600
13600 4259 10947
4259 10947 13600
3538 1921 2688
2688 1921 3538
1921 2688 3538
8402 7463 12235
7463 8402 12235
12235 7463 8402
12711 930 11142
11142 930 12711
930 11142 12711
12934 3057 9712
3057 9712 12934
9712 3057 12934
5690 1515 7775
1515 5690 7775
7775 1515 5690
7617 4793 13960
4793 7617 13960
13960 4793 7617
9173 6482 9873
9873 6482 9173
6482 9173 9873
10909 12238 13122
13122 10909 12238
12238 10909 13122
5759 3763 10478
3763 5759 10478
10478 3763 5759
4759 1974 14820
14820 1974 4759
1974 4759 14820
5374 2921 12115
2921 5374 12115
12115 2921 5374
4215 54 2518
54 2518 4215
2518 54 4215
1147 9226 14155
9226 1147 14155
14155 1147 9226
3709 10021 14798
10021 3709 14798
14798 3709 10021
2193 9073 10518
10518 2193 9073
9073 2193 10518
1424 4871 10099
4871 1424 10099
10099 1424 4871
14945 6836 13604
6836 13604 14945
13604 6836 14945
13501 6581 11882
11882 6581 13501
6581 11882 13501
984 11952 14356
11952 984 14356
14356 984 11952
7274 5462 9184
9184 5462 7274
5462 7274 9184
3969 1032 10430
10430 1032 3969
1032 3969 10430
7285 10666 12405
12405 7285 10666
10666 7285 12405
3982 10489 12359
10489 3982 12359
12359 3982 10489
12749 1151 1748
1748 1151 12749
1151 1748 12749
12485 9713 11445
9713 11445 12485
11445 9713 12485
2656 3366 12006
3366 2656 12006
12006 2656 3366
8941 6999 11303
6999 8941 11303
11303 6999 8941
1284 11355 14765
11355 1284 14765
14765 1284 11355
1738 6109 12552
6109 1738 12552
12552 1738 6109
13029 11344 11364
11344 11364 13029
11364 11344 13029
2181 6050 10768
10768 2181 6050
6050 2181 10768
12060 2006 14421
2006 12060 14421
14421 2006 12060
8410 3857 9643
3857 8410 9643
9643 3857 8410
12241 2508 2623
2508 2623 12241
2623 2508 12241
12960 2614 11578
2614 11578 12960
11578 2614 12960
2033 657 13662
13662 657 2033
657 2033 13662
9754 4010 9732
9732 4010 9754
4010 9732 9754
6018 6944 10640
10640 6018 6944
6944 6018 10640
11558 175 14602
14602 175 11558
175 11558 14602
6428 1436 2605
2605 1436 6428
1436 2605 6428
6294 7693 11035
7693 6294 11035
11035 6294 7693
3331 125 6788
125 3331 6788
6788 125 3331
5139 14304 14720
14720 5139 14304
14304 5139 14720
2123 5822 8753
8753 2123 5822
5822 2123 8753
2927 2774 7247
7247 2774 2927
2774 2927 7247
11258 6219 14060
14060 6219 11258
6219 11258 14060
10497 9142 14378
14378 9142 10497
9142 10497 14378
9267 3516 5504
3516 5504 9267
5504 3516 9267
9618 12561 12835
12561 9618 12835
12835 9618 12561
2528 2490 5381
5381 2490 2528
2490 2528 5381
9917 1478 12153
1478 9917 12153
12153 1478 9917
11589 420 12590
420 11589 12590
12590 420 11589
5714 2218 6094
2218 5714 6094
6094 2218 5714
7309 7806 9148
9148 7309 7806
7806 7309 9148
10711 40 13790
40 10711 13790
13790 40 10711
11684 1378 6329
6329 1378 11684
1378 6329 11684
12377 1938 6184
1938 6184 12377
6184 1938 12377
2482 8352 12947
8352 2482 12947
12947 2482 8352
12652 3588 12323
12323 3588 12652
3588 12323 12652
3257 8035 11115
8035 3257 11115
11115 3257 8035
12732 5615 7497
5615 7497 12732
7497 5615 12732
2772 616 12077
616 2772 12077
12077 616 2772
1390 4515 8111
8111 1390 4515
4515 1390 8111
14498 7521 10101
7521 10101 14498
10101 7521 14498
9320 632 6034
632 6034 9320
6034 632 9320
10600 2717 4042
4042 2717 10600
2717 4042 10600
9519 9552 14495
14495 9519 9552
9552 9519 14495
759 3467 5623
3467 759 5623
5623 759 3467
5767 9790 11840
9790 5767 11840
11840 5767 9790
644 1789 7843
7843 644 1789
1789 644 7843
5528 2229 10625
2229 5528 10625
10625 2229 5528
10787 6583 13181
13181 6583 10787
6583 10787 13181
4825 1202 7042
1202 4825 7042
7042 1202 4825
7593 1811 12332
12332 1811 7593
1811 7593 12332
13702 465 1656
1656 465 13702
465 1656 13702
5319 10253 13941
13941 5319 10253
10253 5319 13941
8914 1355 6847
6847 1355 8914
1355 6847 8914
14845 11600 11658
11600 11658 14845
11658 11600 14845
4648 25 13151
25 4648 13151
13151 25 4648
8672 8988 9881
9881 8672 8988
8988 8672 9881
3452 7958 10596
10596 3452 7958
7958 3452 10596
10511 3430 6965
6965 3430 10511
3430 6965 10511
7632 6636 9662
6636 7632 9662
9662 6636 7632
11181 4709 11823
11823 4709 11181
4709 11181 11823
4658 1854 8977
8977 1854 4658
1854 4658 8977
6922 209 7736
209 6922 7736
7736 209 6922
13026 12939 14010
12939 13026 14010
14010 12939 13026
6382 370 11253
11253 370 6382
370 6382 11253
8147 11073 12688
11073 8147 12688
12688 8147 11073
4849 7570 8112
7570 4849 8112
8112 4849 7570
9180 2806 8113
2806 8113 9180
8113 2806 9180
12337 6 12975
12975 6 12337
6 12337 12975
13867 532 6081
532 6081 13867
6081 532 13867
11489 9908 14174
14174 9908 11489
9908 11489 14174
3420 7385 8801
7385 3420 8801
8801 3420 7385
2172 9542 10411
10411 2172 9542
9542 2172 10411
14966 13166 14582
13166 14582 14966
14582 13166 14966
9877 4325 8852
4325 8852 9877
8852 4325 9877
12663 3370 6300
3370 6300 12663
6300 3370 12663
4188 102 503
503 102 4188
102 503 4188
12998 11101 14292
11101 12998 14292
14292 11101 12998
1655 6580 9736
6580 1655 9736
9736 1655 6580
7073 4446 10183
4446 7073 10183
10183 4446 7073
11170 10125 14639
10125 11170 14639
14639 10125 11170
1813 5884 11874
11874 1813 5884
5884 1813 11874
6320 7794 13670
7794 6320 13670
13670 6320 7794
9236 7909 8645
7909 8645 9236
8645 7909 9236
4756 3571 9705
3571 4756 9705
9705 3571 4756
6163 4495 11102
11102 4495 6163
4495 6163 11102
5207 6758 9199
9199 5207 6758
6758 5207 9199
13359 7293 13756
7293 13359 13756
13756 7293 13359
6889 5137 9726
9726 5137 6889
5137 6889 9726
11178 10257 10570
10570 10257 11178
10257 10570 11178
6970 5032 8784
5032 6970 8784
8784 5032 6970
6440 2979 10426
10426 2979 6440
2979 6440 10426
213 129 564
129 213 564
564 129 213
1374 2980 8733
8733 1374 2980
2980 1374 8733
14375 621 1785
621 1785 14375
1785 621 14375
13562 2072 6113
2072 6113 13562
6113 2072 13562
11610 11061 11420
11061 11420 11610
11420 11061 11610
13452 1859 13597
13597 1859 13452
1859 13452 13597
2947 2843 3457
3457 2843 2947
2843 2947 3457
12448 12394 12972
12972 12394 12448
12394 12448 12972
10326 4326 11552
11552 4326 10326
4326 10326 11552
12341 3346 5233
3346 5233 12341
5233 3346 12341
14635 4718 6910
6910 4718 14635
4718 6910 14635
9381 2097 7433
2097 7433 9381
7433 2097 9381
12658 1790 8131
8131 1790 12658
1790 8131 12658
14904 6463 12568
6463 12568 14904
12568 6463 14904
14006 5225 9351
5225 9351 14006
9351 5225 14006
5019 3152 7825
3152 5019 7825
7825 3152 5019
239 9611 14975
14975 239 9611
9611 239 14975
14071 3061 5223
5223 3061 14071
3061 5223 14071
8313 2981 14302
2981 8313 14302
14302 2981 8313
14829 819 13873
13873 819 14829
819 13873 14829
233 9096 12877
12877 233 9096
9096 233 12877
1767 3122 3726
3726 1767 3122
3122 1767 3726
2083 1920 10281
1920 2083 10281
10281 1920 2083
10689 1084 11498
11498 1084 10689
1084 10689 11498
12676 605 12683
12683 605 12676
605 12676 12683
2665 1922 12943
1922 2665 12943
12943 1922 2665
8622 1310 14704
1310 8622 14704
14704 1310 8622
8335 3506 4845
4845 3506 8335
3506 4845 8335
14771 5068 10469
10469 5068 14771
5068 10469 14771
4504 9040 10479
9040 4504 10479
10479 4504 9040
12103 880 4071
880 4071 12103
4071 880 12103
13322 6266 14094
14094 6266 13322
6266 13322 14094
5058 1285 4058
4058 1285 5058
1285 4058 5058
4301 5761 6779
6779 4301 5761
5761 4301 6779
9249 5161 5620
5161 5620 9249
5620 5161 9249
11513 2369 10013
10013 2369 11513
2369 10013 11513
4973 1865 14046
14046 1865 4973
1865 4973 14046
37 1913 13042
13042 37 1913
1913 37 13042
1188 4687 10007
10007 1188 4687
4687 1188 10007
11849 7527 8746
8746 7527 11849
7527 8746 11849
12941 13069 13192
13069 12941 13192
13192 12941 13069
6858 66 3299
3299 66 6858
66 3299 6858
11257 783 9091
783 9091 11257
9091 783 11257
1078 9471 13371
9471 1078 13371
13371 1078 9471
7938 8766 10224
10224 7938 8766
8766 7938 10224
2055 275 10005
10005 275 2055
275 2055 10005
10762 9501 12885
9501 10762 12885
12885 9501 10762
5635 6546 7363
7363 5635 6546
6546 5635 7363
7542 11984 12875
12875 7542 11984
11984 7542 12875
3523 6968 8392
8392 3523 6968
6968 3523 8392
2421 3631 4135
4135 2421 3631
3631 2421 4135
9346 3093 11278
3093 9346 11278
11278 3093 9346
123 1994 8213
8213 123 1994
1994 123 8213
10161 1307 10820
1307 10161 10820
10820 1307 10161
12296 3387 6632
3387 6632 12296
6632 3387 12296
1585 1394 6664
6664 1394 1585
1394 1585 6664
11729 5762 8998
5762 8998 11729
8998 5762 11729
8956 4681 14918
4681 8956 14918
14918 4681 8956
1405 3087 10129
3087 1405 10129
10129 1405 3087
10320 11157 14314
14314 10320 11157
11157 10320 14314
9031 5741 10842
5741 9031 10842
10842 5741 9031
9563 11226 13909
13909 9563 11226
11226 9563 13909
10239 10387 10692
10387 10239 10692
10692 10239 10387
5969 2432 10653
10653 2432 5969
2432 5969 10653
6666 12020 14247
12020 6666 14247
14247 6666 12020
4311 3126 10429
10429 3126 4311
3126 4311 10429
996 3401 10825
10825 996 3401
3401 996 10825
14192 7076 10694
7076 10694 14192
10694 7076 14192
8022 6880 13834
6880 8022 13834
13834 6880 8022
10550 128 14389
128 10550 14389
14389 128 10550
3355 14443 14828
14828 3355 14443
14443 3355 14828
10058 384 6390
6390 384 10058
384 6390 10058
12918 6363 8608
8608 6363 12918
6363 8608 12918
10837 3000 5976
5976 3000 10837
3000 5976 10837
12056 5793 14621
5793 12056 14621
14621 5793 12056
729 12246 13617
13617 729 12246
12246 729 13617
2801 4731 8804
8804 2801 4731
4731 2801 8804
7486 3605 12120
3605 7486 12120
12120 3605 7486
12095 172 2177
172 2177 12095
2177 172 12095
14073 3689 14409
3689 14073 14409
14409 3689 14073
5243 5688 11996
11996 5243 5688
5688 5243 11996
8403 385 14485
385 8403 14485
14485 385 8403
473 3001 7777
7777 473 3001
3001 473 7777
1114 2000 13734
13734 1114 2000
2000 1114 13734
3250 3282 4965
4965 3250 3282
3282 3250 4965
13052 1836 14202
14202 1836 13052
1836 13052 14202
8037 688 4517
688 4517 8037
4517 688 8037
10896 13853 14012
13853 10896 14012
14012 10896 13853
11881 5206 14294
5206 11881 14294
14294 5206 11881
2884 3963 13368
3963 2884 13368
13368 2884 3963
13481 9962 12990
12990 9962 13481
9962 12990 13481
14419 12160 14118
14118 12160 14419
12160 14118 14419
9321 2575 14999
14999 2575 9321
2575 9321 14999
9053 1123 5175
1123 5175 9053
5175 1123 9053
9175 60 14521
60 9175 14521
14521 60 9175
10328 821 9852
9852 821 10328
821 9852 10328
12572 2320 2978
2320 2978 12572
2978 2320 12572
6556 10710 14026
10710 6556 14026
14026 6556 10710
10631 14415 14957
14957 10631 14415
14415 10631 14957
5560 255 5980
5980 255 5560
255 5560 5980
12371 4955 10681
4955 10681 12371
10681 4955 12371
12697 10114 12839
10114 12697 12839
12839 10114 12697
5609 1404 13732
1404 5609 13732
13732 1404 5609
11454 3400 8891
8891 3400 11454
3400 8891 11454
11873 10111 10563
10111 10563 11873
10563 10111 11873
12950 1028 12127
1028 12127 12950
12127 1028 12950
12043 8615 13403
13403 8615 12043
8615 12043 13403
8289 4843 5894
5894 4843 8289
4843 5894 8289
9682 12738 14018
14018 9682 12738
12738 9682 14018
10986 9212 9623
9212 9623 10986
9623 9212 10986
4367 5946 8495
8495 4367 5946
5946 4367 8495
12119 9647 14008
14008 9647 12119
9647 12119 14008
4526 1008 11395
11395 1008 4526
1008 4526 11395
13032 373 13470
13470 373 13032
373 13032 13470
36 12678 13257
12678 36 13257
13257 36 12678
4161 8835 14271
14271 4161 8835
8835 4161 14271
4231 698 4778
4778 698 4231
698 4231 4778
7968 4907 10547
4907 7968 10547
10547 4907 7968
7349 204 6830
204 6830 7349
6830 204 7349
3113 7930 8679
8679 3113 7930
7930 3113 8679
6985 2594 13733
2594 6985 13733
13733 2594 6985
5647 5769 8996
8996 5647 5769
5769 5647 8996
4507 5222 14269
5222 4507 14269
14269 4507 5222
6149 2511 4695
4695 2511 6149
2511 4695 6149
9486 2116 9309
2116 9309 9486
9309 2116 9486
11325 5184 14740
5184 11325 14740
14740 5184 11325
12076 7683 9077
7683 9077 12076
9077 7683 12076
10583 4177 8890
8890 4177 10583
4177 8890 10583
2788 1481 4205
4205 1481 2788
1481 2788 4205
6595 9336 12930
9336 6595 12930
12930 6595 9336
13378 11623 12852
12852 11623 13378
11623 12852 13378
823 1649 1662
1662 823 1649
1649 823 1662
9724 2870 14659
14659 2870 9724
2870 9724 14659
2321 1108 5255
5255 1108 2321
1108 2321 5255
2770 2624 14033
14033 2624 2770
2624 2770 14033
1582 2069 10322
2069 1582 10322
10322 1582 2069
6370 2588 10903
10903 2588 6370
2588 6370 10903
12175 2889 3358
2889 3358 12175
3358 2889 12175
3053 695 13599
695 3053 13599
13599 695 3053
14646 11877 13930
11877 13930 14646
13930 11877 14646
14475 12239 14370
12239 14370 14475
14370 12239 14475
918 2322 13405
2322 918 13405
13405 918 2322
4638 8301 14265
8301 4638 14265
14265 4638 8301
2712 1957 5168
1957 2712 5168
5168 1957 2712
10533 13318 14126
14126 10533 13318
13318 10533 14126
8587 8862 11754
11754 8587 8862
8862 8587 11754
4500 1589 1897
1897 1589 4500
1589 1897 4500
1622 1375 9197
9197 1375 1622
1375 1622 9197
11063 10755 11583
11583 10755 11063
10755 11063 11583
14883 1570 1937
1937 1570 14883
1570 1937 14883
7772 1112 11894
1112 7772 11894
11894 1112 7772
8776 4343 6803
6803 4343 8776
4343 6803 8776
7650 10144 14961
14961 7650 10144
10144 7650 14961
8892 6112 7526
7526 6112 8892
6112 7526 8892
5056 4218 13580
13580 4218 5056
4218 5056 13580
8769 1769 6832
1769 6832 8769
6832 1769 8769
14482 841 3151
3151 841 14482
841 3151 14482
11225 3140 10100
10100 3140 11225
3140 10100 11225
8848 1046 5164
5164 1046 8848
1046 5164 8848
7922 5037 11149
11149 5037 7922
5037 7922 11149
11422 5724 8490
8490 5724 11422
5724 8490 11422
2067 3432 11277
3432 2067 11277
11277 2067 3432
1295 90 11496
11496 90 1295
90 1295 11496
10370 5169 7170
5169 7170 10370
7170 5169 10370
2586 1719 2359
1719 2359 2586
2359 1719 2586
14015 3021 13990
13990 3021 14015
3021 13990 14015
2533 822 11766
822 2533 11766
11766 822 2533
2710 8 665
8 665 2710
665 8 2710
12159 121 12691
12691 121 12159
121 12159 12691
2907 7988 11566
7988 2907 11566
11566 2907 7988
4679 1190 13303
13303 1190 4679
1190 4679 13303
11240 782 13021
782 11240 13021
13021 782 11240
12734 11326 12198
12198 11326 12734
11326 12198 12734
5067 1550 3508
1550 3508 5067
3508 1550 5067
13689 5094 13022
5094 13022 13689
13022 5094 13689
11720 2380 7075
7075 2380 11720
2380 7075 11720
8057 12963 13126
13126 8057 12963
12963 8057 13126
12584 604 12767
12767 604 12584
604 12584 12767
14194 1665 4927
1665 4927 14194
4927 1665 14194
14944 1361 10150
1361 10150 14944
10150 1361 14944
4819 9041 14897
14897 4819 9041
9041 4819 14897
9277 2694 14334
2694 9277 14334
14334 2694 9277
1389 6745 11707
6745 1389 11707
11707 1389 6745
9832 1936 3977
1936 3977 9832
3977 1936 9832
9846 42 2095
2095 42 9846
42 2095 9846
14227 12647 13479
12647 13479 14227
13479 12647 14227
13760 6224 11481
6224 11481 13760
11481 6224 13760
4098 12913 14088
12913 4098 14088
14088 4098 12913
7228 353 11080
353 7228 11080
11080 353 7228
217 10091 14098
14098 217 10091
10091 217 14098
921 7519 13892
7519 921 13892
13892 921 7519
13519 12555 13179
12555 13179 13519
13179 12555 13519
7414 1474 5616
5616 1474 7414
1474 5616 7414
4781 3708 12540
3708 4781 12540
12540 3708 4781
142 3887 6278
3887 142 6278
6278 142 3887
8376 2851 14940
2851 8376 14940
14940 2851 8376
84 4412 5360
4412 84 5360
5360 84 4412
5870 180 11130
11130 180 5870
180 5870 11130
10355 6033 11559
11559 6033 10355
6033 10355 11559
3909 5416 6793
5416 3909 6793
6793 3909 5416
2545 10494 10846
10846 2545 10494
10494 2545 10846
4615 2741 9675
2741 4615 9675
9675 2741 4615
9553 2532 3325
3325 2532 9553
2532 3325 9553
14406 2697 8234
2697 8234 14406
8234 2697 14406
3406 2934 6264
6264 2934 3406
2934 3406 6264
2184 1553 5829
5829 1553 2184
1553 2184 5829
10279 6856 9135
9135 6856 10279
6856 9135 10279
13167 10889 12047
12047 10889 13167
10889 12047 13167
1250 237 7047
237 1250 7047
7047 237 1250
11949 6903 14361
6903 11949 14361
14361 6903 11949
6401 8122 10966
8122 6401 10966
10966 6401 8122
9341 6672 6898
6672 6898 9341
6898 6672 9341
3913 1815 6668
6668 1815 3913
1815 3913 6668
13197 13859 14014
14014 13197 13859
13859 13197 14014
2447 6091 7878
6091 2447 7878
7878 2447 6091
10761 413 12390
12390 413 10761
413 10761 12390
14187 7252 8167
8167 7252 14187
7252 8167 14187
14870 4743 7828
4743 7828 14870
7828 4743 14870
12579 4182 14596
4182 12579 14596
14596 4182 12579
2133 702 9833
702 2133 9833
9833 702 2133
11311 11301 13344
11301 11311 13344
13344 11301 11311
6438 4857 10753
4857 6438 10753
10753 4857 6438
3286 6929 9402
6929 3286 9402
9402 3286 6929
13612 10037 10241
10241 10037 13612
10037 10241 13612
14352 5000 11820
5000 11820 14352
11820 5000 14352
8028 887 6020
887 6020 8028
6020 887 8028
13227 4327 8268
8268 4327 13227
4327 8268 13227
1269 380 6470
6470 380 1269
380 1269 6470
12301 10186 10524
10186 10524 12301
10524 10186 12301
12789 9796 14552
14552 9796 12789
9796 12789 14552
12271 6207 7983
7983 6207 12271
6207 7983 12271
4685 3185 4393
4393 3185 4685
3185 4393 4685
4661 3167 5852
5852 3167 4661
3167 4661 5852
13143 1943 3831
3831 1943 13143
1943 3831 13143
7503 1817 14278
14278 1817 7503
1817 7503 14278
11433 1094 11752
