1445 6241 6293
6293 1445 6241
6241 1445 6293
9031 4482 14297
4482 9031 14297
14297 4482 9031
11937 5047 9178
5047 9178 11937
9178 5047 11937
8308 4408 8339
4408 8308 8339
8339 4408 8308
566 8274 9504
8274 566 9504
9504 566 8274
6194 3169 11941
3169 6194 11941
11941 3169 6194
260 9388 12313
12313 260 9388
9388 260 12313
9535 8970 13208
13208 8970 9535
8970 9535 13208
12041 9052 14090
9052 12041 14090
14090 9052 12041
8290 1794 8627
1794 8290 8627
8627 1794 8290
1662 8992 10273
10273 1662 8992
8992 1662 10273
3818 7594 10040
7594 3818 10040
10040 3818 7594
2007 10292 11974
11974 2007 10292
10292 2007 11974
10223 2188 7057
7057 2188 10223
2188 7057 10223
159 1769 7958
1769 159 7958
7958 159 1769
13851 2607 3355
3355 2607 13851
2607 3355 13851
8033 1609 10684
1609 8033 10684
10684 1609 8033
6004 1502 10858
1502 6004 10858
10858 1502 6004
4686 12954 14703
14703 4686 12954
12954 4686 14703
10026 4723 10848
4723 10026 10848
10848 4723 10026
7694 1215 8028
1215 7694 8028
8028 1215 7694
9880 8941 9618
8941 9618 9880
9618 8941 9880
1737 3940 9412
3940 1737 9412
9412 1737 3940
1127 9706 12990
12990 1127 9706
9706 1127 12990
12413 874 1848
1848 874 12413
874 1848 12413
13506 5810 11724
11724 5810 13506
5810 11724 13506
12356 5776 9871
9871 5776 12356
5776 9871 12356
9802 1300 10201
10201 1300 9802
1300 9802 10201
8699 9359 10006
9359 8699 10006
10006 8699 9359
8745 2567 10059
10059 2567 8745
2567 8745 10059
9903 2293 2535
2535 2293 9903
2293 2535 9903
5813 3092 3860
3092 3860 5813
3860 3092 5813
6800 2486 12504
12504 2486 6800
2486 6800 12504
13291 4498 5132
5132 4498 13291
4498 5132 13291
6028 8256 14169
14169 6028 8256
8256 6028 14169
11560 1755 10679
1755 10679 11560
10679 1755 11560
8810 5333 14427
5333 8810 14427
14427 5333 8810
14346 1988 12552
12552 1988 14346
1988 12552 14346
965 6968 8816
8816 965 6968
6968 965 8816
497 7582 13708
7582 497 13708
13708 497 7582
11272 708 8001
8001 708 11272
708 8001 11272
11646 11738 13002
13002 11646 11738
11738 11646 13002
10434 3311 5681
3311 5681 10434
5681 3311 10434
10188 2790 10135
2790 10135 10188
10135 2790 10188
4019 1992 12472
1992 4019 12472
12472 1992 4019
8915 855 9341
9341 855 8915
855 8915 9341
6289 9508 13403
9508 6289 13403
13403 6289 9508
5422 7443 8165
8165 5422 7443
7443 5422 8165
7079 11681 13879
11681 7079 13879
13879 7079 11681
2529 4601 10715
10715 2529 4601
4601 2529 10715
14626 701 2613
2613 701 14626
701 2613 14626
13771 4229 10849
10849 4229 13771
4229 10849 13771
8929 5011 10541
5011 8929 10541
10541 5011 8929
2972 3868 7702
3868 2972 7702
7702 2972 3868
10758 1653 3192
3192 1653 10758
1653 3192 10758
7299 13486 13643
13486 7299 13643
13643 7299 13486
5028 1936 7397
1936 5028 7397
7397 1936 5028
10171 2626 10600
2626 10171 10600
10600 2626 10171
8080 9261 14460
9261 8080 14460
14460 8080 9261
9723 5262 10439
10439 5262 9723
5262 9723 10439
6143 5430 13318
13318 5430 6143
5430 6143 13318
4201 2884 8298
8298 2884 4201
2884 4201 8298
4695 9924 10725
10725 4695 9924
9924 4695 10725
8781 10353 11087
10353 8781 11087
11087 8781 10353
6349 1344 14209
1344 6349 14209
14209 1344 6349
3488 7890 14870
7890 3488 14870
14870 3488 7890
3883 3742 5991
3742 3883 5991
5991 3742 3883
14440 11996 12183
12183 11996 14440
11996 12183 14440
7851 8352 13183
8352 7851 13183
13183 7851 8352
14927 8012 11917
11917 8012 14927
8012 11917 14927
2760 9379 10832
9379 2760 10832
10832 2760 9379
1615 5023 7985
7985 1615 5023
5023 1615 7985
2334 689 4177
4177 689 2334
689 2334 4177
14907 4385 6588
6588 4385 14907
4385 6588 14907
13057 10527 13119
10527 13057 13119
13119 10527 13057
940 4785 9965
9965 940 4785
4785 940 9965
8129 147 2911
2911 147 8129
147 2911 8129
11110 11209 14989
14989 11110 11209
11209 11110 14989
4775 2051 12322
2051 4775 12322
12322 2051 4775
2657 4633 11947
4633 2657 11947
11947 2657 4633
11600 8085 8839
8085 8839 11600
8839 8085 11600
8163 161 5101
5101 161 8163
161 5101 8163
9667 4018 11860
11860 4018 9667
4018 9667 11860
725 2109 5806
5806 725 2109
2109 725 5806
395 11617 11677
11617 395 11677
11677 395 11617
8511 5291 13241
13241 5291 8511
5291 8511 13241
5632 2720 14369
2720 5632 14369
14369 2720 5632
7682 423 10642
423 7682 10642
10642 423 7682
3401 13621 13981
13981 3401 13621
13621 3401 13981
5105 1326 3146
3146 1326 5105
1326 3146 5105
6175 331 14046
14046 331 6175
331 6175 14046
14919 2268 6436
6436 2268 14919
2268 6436 14919
8255 11158 12396
12396 8255 11158
11158 8255 12396
3730 8076 11242
8076 3730 11242
11242 3730 8076
11803 11779 14246
14246 11779 11803
11779 11803 14246
5247 273 4450
273 4450 5247
4450 273 5247
542 8796 11968
11968 542 8796
8796 542 11968
1528 661 1230
661 1230 1528
1230 661 1528
11173 9140 11809
9140 11173 11809
11809 9140 11173
7590 1918 14135
1918 7590 14135
14135 1918 7590
8866 3175 7894
7894 3175 8866
3175 7894 8866
2214 4665 6145
4665 2214 6145
6145 2214 4665
9207 7623 12155
12155 7623 9207
7623 9207 12155
9906 10726 12610
12610 9906 10726
10726 9906 12610
1135 9635 10901
9635 1135 10901
10901 1135 9635
4154 4190 14962
4190 4154 14962
14962 4154 4190
14934 1471 13116
13116 1471 14934
1471 13116 14934
1382 2451 7433
7433 1382 2451
2451 1382 7433
11004 2054 14264
14264 2054 11004
2054 11004 14264
10904 614 9409
614 9409 10904
9409 614 10904
13384 13076 14490
13076 13384 14490
14490 13076 13384
14372 9943 10744
9943 10744 14372
10744 9943 14372
9678 467 12257
12257 467 9678
467 9678 12257
2754 13438 14228
14228 2754 13438
13438 2754 14228
11075 3344 13283
3344 11075 13283
13283 3344 11075
9304 931 12998
12998 931 9304
931 9304 12998
1085 3229 11009
3229 1085 11009
11009 1085 3229
7981 7568 9318
7568 7981 9318
9318 7568 7981
6965 4799 13803
4799 6965 13803
13803 4799 6965
663 3362 6507
6507 663 3362
3362 663 6507
11129 10189 12458
10189 11129 12458
12458 10189 11129
3178 11655 12043
12043 3178 11655
11655 3178 12043
11568 2011 13498
2011 11568 13498
13498 2011 11568
13235 12680 12690
12680 12690 13235
12690 12680 13235
2199 5021 10565
5021 2199 10565
10565 2199 5021
8100 3259 6781
6781 3259 8100
3259 6781 8100
7330 3545 4454
4454 3545 7330
3545 4454 7330
12145 4765 7321
7321 4765 12145
4765 7321 12145
10463 4749 8576
8576 4749 10463
4749 8576 10463
12635 8644 13385
13385 8644 12635
8644 12635 13385
11904 1495 4519
4519 1495 11904
1495 4519 11904
9899 2368 13880
2368 9899 13880
13880 2368 9899
11593 13408 14311
14311 11593 13408
13408 11593 14311
3923 3097 6064
3097 3923 6064
6064 3097 3923
8746 9558 12330
12330 8746 9558
9558 8746 12330
2585 7850 13578
13578 2585 7850
7850 2585 13578
3876 204 8243
204 3876 8243
8243 204 3876
2874 12535 13239
13239 2874 12535
12535 2874 13239
5726 697 5696
697 5696 5726
5696 697 5726
13631 381 8046
8046 381 13631
381 8046 13631
9789 7212 14782
7212 9789 14782
14782 7212 9789
10284 7028 8959
7028 8959 10284
8959 7028 10284
453 7651 8344
7651 453 8344
8344 453 7651
8041 6494 9254
6494 8041 9254
9254 6494 8041
3957 3491 12596
12596 3491 3957
3491 3957 12596
10266 6897 9664
9664 6897 10266
6897 9664 10266
76 4912 8499
4912 76 8499
8499 76 4912
6469 8741 10818
10818 6469 8741
8741 6469 10818
12199 7561 11150
11150 7561 12199
7561 11150 12199
8058 7463 8428
8428 7463 8058
7463 8058 8428
10632 2012 10749
10749 2012 10632
2012 10632 10749
2033 1493 7761
1493 2033 7761
7761 1493 2033
4600 3886 10328
3886 4600 10328
10328 3886 4600
3060 1240 4207
4207 1240 3060
1240 3060 4207
12336 6068 14179
14179 6068 12336
6068 12336 14179
777 8556 13226
13226 777 8556
8556 777 13226
11294 489 774
489 774 11294
774 489 11294
707 9827 12838
9827 707 12838
12838 707 9827
3618 4134 11058
4134 3618 11058
11058 3618 4134
10023 587 1446
1446 587 10023
587 1446 10023
12513 2635 4486
4486 2635 12513
2635 4486 12513
7468 11643 12036
11643 7468 12036
12036 7468 11643
3513 62 9925
9925 62 3513
62 3513 9925
9778 5964 8069
5964 8069 9778
8069 5964 9778
4015 5535 11650
5535 4015 11650
11650 4015 5535
4429 6105 12347
12347 4429 6105
6105 4429 12347
9878 2543 3855
3855 2543 9878
2543 3855 9878
6038 2463 13898
13898 2463 6038
2463 6038 13898
10155 7166 7928
7166 7928 10155
7928 7166 10155
11973 4497 10967
10967 4497 11973
4497 10967 11973
4290 6700 10126
10126 4290 6700
6700 4290 10126
8642 1865 5764
5764 1865 8642
1865 5764 8642
11313 1971 10202
1971 10202 11313
10202 1971 11313
10118 9009 13721
13721 9009 10118
9009 10118 13721
5767 9588 12215
12215 5767 9588
9588 5767 12215
5936 8397 11669
8397 5936 11669
11669 5936 8397
7911 11132 12014
12014 7911 11132
11132 7911 12014
13154 5826 14850
14850 5826 13154
5826 13154 14850
1196 5712 8494
5712 1196 8494
8494 1196 5712
896 11233 12071
12071 896 11233
11233 896 12071
11015 3683 14560
3683 11015 14560
14560 3683 11015
8995 4561 6568
6568 4561 8995
4561 6568 8995
14683 971 8603
971 8603 14683
8603 971 14683
13156 2372 6871
2372 6871 13156
6871 2372 13156
638 133 673
673 133 638
133 638 673
13568 6680 13032
6680 13032 13568
13032 6680 13568
10022 6091 7153
6091 7153 10022
7153 6091 10022
876 9966 10152
10152 876 9966
9966 876 10152
1860 7400 14276
14276 1860 7400
7400 1860 14276
12677 1638 9011
1638 9011 12677
9011 1638 12677
7438 1740 8976
8976 1740 7438
1740 7438 8976
3140 1316 6432
1316 3140 6432
6432 1316 3140
4508 600 5937
5937 600 4508
600 4508 5937
4437 1847 10722
1847 4437 10722
10722 1847 4437
5354 8598 10793
8598 5354 10793
10793 5354 8598
12432 398 10112
398 10112 12432
10112 398 12432
7322 6269 6729
6729 6269 7322
6269 6729 7322
14456 7597 8055
7597 8055 14456
8055 7597 14456
5601 7681 14961
14961 5601 7681
7681 5601 14961
9416 19 6329
6329 19 9416
19 6329 9416
3358 4173 9636
4173 3358 9636
9636 3358 4173
4020 259 5104
259 4020 5104
5104 259 4020
7929 2653 5420
5420 2653 7929
2653 5420 7929
7864 4836 8152
4836 7864 8152
8152 4836 7864
1277 895 9605
895 1277 9605
9605 895 1277
1139 9454 11588
11588 1139 9454
9454 1139 11588
9010 6858 14304
14304 6858 9010
6858 9010 14304
13374 4729 5070
4729 5070 13374
5070 4729 13374
8150 6861 7315
6861 7315 8150
7315 6861 8150
28 46 9142
9142 28 46
46 28 9142
3168 2354 5959
5959 2354 3168
2354 3168 5959
10183 3098 6328
3098 6328 10183
6328 3098 10183
13263 10427 11223
10427 11223 13263
11223 10427 13263
10779 8640 11368
11368 8640 10779
8640 10779 11368
14879 6059 12943
6059 12943 14879
12943 6059 14879
2638 5456 12825
12825 2638 5456
5456 2638 12825
7222 3911 13923
3911 7222 13923
13923 3911 7222
12247 9572 14672
14672 9572 12247
9572 12247 14672
8224 160 5791
5791 160 8224
160 5791 8224
11878 495 9405
9405 495 11878
495 9405 11878
10100 3586 9346
3586 9346 10100
9346 3586 10100
10735 5156 8471
8471 5156 10735
5156 8471 10735
8722 5875 6527
6527 5875 8722
5875 6527 8722
4358 12527 12955
12955 4358 12527
12527 4358 12955
2914 9187 12785
12785 2914 9187
9187 2914 12785
2909 2572 2705
2572 2705 2909
2705 2572 2909
13810 4180 11297
11297 4180 13810
4180 11297 13810
8991 5403 6597
5403 6597 8991
6597 5403 8991
13390 9479 10713
9479 10713 13390
10713 9479 13390
12507 2804 10462
10462 2804 12507
2804 10462 12507
4361 5858 13122
13122 4361 5858
5858 4361 13122
1454 6334 11553
6334 1454 11553
11553 1454 6334
5095 5314 7793
5314 5095 7793
7793 5095 5314
9117 6949 13789
13789 6949 9117
6949 9117 13789
3766 5124 7831
5124 3766 7831
7831 3766 5124
5756 9893 13653
9893 5756 13653
13653 5756 9893
10746 10880 13394
13394 10746 10880
10880 10746 13394
2436 3449 10115
10115 2436 3449
3449 2436 10115
5467 4750 9592
9592 4750 5467
4750 5467 9592
12621 1234 10314
1234 10314 12621
10314 1234 12621
14361 240 4327
4327 240 14361
240 4327 14361
4823 11161 13332
11161 4823 13332
13332 4823 11161
148 885 14088
885 148 14088
14088 148 885
7189 6863 7549
6863 7189 7549
7549 6863 7189
10516 1856 2333
1856 2333 10516
2333 1856 10516
2429 2698 11257
11257 2429 2698
2698 2429 11257
2541 2080 11350
11350 2080 2541
2080 2541 11350
2101 3776 13733
13733 2101 3776
3776 2101 13733
7808 9977 14891
9977 7808 14891
14891 7808 9977
9766 3079 6524
6524 3079 9766
3079 6524 9766
8057 12520 13256
12520 8057 13256
13256 8057 12520
12660 2984 8244
8244 2984 12660
2984 8244 12660
9260 1032 8553
1032 8553 9260
8553 1032 9260
10740 9587 11082
9587 10740 11082
11082 9587 10740
12119 244 4168
4168 244 12119
244 4168 12119
3239 7356 14059
7356 3239 14059
14059 3239 7356
4660 4567 14985
4567 4660 14985
14985 4567 4660
11573 2945 4813
2945 4813 11573
4813 2945 11573
12999 8111 13238
13238 8111 12999
8111 12999 13238
6598 26 14950
26 6598 14950
14950 26 6598
7503 549 5803
5803 549 7503
549 5803 7503
8242 10540 12804
10540 8242 12804
12804 8242 10540
8225 10669 14413
14413 8225 10669
10669 8225 14413
5904 623 3553
623 3553 5904
3553 623 5904
13011 1025 9663
1025 9663 13011
9663 1025 13011
6414 7684 12088
12088 6414 7684
7684 6414 12088
8738 4608 10080
4608 8738 10080
10080 4608 8738
1102 8880 12725
8880 1102 12725
12725 1102 8880
7270 33 14747
14747 33 7270
33 7270 14747
11712 4350 10483
4350 10483 11712
10483 4350 11712
115 730 9362
730 115 9362
9362 115 730
5413 5126 12004
12004 5126 5413
5126 5413 12004
6566 1113 11142
1113 6566 11142
11142 1113 6566
4893 93 1538
93 1538 4893
1538 93 4893
3011 9695 14503
14503 3011 9695
9695 3011 14503
5779 3848 6785
6785 3848 5779
3848 5779 6785
3292 2361 9969
2361 3292 9969
9969 2361 3292
10953 314 11403
314 10953 11403
11403 314 10953
11002 3874 10164
10164 3874 11002
3874 10164 11002
7283 1422 13007
1422 7283 13007
13007 1422 7283
11488 1671 7279
7279 1671 11488
1671 7279 11488
10783 1186 7344
1186 7344 10783
7344 1186 10783
989 7063 14226
7063 989 14226
14226 989 7063
9809 11337 14641
14641 9809 11337
11337 9809 14641
12309 6830 8679
8679 6830 12309
6830 8679 12309
14591 1057 5577
5577 1057 14591
1057 5577 14591
10826 3165 3806
3806 3165 10826
3165 3806 10826
11992 4364 10151
10151 4364 11992
4364 10151 11992
14122 2277 3769
3769 2277 14122
2277 3769 14122
802 2769 8590
8590 802 2769
2769 802 8590
10086 1011 5408
1011 5408 10086
5408 1011 10086
6545 8463 12642
12642 6545 8463
8463 6545 12642
4075 9387 14280
9387 4075 14280
14280 4075 9387
3844 7390 11649
11649 3844 7390
7390 3844 11649
13607 11113 13376
11113 13376 13607
13376 11113 13607
11018 10277 10515
10277 10515 11018
10515 10277 11018
3796 90 9445
9445 90 3796
90 3796 9445
8982 5331 5763
5331 5763 8982
5763 5331 8982
4721 8907 12919
12919 4721 8907
8907 4721 12919
11632 10212 11001
10212 11001 11632
11001 10212 11632
11183 6120 14208
6120 11183 14208
14208 6120 11183
8795 7525 12474
12474 7525 8795
7525 8795 12474
13595 1362 14921
1362 13595 14921
14921 1362 13595
13784 793 11448
793 11448 13784
11448 793 13784
5994 2360 10310
10310 2360 5994
2360 5994 10310
10208 5063 9398
5063 9398 10208
9398 5063 10208
12911 4652 9892
4652 9892 12911
9892 4652 12911
8358 3664 10624
3664 8358 10624
10624 3664 8358
13395 2617 9542
2617 9542 13395
9542 2617 13395
10958 2608 5529
2608 5529 10958
5529 2608 10958
2212 1725 3642
3642 1725 2212
1725 2212 3642
3363 4632 10703
4632 3363 10703
10703 3363 4632
10971 4088 13795
13795 4088 10971
4088 10971 13795
14414 2521 5774
2521 5774 14414
5774 2521 14414
3677 6234 14825
14825 3677 6234
6234 3677 14825
8569 7351 14946
14946 7351 8569
7351 8569 14946
8327 3183 12805
3183 8327 12805
12805 3183 8327
9326 1603 13200
13200 1603 9326
1603 9326 13200
3241 3294 10584
10584 3241 3294
3294 3241 10584
10093 1978 12114
12114 1978 10093
1978 10093 12114
10325 2348 14664
14664 2348 10325
2348 10325 14664
13734 5662 14680
5662 13734 14680
14680 5662 13734
611 3053 6647
3053 611 6647
6647 611 3053
6771 1111 6363
6363 1111 6771
1111 6363 6771
13711 6002 13026
13026 6002 13711
6002 13026 13711
5477 10784 12794
12794 5477 10784
10784 5477 12794
7901 1463 11823
1463 7901 11823
11823 1463 7901
10866 4017 11766
4017 10866 11766
11766 4017 10866
5794 2764 11924
11924 2764 5794
2764 5794 11924
5673 11083 11584
11584 5673 11083
11083 5673 11584
1282 8005 12811
12811 1282 8005
8005 1282 12811
14920 11321 14428
14428 11321 14920
11321 14428 14920
1345 7359 14506
14506 1345 7359
7359 1345 14506
3337 1602 5739
1602 3337 5739
5739 1602 3337
8319 5798 12236
5798 8319 12236
12236 5798 8319
5347 653 3508
3508 653 5347
653 3508 5347
13997 1601 10661
1601 10661 13997
10661 1601 13997
207 2689 8934
8934 207 2689
2689 207 8934
2681 3587 13953
13953 2681 3587
3587 2681 13953
1039 7176 10539
10539 1039 7176
7176 1039 10539
4690 6448 7258
7258 4690 6448
6448 4690 7258
7600 6987 14397
14397 6987 7600
6987 7600 14397
6577 1697 4718
4718 1697 6577
1697 4718 6577
14191 2551 14352
2551 14191 14352
14352 2551 14191
522 1581 12136
1581 522 12136
12136 522 1581
1803 2325 4328
4328 1803 2325
2325 1803 4328
2172 9349 11093
9349 2172 11093
11093 2172 9349
12024 8010 14606
8010 12024 14606
14606 8010 12024
13491 1385 11987
1385 11987 13491
11987 1385 13491
3101 1321 3389
3389 1321 3101
1321 3101 3389
7818 6828 11894
6828 7818 11894
11894 6828 7818
81 2597 6116
2597 81 6116
6116 81 2597
13176 2001 13005
13005 2001 13176
2001 13005 13176
1649 12434 12544
12434 1649 12544
12544 1649 12434
14779 8858 8932
8932 8858 14779
8858 8932 14779
4490 9803 10491
9803 4490 10491
10491 4490 9803
8108 2182 13127
2182 8108 13127
13127 2182 8108
1263 22 10544
10544 22 1263
22 1263 10544
3637 8761 14480
14480 3637 8761
8761 3637 14480
723 4011 13110
4011 723 13110
13110 723 4011
7034 4560 13021
13021 4560 7034
4560 7034 13021
1212 2725 5239
5239 1212 2725
2725 1212 5239
6550 2428 11519
11519 2428 6550
2428 6550 11519
7588 4037 12495
12495 4037 7588
4037 7588 12495
12715 6288 14869
14869 6288 12715
6288 12715 14869
10648 995 5472
995 5472 10648
5472 995 10648
14270 2910 6173
6173 2910 14270
2910 6173 14270
1140 6717 14171
6717 1140 14171
14171 1140 6717
956 9509 11478
9509 956 11478
11478 956 9509
14554 1407 10803
1407 10803 14554
10803 1407 14554
5515 9060 11060
11060 5515 9060
9060 5515 11060
2718 1395 11406
1395 2718 11406
11406 1395 2718
9234 820 7842
820 7842 9234
7842 820 9234
12964 4050 7399
7399 4050 12964
4050 7399 12964
12592 7257 11218
11218 7257 12592
7257 11218 12592
2500 637 2092
637 2092 2500
2092 637 2500
13232 7007 11470
7007 11470 13232
11470 7007 13232
12846 4314 13365
13365 4314 12846
4314 12846 13365
4983 4589 7142
7142 4589 4983
4589 4983 7142
13870 6946 11900
6946 11900 13870
11900 6946 13870
9005 475 14400
14400 475 9005
475 9005 14400
5119 3221 8985
3221 5119 8985
8985 3221 5119
11559 727 6715
727 6715 11559
6715 727 11559
7554 8808 12242
8808 7554 12242
12242 7554 8808
9549 3094 11793
3094 9549 11793
11793 3094 9549
595 6533 9250
9250 595 6533
6533 595 9250
14014 6010 6840
6840 6010 14014
6010 6840 14014
187 3842 5042
5042 187 3842
3842 187 5042
532 7145 11512
11512 532 7145
7145 532 11512
4640 4085 5568
4085 4640 5568
5568 4085 4640
2772 9543 10874
9543 2772 10874
10874 2772 9543
5111 7053 8053
8053 5111 7053
7053 5111 8053
3701 3309 9571
3309 3701 9571
9571 3309 3701
5948 2630 7197
2630 5948 7197
7197 2630 5948
9307 12597 14522
14522 9307 12597
12597 9307 14522
12888 12946 14043
14043 12888 12946
12946 12888 14043
14099 1083 13651
13651 1083 14099
1083 13651 14099
3173 7019 7048
7019 3173 7048
7048 3173 7019
13098 4147 4629
4147 4629 13098
4629 4147 13098
12948 6037 8301
8301 6037 12948
6037 8301 12948
8297 4858 13749
13749 4858 8297
4858 8297 13749
3478 2878 3227
3227 2878 3478
2878 3227 3478
7781 11196 11517
11196 7781 11517
11517 7781 11196
7062 1464 5207
1464 5207 7062
5207 1464 7062
7314 4078 14296
4078 7314 14296
14296 4078 7314
911 5332 13168
13168 911 5332
5332 911 13168
3274 602 6029
602 3274 6029
6029 602 3274
9928 1819 7005
7005 1819 9928
1819 7005 9928
5772 8396 11554
8396 5772 11554
11554 5772 8396
9196 4871 6921
6921 4871 9196
4871 6921 9196
8812 12698 13929
13929 8812 12698
12698 8812 13929
5014 1774 12515
1774 5014 12515
12515 1774 5014
11536 89 14038
14038 89 11536
89 11536 14038
4319 571 3867
3867 571 4319
571 3867 4319
6323 7785 7854
7785 6323 7854
7854 6323 7785
7377 5110 12307
12307 5110 7377
5110 7377 12307
4953 366 10402
366 4953 10402
10402 366 4953
12851 261 9401
9401 261 12851
261 9401 12851
241 904 11859
11859 241 904
904 241 11859
2423 2777 14629
14629 2423 2777
2777 2423 14629
3113 3885 5409
5409 3113 3885
3885 3113 5409
2076 3088 13046
13046 2076 3088
3088 2076 13046
4551 4996 11792
4996 4551 11792
11792 4551 4996
11527 6677 8353
8353 6677 11527
6677 8353 11527
5304 11807 14871
14871 5304 11807
11807 5304 14871
5459 1055 7442
7442 1055 5459
1055 5459 7442
280 1029 4563
1029 280 4563
4563 280 1029
7498 7011 13965
7011 7498 13965
13965 7011 7498
4771 5206 7031
7031 4771 5206
5206 4771 7031
9122 1591 10262
1591 9122 10262
10262 1591 9122
12115 10974 13765
13765 10974 12115
10974 12115 13765
8501 2270 10571
2270 8501 10571
10571 2270 8501
13865 10608 12047
12047 10608 13865
10608 12047 13865
13524 3577 6016
3577 6016 13524
6016 3577 13524
3179 4925 13887
13887 3179 4925
4925 3179 13887
760 2107 10246
10246 760 2107
2107 760 10246
4527 3710 10111
10111 3710 4527
3710 4527 10111
13417 3247 10248
10248 3247 13417
3247 10248 13417
10707 2637 4012
4012 2637 10707
2637 4012 10707
6052 8481 10842
8481 6052 10842
10842 6052 8481
3850 8363 14186
14186 3850 8363
8363 3850 14186
11851 8446 9902
9902 8446 11851
8446 9902 11851
8663 10069 13833
13833 8663 10069
10069 8663 13833
10305 31 3656
3656 31 10305
31 3656 10305
676 969 10319
10319 676 969
969 676 10319
12588 3680 4239
3680 4239 12588
4239 3680 12588
12369 9654 11349
9654 11349 12369
11349 9654 12369
4543 4746 12563
12563 4543 4746
4746 4543 12563
14581 4251 14144
14144 4251 14581
4251 14144 14581
9908 1195 2881
2881 1195 9908
1195 2881 9908
4990 7855 13966
7855 4990 13966
13966 4990 7855
5725 9360 12821
9360 5725 12821
12821 5725 9360
12334 9679 11299
11299 9679 12334
9679 11299 12334
1323 3641 6296
6296 1323 3641
3641 1323 6296
3576 2371 10518
2371 3576 10518
10518 2371 3576
5242 7282 10401
7282 5242 10401
10401 5242 7282
2929 6221 8927
8927 2929 6221
6221 2929 8927
11019 9973 12724
9973 11019 12724
12724 9973 11019
14086 5237 11259
11259 5237 14086
5237 11259 14086
14366 7475 8777
7475 8777 14366
8777 7475 14366
9384 593 12977
593 9384 12977
12977 593 9384
658 765 11156
11156 658 765
765 658 11156
7021 5805 12439
12439 5805 7021
5805 7021 12439
12834 8130 8594
8594 8130 12834
8130 8594 12834
14612 5770 8790
5770 8790 14612
8790 5770 14612
2036 3516 13641
3516 2036 13641
13641 2036 3516
9511 794 847
847 794 9511
794 847 9511
12720 303 8909
8909 303 12720
303 8909 12720
11674 43 12547
43 11674 12547
12547 43 11674
12096 8318 13152
13152 8318 12096
8318 12096 13152
11199 3360 5017
3360 5017 11199
5017 3360 11199
2546 4405 11084
11084 2546 4405
4405 2546 11084
14142 2808 10809
2808 10809 14142
10809 2808 14142
9514 3863 8874
3863 8874 9514
8874 3863 9514
14193 9773 10159
9773 10159 14193
10159 9773 14193
297 1881 9986
9986 297 1881
1881 297 9986
7550 3386 11998
3386 7550 11998
11998 3386 7550
4238 6309 6532
6309 4238 6532
6532 4238 6309
6265 7280 10099
7280 6265 10099
10099 6265 7280
3528 9632 14509
9632 3528 14509
14509 3528 9632
5096 2641 13499
13499 2641 5096
2641 5096 13499
13722 2421 12346
2421 12346 13722
12346 2421 13722
10161 8175 10250
10250 8175 10161
8175 10161 10250
7300 4273 7117
4273 7117 7300
7117 4273 7300
12069 10776 11468
10776 11468 12069
11468 10776 12069
9946 6773 10934
6773 9946 10934
10934 6773 9946
4098 2170 5925
5925 2170 4098
2170 4098 5925
11327 1219 1867
1867 1219 11327
1219 1867 11327
5415 9103 11688
11688 5415 9103
9103 5415 11688
14214 9738 11295
11295 9738 14214
9738 11295 14214
9703 769 12107
769 9703 12107
12107 769 9703
11373 4062 14673
14673 4062 11373
4062 11373 14673
7337 4080 5963
5963 4080 7337
4080 5963 7337
8792 4059 5715
5715 4059 8792
4059 5715 8792
9581 6743 8084
6743 8084 9581
8084 6743 9581
1181 8300 10643
10643 1181 8300
8300 1181 10643
9613 5039 9450
5039 9450 9613
9450 5039 9613
1951 4073 10315
10315 1951 4073
4073 1951 10315
558 336 3087
336 558 3087
3087 336 558
10388 1872 14432
1872 10388 14432
14432 1872 10388
13215 9067 10867
9067 10867 13215
10867 9067 13215
757 639 12154
12154 639 757
639 757 12154
7705 3130 9158
9158 3130 7705
3130 7705 9158
10108 2596 6709
2596 6709 10108
6709 2596 10108
5981 3270 8105
8105 3270 5981
3270 5981 8105
11157 1388 8465
1388 8465 11157
8465 1388 11157
8697 6015 13677
6015 8697 13677
13677 6015 8697
14190 7254 13637
7254 13637 14190
13637 7254 14190
4505 11833 14453
11833 4505 14453
14453 4505 11833
9455 813 14714
14714 813 9455
813 9455 14714
11844 7957 14722
7957 11844 14722
14722 7957 11844
8109 5844 9329
5844 8109 9329
9329 5844 8109
4515 1105 14202
1105 4515 14202
14202 1105 4515
10038 1914 3633
3633 1914 10038
1914 3633 10038
5457 7022 8765
7022 5457 8765
8765 5457 7022
994 2837 10458
10458 994 2837
2837 994 10458
4235 14733 14889
14889 4235 14733
14733 4235 14889
4244 7339 14383
7339 4244 14383
14383 4244 7339
10984 245 1396
1396 245 10984
245 1396 10984
2552 7743 12633
7743 2552 12633
12633 2552 7743
12294 8550 10245
10245 8550 12294
8550 10245 12294
1845 9007 9053
9053 1845 9007
9007 1845 9053
9623 1924 14310
14310 1924 9623
1924 9623 14310
12478 7857 14943
14943 7857 12478
7857 12478 14943
12719 3486 14345
3486 12719 14345
14345 3486 12719
14715 4776 11740
4776 11740 14715
11740 4776 14715
11260 4444 11329
4444 11260 11329
11329 4444 11260
6499 3866 14914
3866 6499 14914
14914 3866 6499
6240 3269 5339
5339 3269 6240
3269 5339 6240
3582 2287 6601
6601 2287 3582
2287 3582 6601
7961 5470 11263
5470 7961 11263
11263 5470 7961
6980 11702 11758
11758 6980 11702
11702 6980 11758
17 6544 12894
6544 17 12894
12894 17 6544
3934 7407 12203
7407 3934 12203
12203 3934 7407
14461 2468 2971
2971 2468 14461
2468 2971 14461
8451 5034 6304
5034 6304 8451
6304 5034 8451
704 9656 14384
14384 704 9656
9656 704 14384
4266 2030 8729
8729 2030 4266
2030 4266 8729
13245 1664 10738
1664 10738 13245
10738 1664 13245
7607 10907 12564
12564 7607 10907
10907 7607 12564
8842 1760 3446
3446 1760 8842
1760 3446 8842
281 1569 7555
7555 281 1569
1569 281 7555
13592 10286 13604
13604 10286 13592
10286 13592 13604
5192 44 9717
9717 44 5192
44 5192 9717
13102 6661 14507
6661 13102 14507
14507 6661 13102
9302 10238 11607
10238 9302 11607
11607 9302 10238
13673 7448 11776
11776 7448 13673
7448 11776 13673
9192 13962 14575
14575 9192 13962
13962 9192 14575
7242 12320 12417
12417 7242 12320
12320 7242 12417
512 5280 14792
5280 512 14792
14792 512 5280
8445 959 10127
10127 959 8445
959 8445 10127
4042 992 14724
14724 992 4042
992 4042 14724
2090 7689 8791
8791 2090 7689
7689 2090 8791
13774 649 14911
14911 649 13774
649 13774 14911
1851 10237 13310
13310 1851 10237
10237 1851 13310
4782 13435 14207
13435 4782 14207
14207 4782 13435
1413 2415 2834
2834 1413 2415
2415 1413 2834
13961 1441 13827
13827 1441 13961
1441 13827 13961
12546 2987 4761
2987 4761 12546
4761 2987 12546
13782 1164 14127
1164 13782 14127
14127 1164 13782
4748 3833 11555
11555 3833 4748
3833 4748 11555
6679 7965 11773
7965 6679 11773
11773 6679 7965
14265 10903 14744
10903 14265 14744
14744 10903 14265
14741 1984 13229
1984 13229 14741
13229 1984 14741
9283 12511 14134
14134 9283 12511
12511 9283 14134
7752 4534 14697
14697 4534 7752
4534 7752 14697
788 5287 8190
8190 788 5287
5287 788 8190
5549 4593 6074
6074 4593 5549
4593 5549 6074
13008 4140 14323
14323 4140 13008
4140 13008 14323
2237 3450 10560
10560 2237 3450
3450 2237 10560
4410 536 12827
536 4410 12827
12827 536 4410
10511 10950 14611
14611 10511 10950
10950 10511 14611
13668 3054 14808
14808 3054 13668
3054 13668 14808
5699 491 6100
491 5699 6100
6100 491 5699
13505 7182 14959
7182 13505 14959
14959 7182 13505
10509 2234 3020
3020 2234 10509
2234 3020 10509
11400 5164 10166
10166 5164 11400
5164 10166 11400
5917 255 4254
4254 255 5917
255 4254 5917
11248 10002 12650
12650 10002 11248
10002 11248 12650
4939 4646 10300
4646 4939 10300
10300 4646 4939
10663 5710 6581
6581 5710 10663
5710 6581 10663
8574 3293 4335
4335 3293 8574
3293 4335 8574
4655 8670 10425
10425 4655 8670
8670 4655 10425
12562 4386 9220
4386 9220 12562
9220 4386 12562
5646 3153 11789
11789 3153 5646
3153 5646 11789
5569 1952 12927
12927 1952 5569
1952 5569 12927
12207 11473 13280
13280 11473 12207
11473 12207 13280
9210 8543 9146
9146 8543 9210
8543 9146 9210
11148 7305 12741
12741 7305 11148
7305 11148 12741
9770 2335 8230
8230 2335 9770
2335 8230 9770
843 9462 13426
13426 843 9462
9462 843 13426
5431 4159 13845
4159 5431 13845
13845 4159 5431
13162 6384 13254
13254 6384 13162
6384 13162 13254
354 735 5007
735 354 5007
5007 354 735
6287 3152 12297
12297 3152 6287
3152 6287 12297
7904 10819 13700
10819 7904 13700
13700 7904 10819
14360 418 4488
418 4488 14360
4488 418 14360
9724 9128 14196
14196 9128 9724
9128 9724 14196
12634 5697 13025
13025 5697 12634
5697 12634 13025
7938 4191 7140
7140 4191 7938
4191 7140 7938
1636 6124 6219
6219 1636 6124
6124 1636 6219
7862 12392 13695
12392 7862 13695
13695 7862 12392
12283 1235 5461
5461 1235 12283
1235 5461 12283
9208 1503 7978
7978 1503 9208
1503 7978 9208
8008 1770 8361
8361 1770 8008
1770 8008 8361
5626 8121 11888
8121 5626 11888
11888 5626 8121
692 9940 12524
12524 692 9940
9940 692 12524
2761 9383 12007
12007 2761 9383
9383 2761 12007
1260 6525 10442
10442 1260 6525
6525 1260 10442
2564 2561 4061
2561 2564 4061
4061 2561 2564
3770 2844 12784
2844 3770 12784
12784 2844 3770
11840 1549 9124
1549 9124 11840
9124 1549 11840
7171 11918 13432
11918 7171 13432
13432 7171 11918
5499 1490 3748
3748 1490 5499
1490 3748 5499
14016 287 12013
287 12013 14016
12013 287 14016
12566 6314 13135
6314 12566 13135
13135 6314 12566
2013 1189 13100
13100 1189 2013
1189 2013 13100
2548 474 12086
12086 474 2548
474 2548 12086
13377 9639 9975
9975 9639 13377
9639 9975 13377
6913 156 12666
12666 156 6913
156 6913 12666
3095 9055 10061
9055 3095 10061
10061 3095 9055
945 3103 5771
5771 945 3103
3103 945 5771
12902 12349 14173
14173 12349 12902
12349 12902 14173
4394 13483 13750
13750 4394 13483
13483 4394 13750
2600 4839 13890
4839 2600 13890
13890 2600 4839
2381 14634 14960
14960 2381 14634
14634 2381 14960
13853 4919 8385
4919 8385 13853
8385 4919 13853
12830 5575 12568
12568 5575 12830
5575 12568 12830
2817 2122 5545
2122 2817 5545
5545 2122 2817
9730 5001 5743
5743 5001 9730
5001 5743 9730
8680 2318 3323
3323 2318 8680
2318 3323 8680
9957 2933 14938
2933 9957 14938
14938 2933 9957
6009 5468 11281
5468 6009 11281
11281 5468 6009
12645 2015 5296
5296 2015 12645
2015 5296 12645
4027 1597 5142
1597 4027 5142
5142 1597 4027
7229 348 12938
348 7229 12938
12938 348 7229
8945 5107 6154
5107 6154 8945
6154 5107 8945
633 1335 11201
11201 633 1335
1335 633 11201
8677 3201 12747
3201 8677 12747
12747 3201 8677
8136 7054 11919
7054 8136 11919
11919 7054 8136
11811 5890 13609
13609 5890 11811
5890 11811 13609
10911 2907 14586
14586 2907 10911
2907 10911 14586
1606 356 8739
8739 356 1606
356 1606 8739
2924 7290 14797
7290 2924 14797
14797 2924 7290
1895 190 3630
190 1895 3630
3630 190 1895
9772 10553 10878
10553 9772 10878
10878 9772 10553
7471 5678 10444
5678 7471 10444
10444 5678 7471
9709 1028 5663
5663 1028 9709
1028 5663 9709
8942 88 1340
88 1340 8942
1340 88 8942
11745 4935 6062
6062 4935 11745
4935 6062 11745
1259 1788 14992
1788 1259 14992
14992 1259 1788
4596 1927 14279
1927 4596 14279
14279 1927 4596
10767 1637 3977
1637 3977 10767
3977 1637 10767
7660 2906 7521
2906 7521 7660
7521 2906 7660
2702 10098 14805
14805 2702 10098
10098 2702 14805
13339 10102 12128
12128 10102 13339
10102 12128 13339
4927 648 912
648 912 4927
912 648 4927
5323 2693 14467
2693 5323 14467
14467 2693 5323
5551 5387 9821
5387 5551 9821
9821 5387 5551
5500 345 14382
14382 345 5500
345 5500 14382
9421 4635 8128
4635 8128 9421
8128 4635 9421
9194 5004 9931
5004 9194 9931
9931 5004 9194
737 1564 11124
1564 737 11124
11124 737 1564
388 2713 11195
2713 388 11195
11195 388 2713
5855 11121 11476
11476 5855 11121
11121 5855 11476
4317 4442 6000
4442 4317 6000
6000 4317 4442
2272 4197 14063
4197 2272 14063
14063 2272 4197
4040 4807 5684
5684 4040 4807
4807 4040 5684
10169 9041 13903
9041 10169 13903
13903 9041 10169
12800 996 6787
6787 996 12800
996 6787 12800
3853 3571 6341
6341 3571 3853
3571 3853 6341
14873 7533 12056
7533 12056 14873
12056 7533 14873
14021 389 13431
389 13431 14021
13431 389 14021
10361 4672 8156
4672 8156 10361
8156 4672 10361
8815 6387 8293
6387 8293 8815
8293 6387 8815
8364 4961 12780
4961 8364 12780
12780 4961 8364
6838 1228 14620
1228 6838 14620
14620 1228 6838
13090 7360 12778
12778 7360 13090
7360 12778 13090
11922 9998 10351
10351 9998 11922
9998 10351 11922
12667 2959 8564
8564 2959 12667
2959 8564 12667
12237 3063 3594
3594 3063 12237
3063 3594 12237
1405 7849 9436
7849 1405 9436
9436 1405 7849
1492 4033 13638
4033 1492 13638
13638 1492 4033
4843 5372 6473
5372 4843 6473
6473 4843 5372
8088 458 5773
458 5773 8088
5773 458 8088
7160 9415 13596
13596 7160 9415
9415 7160 13596
13892 3634 4422
3634 4422 13892
4422 3634 13892
3457 2089 13547
2089 3457 13547
13547 2089 3457
4668 13097 14750
13097 4668 14750
14750 4668 13097
7641 7272 8099
7272 7641 8099
8099 7272 7641
7738 5272 5367
5272 5367 7738
5367 5272 7738
6275 7015 13246
7015 6275 13246
13246 6275 7015
4937 8027 8966
8027 4937 8966
8966 4937 8027
9474 4212 12905
4212 9474 12905
12905 4212 9474
10335 2870 9582
2870 9582 10335
9582 2870 10335
12311 2625 13165
2625 12311 13165
13165 2625 12311
13975 1993 4340
1993 4340 13975
4340 1993 13975
7667 2747 14281
2747 7667 14281
14281 2747 7667
9063 1443 10242
10242 1443 9063
1443 9063 10242
10857 2477 8245
2477 8245 10857
8245 2477 10857
6069 6683 11943
11943 6069 6683
6683 6069 11943
7920 8695 10018
10018 7920 8695
8695 7920 10018
2879 4751 12839
12839 2879 4751
4751 2879 12839
13812 2771 13502
13502 2771 13812
2771 13502 13812
5870 4604 13104
13104 4604 5870
4604 5870 13104
14513 11633 14198
14198 11633 14513
11633 14198 14513
14865 1846 13361
13361 1846 14865
1846 13361 14865
11910 6650 9464
6650 9464 11910
9464 6650 11910
14454 1758 2826
2826 1758 14454
1758 2826 14454
2559 1476 14188
14188 1476 2559
1476 2559 14188
14855 1033 14483
14483 1033 14855
1033 14483 14855
9319 3998 8210
8210 3998 9319
3998 8210 9319
449 7417 8029
7417 449 8029
8029 449 7417
7316 664 12345
664 7316 12345
12345 664 7316
1319 4656 14426
14426 1319 4656
4656 1319 14426
1628 910 7656
910 1628 7656
7656 910 1628
9145 7803 14776
14776 7803 9145
7803 9145 14776
10843 4565 7384
7384 4565 10843
4565 7384 10843
7863 7202 12887
12887 7202 7863
7202 7863 12887
1545 9282 10962
10962 1545 9282
9282 1545 10962
8506 265 7579
7579 265 8506
265 7579 8506
5211 3575 14232
3575 5211 14232
14232 3575 5211
5692 7341 11880
7341 5692 11880
11880 5692 7341
13186 2723 8819
8819 2723 13186
2723 8819 13186
9035 9094 9456
9094 9035 9456
9456 9035 9094
12936 4032 6458
4032 6458 12936
6458 4032 12936
9395 11370 14379
14379 9395 11370
11370 9395 14379
12280 9729 14589
9729 12280 14589
14589 9729 12280
872 7658 7968
7658 872 7968
7968 872 7658
10376 144 13970
13970 144 10376
144 10376 13970
10753 3496 12301
12301 3496 10753
3496 10753 12301
2409 432 13719
13719 432 2409
432 2409 13719
12359 4582 5052
5052 4582 12359
4582 5052 12359
13469 2925 3541
2925 3541 13469
3541 2925 13469
2111 61 5393
5393 61 2111
61 2111 5393
4932 7165 8844
8844 4932 7165
7165 4932 8844
7071 5412 9135
9135 5412 7071
5412 7071 9135
8868 5868 9141
9141 5868 8868
5868 8868 9141
6247 14096 14884
14884 6247 14096
14096 6247 14884
5558 346 12806
346 5558 12806
12806 346 5558
9047 8145 13756
13756 8145 9047
8145 9047 13756
9611 2782 8126
8126 2782 9611
2782 8126 9611
4898 9579 12979
9579 4898 12979
12979 4898 9579
437 12216 13724
12216 437 13724
13724 437 12216
13219 1536 7039
1536 7039 13219
7039 1536 13219
14042 1688 8348
1688 8348 14042
8348 1688 14042
14526 5051 9357
5051 9357 14526
9357 5051 14526
9950 1735 7266
7266 1735 9950
1735 7266 9950
1411 4699 6357
4699 1411 6357
6357 1411 4699
5118 5871 10482
5871 5118 10482
10482 5118 5871
2916 2583 9023
2583 2916 9023
9023 2583 2916
3417 7213 12368
7213 3417 12368
12368 3417 7213
4259 1046 12425
12425 1046 4259
1046 4259 12425
3268 5506 6572
6572 3268 5506
5506 3268 6572
6104 924 2454
924 2454 6104
2454 924 6104
8217 11597 14515
14515 8217 11597
11597 8217 14515
1246 9614 14935
14935 1246 9614
9614 1246 14935
10289 7386 10804
10804 7386 10289
7386 10289 10804
6651 2883 5177
2883 5177 6651
5177 2883 6651
9034 9917 10474
10474 9034 9917
9917 9034 10474
925 3638 13399
3638 925 13399
13399 925 3638
11357 8332 11629
11629 8332 11357
8332 11357 11629
6731 2866 4820
2866 4820 6731
4820 2866 6731
2142 8529 9666
8529 2142 9666
9666 2142 8529
8885 5031 9980
9980 5031 8885
5031 8885 9980
13204 869 4276
869 4276 13204
4276 869 13204
3403 3288 4570
3288 3403 4570
4570 3288 3403
6167 6238 12908
6238 6167 12908
12908 6167 6238
4474 69 2276
2276 69 4474
69 2276 4474
1151 4796 7820
4796 1151 7820
7820 1151 4796
12525 2439 4245
2439 4245 12525
4245 2439 12525
14009 1599 1751
1599 1751 14009
1751 1599 14009
2176 770 4149
770 2176 4149
4149 770 2176
1790 302 4481
4481 302 1790
302 1790 4481
8416 3546 11685
3546 8416 11685
11685 3546 8416
2340 8877 9524
9524 2340 8877
8877 2340 9524
7105 4451 14795
14795 4451 7105
4451 7105 14795
3905 2164 9810
2164 3905 9810
9810 2164 3905
3224 3996 12812
3996 3224 12812
12812 3224 3996
11601 5439 7683
7683 5439 11601
5439 7683 11601
7437 11624 13848
11624 7437 13848
13848 7437 11624
9482 2282 14351
14351 2282 9482
2282 9482 14351
3073 1595 3745
3745 1595 3073
1595 3073 3745
10635 1250 11990
1250 10635 11990
11990 1250 10635
11591 10398 12401
12401 10398 11591
10398 11591 12401
11366 1242 1297
1297 1242 11366
1242 1297 11366
5261 7327 11757
7327 5261 11757
11757 5261 7327
12335 7619 9927
9927 7619 12335
7619 9927 12335
9806 8097 11192
8097 9806 11192
11192 8097 9806
1647 9915 14495
9915 1647 14495
14495 1647 9915
2071 1922 10626
1922 2071 10626
10626 1922 2071
3685 8280 12102
12102 3685 8280
8280 3685 12102
11923 10625 12192
10625 11923 12192
12192 10625 11923
2485 12198 14668
12198 2485 14668
14668 2485 12198
11378 4950 10979
4950 10979 11378
10979 4950 11378
7210 12614 14408
12614 7210 14408
14408 7210 12614
2676 2673 11731
2673 2676 11731
11731 2673 2676
6381 7513 11846
7513 6381 11846
11846 6381 7513
14472 6345 7748
6345 7748 14472
7748 6345 14472
6160 7625 14701
14701 6160 7625
7625 6160 14701
13009 6102 6319
6102 6319 13009
6319 6102 13009
3865 9120 11551
9120 3865 11551
11551 3865 9120
3022 12394 13333
12394 3022 13333
13333 3022 12394
13840 6273 13586
13586 6273 13840
6273 13586 13840
5931 243 6983
243 5931 6983
6983 243 5931
1997 10951 13573
13573 1997 10951
10951 1997 13573
3277 2648 14115
2648 3277 14115
14115 2648 3277
9972 1672 14409
14409 1672 9972
1672 9972 14409
10800 3440 5947
5947 3440 10800
3440 5947 10800
13856 1341 8034
8034 1341 13856
1341 8034 13856
8706 4875 12289
12289 4875 8706
4875 8706 12289
3984 85 5494
5494 85 3984
85 3984 5494
2229 9812 13775
9812 2229 13775
13775 2229 9812
3177 11221 12649
11221 3177 12649
12649 3177 11221
6496 893 3400
893 3400 6496
3400 893 6496
6640 12465 14511
12465 6640 14511
14511 6640 12465
12766 3469 13252
3469 12766 13252
13252 3469 12766
9027 7974 14486
7974 9027 14486
14486 7974 9027
10617 5580 14390
5580 10617 14390
14390 5580 10617
2887 3676 3689
3676 2887 3689
3689 2887 3676
1125 2606 3882
2606 1125 3882
3882 1125 2606
13352 2131 12557
12557 2131 13352
2131 12557 13352
693 5521 14784
14784 693 5521
5521 693 14784
14473 7584 11564
7584 11564 14473
11564 7584 14473
6073 4161 13272
13272 4161 6073
4161 6073 13272
3396 298 7067
298 3396 7067
7067 298 3396
4606 1268 5976
5976 1268 4606
1268 4606 5976
14925 9059 11876
11876 9059 14925
9059 11876 14925
13836 13293 14980
13293 13836 14980
14980 13293 13836
6109 6727 10508
10508 6109 6727
6727 6109 10508
3631 5305 13523
5305 3631 13523
13523 3631 5305
8113 4745 9470
9470 4745 8113
4745 8113 9470
10327 3245 8904
8904 3245 10327
3245 8904 10327
14419 13674 14903
13674 14419 14903
14903 13674 14419
4002 6531 11303
6531 4002 11303
11303 4002 6531
2825 8780 13464
8780 2825 13464
13464 2825 8780
333 4096 7639
7639 333 4096
4096 333 7639
14652 10399 10420
10399 10420 14652
10420 10399 14652
290 977 8682
977 290 8682
8682 290 977
2664 3993 12976
3993 2664 12976
12976 2664 3993
11971 9042 9137
9137 9042 11971
9042 9137 11971
4576 6670 9534
6670 4576 9534
9534 4576 6670
9206 5709 13648
5709 9206 13648
13648 5709 9206
2568 2820 10572
