6273 1633 7539
7539 1633 6273
1633 6273 7539
12768 9443 9446
9443 9446 12768
9446 9443 12768
10334 7416 14468
7416 10334 14468
14468 7416 10334
14870 6143 14302
14302 6143 14870
6143 14302 14870
8339 3145 6547
6547 3145 8339
3145 6547 8339
1270 1161 4384
4384 1161 1270
1161 1270 4384
3323 1642 10479
10479 1642 3323
1642 3323 10479
7116 3691 10280
10280 3691 7116
3691 7116 10280
7383 7183 9548
7183 7383 9548
9548 7183 7383
9933 7526 12798
12798 7526 9933
7526 9933 12798
12529 3642 5744
5744 3642 12529
3642 5744 12529
11460 739 11885
739 11460 11885
11885 739 11460
6793 9772 13353
13353 6793 9772
9772 6793 13353
1782 4839 7971
4839 1782 7971
7971 1782 4839
5884 343 11060
11060 343 5884
343 5884 11060
14647 10434 14139
10434 14139 14647
14139 10434 14647
1982 3576 10769
10769 1982 3576
3576 1982 10769
6510 6943 11064
11064 6510 6943
6943 6510 11064
9170 9832 14539
14539 9170 9832
9832 9170 14539
1870 538 10513
538 1870 10513
10513 538 1870
9043 6434 7781
6434 7781 9043
7781 6434 9043
10258 673 7181
673 7181 10258
7181 673 10258
13179 4695 13884
4695 13179 13884
13884 4695 13179
13237 2176 3275
3275 2176 13237
2176 3275 13237
11107 4491 8767
8767 4491 11107
4491 8767 11107
5023 11858 13180
13180 5023 11858
11858 5023 13180
3559 2809 9064
9064 2809 3559
2809 3559 9064
1314 987 10332
987 1314 10332
10332 987 1314
12936 2951 4603
4603 2951 12936
2951 4603 12936
11157 8989 11137
11137 8989 11157
8989 11137 11157
9988 5633 14069
5633 9988 14069
14069 5633 9988
6590 3715 6792
6792 3715 6590
3715 6590 6792
9800 3438 13141
3438 9800 13141
13141 3438 9800
8574 2912 13732
2912 8574 13732
13732 2912 8574
3202 9582 10817
10817 3202 9582
9582 3202 10817
9660 3867 8998
3867 8998 9660
8998 3867 9660
6724 1640 5289
1640 5289 6724
5289 1640 6724
2086 8607 9616
8607 2086 9616
9616 2086 8607
2065 465 14222
14222 465 2065
465 2065 14222
4553 7989 8049
8049 4553 7989
7989 4553 8049
10450 4535 9317
9317 4535 10450
4535 9317 10450
6913 1486 3525
1486 3525 6913
3525 1486 6913
8028 9362 14648
9362 8028 14648
14648 8028 9362
6615 4684 8343
4684 6615 8343
8343 4684 6615
3103 4292 13582
13582 3103 4292
4292 3103 13582
2863 956 11777
956 2863 11777
11777 956 2863
6021 1100 7054
7054 1100 6021
1100 6021 7054
2312 1108 14108
14108 1108 2312
1108 2312 14108
3206 7674 14708
7674 3206 14708
14708 3206 7674
609 4876 8715
8715 609 4876
4876 609 8715
6605 1517 4071
4071 1517 6605
1517 4071 6605
7308 346 10855
346 7308 10855
10855 346 7308
9031 849 6235
849 6235 9031
6235 849 9031
3580 11617 13865
13865 3580 11617
11617 3580 13865
13723 1713 4305
1713 4305 13723
4305 1713 13723
7420 1241 14257
14257 1241 7420
1241 7420 14257
7955 3258 4101
3258 4101 7955
4101 3258 7955
14192 4251 9612
4251 9612 14192
9612 4251 14192
10051 3680 4388
4388 3680 10051
3680 4388 10051
2591 201 3490
3490 201 2591
201 2591 3490
3919 4801 9727
9727 3919 4801
4801 3919 9727
11153 6059 14316
14316 6059 11153
6059 11153 14316
13131 5192 5354
5192 5354 13131
5354 5192 13131
5508 6560 12224
12224 5508 6560
6560 5508 12224
2570 655 977
977 655 2570
655 977 2570
8907 1559 2301
2301 1559 8907
1559 2301 8907
6376 7750 9272
9272 6376 7750
7750 6376 9272
2290 2012 4334
2012 2290 4334
4334 2012 2290
318 2969 14154
2969 318 14154
14154 318 2969
3344 3682 6548
6548 3344 3682
3682 3344 6548
8215 4704 7161
4704 7161 8215
7161 4704 8215
3650 308 5291
308 3650 5291
5291 308 3650
11409 8213 14795
14795 8213 11409
8213 11409 14795
6867 3070 13821
13821 3070 6867
3070 6867 13821
14467 4464 6222
6222 4464 14467
4464 6222 14467
8947 3780 14441
14441 3780 8947
3780 8947 14441
7509 3422 12145
3422 7509 12145
12145 3422 7509
1123 3904 10359
3904 1123 10359
10359 1123 3904
479 5559 8341
5559 479 8341
8341 479 5559
2523 8831 13735
8831 2523 13735
13735 2523 8831
14632 144 1502
1502 144 14632
144 1502 14632
1776 13612 13938
13938 1776 13612
13612 1776 13938
5342 8031 8846
8031 5342 8846
8846 5342 8031
12800 2753 3951
3951 2753 12800
2753 3951 12800
12881 1667 12556
1667 12556 12881
12556 1667 12881
13351 11599 14325
14325 11599 13351
11599 13351 14325
7604 3602 13586
13586 3602 7604
3602 7604 13586
5905 9942 13173
13173 5905 9942
9942 5905 13173
14354 7923 14567
7923 14354 14567
14567 7923 14354
7296 3961 10913
10913 3961 7296
3961 7296 10913
267 3819 6504
6504 267 3819
3819 267 6504
5464 4019 11682
11682 4019 5464
4019 5464 11682
2483 8993 9149
9149 2483 8993
8993 2483 9149
11139 9801 10562
10562 9801 11139
9801 10562 11139
3426 1981 2920
2920 1981 3426
1981 2920 3426
4983 248 442
442 248 4983
248 442 4983
12893 2500 11888
2500 11888 12893
11888 2500 12893
10749 193 5823
193 5823 10749
5823 193 10749
13643 9943 13589
13589 9943 13643
9943 13589 13643
681 11379 13313
13313 681 11379
11379 681 13313
13667 135 3897
3897 135 13667
135 3897 13667
1021 7545 8183
7545 1021 8183
8183 1021 7545
10391 4523 6539
6539 4523 10391
4523 6539 10391
11497 10210 13157
10210 11497 13157
13157 10210 11497
10091 7981 10374
10374 7981 10091
7981 10091 10374
14123 5200 10253
10253 5200 14123
5200 10253 14123
13649 9524 13691
9524 13649 13691
13691 9524 13649
10972 968 4555
4555 968 10972
968 4555 10972
5573 10809 14007
10809 5573 14007
14007 5573 10809
2249 6895 11134
11134 2249 6895
6895 2249 11134
14917 6498 8624
6498 8624 14917
8624 6498 14917
14945 66 7427
7427 66 14945
66 7427 14945
8536 6099 13585
13585 6099 8536
6099 8536 13585
12217 1646 12604
12604 1646 12217
1646 12217 12604
6731 2769 3570
3570 2769 6731
2769 3570 6731
12553 7062 13579
7062 12553 13579
13579 7062 12553
14496 2692 9866
9866 2692 14496
2692 9866 14496
4268 4655 11322
11322 4268 4655
4655 4268 11322
12741 1840 3788
3788 1840 12741
1840 3788 12741
8587 1416 6518
1416 6518 8587
6518 1416 8587
10623 2377 13271
13271 2377 10623
2377 10623 13271
14514 4381 11877
4381 11877 14514
11877 4381 14514
11517 6596 12944
6596 11517 12944
12944 6596 11517
4234 12066 13470
12066 4234 13470
13470 4234 12066
5361 2202 3062
3062 2202 5361
2202 3062 5361
13709 9027 14761
14761 9027 13709
9027 13709 14761
7044 4263 9885
9885 4263 7044
4263 7044 9885
14074 2114 12391
12391 2114 14074
2114 12391 14074
9082 8366 14694
14694 8366 9082
8366 9082 14694
14863 3179 8952
3179 8952 14863
8952 3179 14863
10429 5576 11266
11266 5576 10429
5576 10429 11266
4767 3816 14811
14811 3816 4767
3816 4767 14811
14798 2098 11717
2098 11717 14798
11717 2098 14798
5653 467 13941
467 5653 13941
13941 467 5653
1288 4827 11228
4827 1288 11228
11228 1288 4827
1283 3441 5224
5224 1283 3441
3441 1283 5224
1563 8783 9672
8783 1563 9672
9672 1563 8783
5947 9977 10578
10578 5947 9977
9977 5947 10578
5504 1025 6597
1025 5504 6597
6597 1025 5504
9450 4670 6496
6496 4670 9450
4670 6496 9450
12588 5118 6948
5118 6948 12588
6948 5118 12588
1977 11748 14208
11748 1977 14208
14208 1977 11748
2785 118 13542
118 2785 13542
13542 118 2785
3727 6485 9719
9719 3727 6485
6485 3727 9719
7166 2825 7203
7203 2825 7166
2825 7166 7203
3815 6958 14554
14554 3815 6958
6958 3815 14554
7896 452 14378
452 7896 14378
14378 452 7896
3476 394 6477
394 3476 6477
6477 394 3476
11969 3933 4480
3933 4480 11969
4480 3933 11969
14769 9952 11765
11765 9952 14769
9952 11765 14769
613 2329 11334
2329 613 11334
11334 613 2329
4500 11453 14742
11453 4500 14742
14742 4500 11453
3030 2106 3549
2106 3030 3549
3549 2106 3030
8485 2075 13007
13007 2075 8485
2075 8485 13007
12212 1578 10573
10573 1578 12212
1578 10573 12212
9090 969 7784
7784 969 9090
969 7784 9090
668 1443 7745
7745 668 1443
1443 668 7745
4243 13213 14819
13213 4243 14819
14819 4243 13213
6095 2618 4645
2618 4645 6095
4645 2618 6095
11710 1285 11688
11688 1285 11710
1285 11688 11710
1409 3183 13789
13789 1409 3183
3183 1409 13789
5097 2930 5417
2930 5097 5417
5417 2930 5097
11532 5283 11693
5283 11532 11693
11693 5283 11532
4888 1053 2482
2482 1053 4888
1053 2482 4888
3942 257 1741
1741 257 3942
257 1741 3942
10137 2138 8194
8194 2138 10137
2138 8194 10137
11538 3694 7254
7254 3694 11538
3694 7254 11538
12268 12213 14450
14450 12213 12268
12213 12268 14450
751 4376 13043
13043 751 4376
4376 751 13043
7883 3507 13891
13891 3507 7883
3507 7883 13891
14057 9209 10375
10375 9209 14057
9209 10375 14057
3159 2584 5251
5251 2584 3159
2584 3159 5251
9410 7333 7738
7333 7738 9410
7738 7333 9410
9084 2331 3860
2331 3860 9084
3860 2331 9084
847 13882 14661
13882 847 14661
14661 847 13882
7466 9038 11112
11112 7466 9038
9038 7466 11112
12685 2653 14976
2653 12685 14976
14976 2653 12685
13980 396 7610
7610 396 13980
396 7610 13980
5932 4461 6432
4461 5932 6432
6432 4461 5932
1360 5549 8882
8882 1360 5549
5549 1360 8882
8208 6051 11326
6051 8208 11326
11326 6051 8208
7927 11200 12215
11200 7927 12215
12215 7927 11200
8572 7316 8944
7316 8572 8944
8944 7316 8572
3850 9938 9950
9950 3850 9938
9938 3850 9950
4669 38 3741
38 3741 4669
3741 38 4669
8786 5167 5952
5167 5952 8786
5952 5167 8786
10007 7135 10386
7135 10007 10386
10386 7135 10007
10398 3671 7436
7436 3671 10398
3671 7436 10398
7514 961 12053
12053 961 7514
961 7514 12053
4288 5913 9476
5913 4288 9476
9476 4288 5913
6803 3284 9559
9559 3284 6803
3284 6803 9559
6613 4118 8594
4118 6613 8594
8594 4118 6613
8275 6886 14517
14517 6886 8275
6886 8275 14517
12141 6365 9301
9301 6365 12141
6365 9301 12141
3209 3432 6907
6907 3209 3432
3432 3209 6907
5454 568 6061
568 5454 6061
6061 568 5454
7984 9368 14226
9368 7984 14226
14226 7984 9368
230 5110 5687
5110 230 5687
5687 230 5110
2441 8100 12818
8100 2441 12818
12818 2441 8100
8834 3440 6204
6204 3440 8834
3440 6204 8834
9285 12088 13852
13852 9285 12088
12088 9285 13852
227 7351 14928
7351 227 14928
14928 227 7351
5835 8267 8658
8658 5835 8267
8267 5835 8658
9739 16 5411
5411 16 9739
16 5411 9739
14173 403 9292
9292 403 14173
403 9292 14173
14291 5725 9824
9824 5725 14291
5725 9824 14291
1022 289 2073
289 1022 2073
2073 289 1022
3149 10911 12018
12018 3149 10911
10911 3149 12018
3578 4382 7446
7446 3578 4382
4382 3578 7446
9085 4625 13291
4625 9085 13291
13291 4625 9085
7532 1210 10675
1210 7532 10675
10675 1210 7532
11516 4598 13404
4598 11516 13404
13404 4598 11516
1198 3973 11689
11689 1198 3973
3973 1198 11689
5250 5320 7598
5320 5250 7598
7598 5250 5320
3192 4831 8589
4831 3192 8589
8589 3192 4831
14882 1996 12609
1996 12609 14882
12609 1996 14882
764 6928 13853
13853 764 6928
6928 764 13853
486 9793 11498
9793 486 11498
11498 486 9793
11960 4041 11018
11018 4041 11960
4041 11018 11960
5811 1626 5895
5895 1626 5811
1626 5811 5895
8030 9755 11258
9755 8030 11258
11258 8030 9755
1454 3956 8163
8163 1454 3956
3956 1454 8163
11818 6464 6942
6464 6942 11818
6942 6464 11818
7403 5610 8562
8562 5610 7403
5610 7403 8562
13175 3236 7848
7848 3236 13175
3236 7848 13175
13588 1350 14842
1350 13588 14842
14842 1350 13588
6530 6735 13101
6735 6530 13101
13101 6530 6735
13130 42 9406
9406 42 13130
42 9406 13130
11635 881 3742
881 3742 11635
3742 881 11635
12697 5661 6439
5661 6439 12697
6439 5661 12697
7162 5495 11772
11772 5495 7162
5495 7162 11772
2436 4780 13960
13960 2436 4780
4780 2436 13960
10866 7592 11252
11252 7592 10866
7592 10866 11252
8460 6483 13437
6483 8460 13437
13437 6483 8460
14079 3487 6460
6460 3487 14079
3487 6460 14079
14099 2700 11589
2700 11589 14099
11589 2700 14099
2306 13615 14981
13615 2306 14981
14981 2306 13615
9997 938 2404
2404 938 9997
938 2404 9997
6644 5056 14685
5056 6644 14685
14685 5056 6644
5701 7892 12763
12763 5701 7892
7892 5701 12763
13715 5973 13430
13430 5973 13715
5973 13430 13715
10837 1249 12198
12198 1249 10837
1249 10837 12198
9331 2373 11723
2373 9331 11723
11723 2373 9331
4362 1690 4945
1690 4362 4945
4945 1690 4362
10850 462 777
777 462 10850
462 777 10850
2710 9171 13049
9171 2710 13049
13049 2710 9171
6570 6320 9893
9893 6320 6570
6320 6570 9893
2864 13346 14445
13346 2864 14445
14445 2864 13346
2353 1066 10301
1066 2353 10301
10301 1066 2353
12891 13564 13955
13564 12891 13955
13955 12891 13564
7160 663 14429
14429 663 7160
663 7160 14429
4646 1302 7165
1302 4646 7165
7165 1302 4646
6520 14076 14270
14270 6520 14076
14076 6520 14270
8059 5353 12676
12676 5353 8059
5353 8059 12676
10798 82 3943
82 3943 10798
3943 82 10798
6926 104 12956
104 6926 12956
12956 104 6926
12980 10788 10900
10900 10788 12980
10788 10900 12980
7186 310 2102
2102 310 7186
310 2102 7186
1158 10876 12743
10876 1158 12743
12743 1158 10876
14757 419 6058
419 6058 14757
6058 419 14757
10862 7434 9008
7434 9008 10862
9008 7434 10862
4377 1215 14485
1215 4377 14485
14485 1215 4377
6935 10574 12771
12771 6935 10574
10574 6935 12771
5036 6839 13058
13058 5036 6839
6839 5036 13058
4698 1936 12090
12090 1936 4698
1936 4698 12090
11485 11634 14077
11634 11485 14077
14077 11485 11634
7305 2453 3488
2453 3488 7305
3488 2453 7305
4782 8854 13810
13810 4782 8854
8854 4782 13810
12479 1321 6293
6293 1321 12479
1321 6293 12479
1370 3728 14073
14073 1370 3728
3728 1370 14073
1133 7942 11563
11563 1133 7942
7942 1133 11563
12740 1187 9779
1187 9779 12740
9779 1187 12740
12854 11011 12756
11011 12756 12854
12756 11011 12854
8364 2634 12065
2634 8364 12065
12065 2634 8364
11344 11230 12488
11230 11344 12488
12488 11230 11344
7042 6245 14884
6245 7042 14884
14884 6245 7042
10095 3223 12610
3223 10095 12610
12610 3223 10095
12796 661 5514
5514 661 12796
661 5514 12796
7688 10456 12838
12838 7688 10456
10456 7688 12838
3945 3194 12027
3194 3945 12027
12027 3194 3945
1620 6029 13082
13082 1620 6029
6029 1620 13082
2480 5362 8692
8692 2480 5362
5362 2480 8692
12122 4297 6747
6747 4297 12122
4297 6747 12122
6158 5025 13495
5025 6158 13495
13495 5025 6158
5553 6361 10281
6361 5553 10281
10281 5553 6361
8763 9676 11184
11184 8763 9676
9676 8763 11184
445 5924 10556
10556 445 5924
5924 445 10556
1064 5597 6830
6830 1064 5597
5597 1064 6830
2738 3793 3977
3793 2738 3977
3977 2738 3793
1125 7538 11043
11043 1125 7538
7538 1125 11043
9703 6807 12602
6807 9703 12602
12602 6807 9703
8204 6398 6806
6806 6398 8204
6398 6806 8204
5710 2657 14946
2657 5710 14946
14946 2657 5710
13223 6524 11404
11404 6524 13223
6524 11404 13223
7050 3656 11565
3656 7050 11565
11565 3656 7050
10468 4076 11855
4076 10468 11855
11855 4076 10468
11387 2909 8304
8304 2909 11387
2909 8304 11387
7363 6702 14238
6702 7363 14238
14238 6702 7363
10070 3733 4126
3733 4126 10070
4126 3733 10070
11601 11441 14860
14860 11441 11601
11441 11601 14860
13224 1113 4867
1113 4867 13224
4867 1113 13224
3281 10357 13934
13934 3281 10357
10357 3281 13934
13233 2869 2894
2869 2894 13233
2894 2869 13233
12371 9826 13551
13551 9826 12371
9826 12371 13551
2132 5485 6481
5485 2132 6481
6481 2132 5485
9126 12680 14156
14156 9126 12680
12680 9126 14156
11166 7547 10001
7547 10001 11166
10001 7547 11166
2555 6117 14029
14029 2555 6117
6117 2555 14029
7902 9011 13580
9011 7902 13580
13580 7902 9011
8432 2731 7003
2731 7003 8432
7003 2731 8432
9827 8071 14754
8071 9827 14754
14754 8071 9827
11206 3182 13854
13854 3182 11206
3182 11206 13854
11465 11295 12788
11295 11465 12788
12788 11295 11465
6071 2727 8808
8808 2727 6071
2727 6071 8808
6779 6216 11277
6216 6779 11277
11277 6216 6779
5624 1551 6286
6286 1551 5624
1551 5624 6286
10111 8752 13718
13718 8752 10111
8752 10111 13718
9235 4154 6888
4154 6888 9235
6888 4154 9235
5254 589 14878
14878 589 5254
589 5254 14878
2382 3059 13354
3059 2382 13354
13354 2382 3059
7437 928 9202
928 7437 9202
9202 928 7437
7454 4894 9174
9174 4894 7454
4894 7454 9174
10500 12564 13182
12564 10500 13182
13182 10500 12564
11917 4571 11169
11169 4571 11917
4571 11169 11917
3326 8530 11213
11213 3326 8530
8530 3326 11213
8660 7323 8611
7323 8611 8660
8611 7323 8660
13277 4060 10947
10947 4060 13277
4060 10947 13277
947 1588 6646
1588 947 6646
6646 947 1588
7502 10532 12327
10532 7502 12327
12327 7502 10532
6563 6729 9868
6729 6563 9868
9868 6563 6729
348 6799 11982
6799 348 11982
11982 348 6799
3896 792 12374
792 3896 12374
12374 792 3896
12152 4469 10999
4469 10999 12152
10999 4469 12152
14245 10721 13620
13620 10721 14245
10721 13620 14245
10871 7317 12420
7317 10871 12420
12420 7317 10871
12875 12253 14159
14159 12253 12875
12253 12875 14159
14191 319 8297
319 8297 14191
8297 319 14191
5980 485 10826
10826 485 5980
485 5980 10826
8376 3806 13792
3806 8376 13792
13792 3806 8376
1607 2303 3033
3033 1607 2303
2303 1607 3033
10794 2497 11513
11513 2497 10794
2497 10794 11513
657 8378 14546
8378 657 14546
14546 657 8378
381 598 3003
598 381 3003
3003 381 598
8373 2263 9083
2263 8373 9083
9083 2263 8373
243 12416 13885
13885 243 12416
12416 243 13885
10035 627 13742
13742 627 10035
627 10035 13742
12731 1953 2616
2616 1953 12731
1953 2616 12731
8179 1962 6009
1962 6009 8179
6009 1962 8179
2163 788 4639
788 2163 4639
4639 788 2163
1102 11602 11981
11981 1102 11602
11602 1102 11981
14780 1044 9330
9330 1044 14780
1044 9330 14780
797 4406 10816
4406 797 10816
10816 797 4406
11183 11201 11968
11968 11183 11201
11201 11183 11968
14573 1864 4812
4812 1864 14573
1864 4812 14573
8920 7968 10536
10536 7968 8920
7968 8920 10536
6781 210 4881
4881 210 6781
210 4881 6781
6692 4182 8126
8126 4182 6692
4182 6692 8126
5863 7028 13057
7028 5863 13057
13057 5863 7028
4348 6768 8727
6768 4348 8727
8727 4348 6768
14423 10889 14854
10889 14423 14854
14854 10889 14423
4661 6089 7016
6089 4661 7016
7016 4661 6089
530 9250 14480
9250 530 14480
14480 530 9250
8583 6956 14447
6956 8583 14447
14447 6956 8583
11572 3781 11835
11835 3781 11572
3781 11572 11835
6764 9306 10553
9306 6764 10553
10553 6764 9306
7672 6076 11819
6076 7672 11819
11819 6076 7672
161 950 2622
2622 161 950
950 161 2622
2800 2452 6500
2452 2800 6500
6500 2452 2800
3026 4680 14020
14020 3026 4680
4680 3026 14020
14894 4474 8075
8075 4474 14894
4474 8075 14894
6808 2916 4309
2916 4309 6808
4309 2916 6808
7264 5736 12946
12946 5736 7264
5736 7264 12946
8445 4163 9334
4163 8445 9334
9334 4163 8445
5865 5343 14178
14178 5343 5865
5343 5865 14178
6455 2022 11830
2022 6455 11830
11830 2022 6455
1096 744 6002
6002 744 1096
744 1096 6002
14420 3615 12967
3615 12967 14420
12967 3615 14420
569 5628 9495
9495 569 5628
5628 569 9495
4686 12425 13378
13378 4686 12425
12425 4686 13378
13198 3477 6146
3477 6146 13198
6146 3477 13198
14455 5805 11949
5805 11949 14455
11949 5805 14455
8788 7940 10267
7940 8788 10267
10267 7940 8788
778 7655 11678
11678 778 7655
7655 778 11678
1562 6681 14202
6681 1562 14202
14202 1562 6681
14662 986 5983
986 5983 14662
5983 986 14662
2167 665 7974
7974 665 2167
665 2167 7974
8529 7019 13743
13743 7019 8529
7019 8529 13743
4941 4608 9829
4608 4941 9829
9829 4608 4941
2639 2027 9691
2027 2639 9691
9691 2027 2639
6771 14558 14851
14558 6771 14851
14851 6771 14558
7673 7830 10153
7830 7673 10153
10153 7673 7830
13024 7444 10064
7444 10064 13024
10064 7444 13024
246 8416 13142
8416 246 13142
13142 246 8416
7893 6511 10276
10276 6511 7893
6511 7893 10276
6811 2029 13996
13996 2029 6811
2029 6811 13996
4768 3134 13656
13656 3134 4768
3134 4768 13656
11709 2218 8792
8792 2218 11709
2218 8792 11709
666 11193 11579
11579 666 11193
11193 666 11579
13840 3310 7029
7029 3310 13840
3310 7029 13840
10234 2208 14792
14792 2208 10234
2208 10234 14792
11109 186 2896
186 2896 11109
2896 186 11109
2152 8381 13041
8381 2152 13041
13041 2152 8381
7849 2150 10289
10289 2150 7849
2150 7849 10289
307 9716 10245
9716 307 10245
10245 307 9716
12865 2744 6820
6820 2744 12865
2744 6820 12865
2067 1159 14642
14642 1159 2067
1159 2067 14642
12963 10178 12478
10178 12478 12963
12478 10178 12963
5091 11784 14566
11784 5091 14566
14566 5091 11784
7017 5413 10147
10147 5413 7017
5413 7017 10147
11918 9656 13768
9656 11918 13768
13768 9656 11918
6345 7093 13985
13985 6345 7093
7093 6345 13985
10315 886 12302
886 10315 12302
12302 886 10315
8188 2219 12807
2219 8188 12807
12807 2219 8188
10455 5430 9427
5430 9427 10455
9427 5430 10455
10397 6367 12941
6367 10397 12941
12941 6367 10397
12142 12998 13215
13215 12142 12998
12998 12142 13215
8268 3984 7659
7659 3984 8268
3984 7659 8268
7842 13069 13601
13601 7842 13069
13069 7842 13601
13154 9520 10369
10369 9520 13154
9520 10369 13154
2112 154 13406
154 2112 13406
13406 154 2112
2904 3752 14038
3752 2904 14038
14038 2904 3752
14406 6739 10133
10133 6739 14406
6739 10133 14406
13282 5997 14323
5997 13282 14323
14323 5997 13282
5787 7764 11105
7764 5787 11105
11105 5787 7764
1180 424 2917
424 1180 2917
2917 424 1180
1374 2697 9609
2697 1374 9609
9609 1374 2697
11026 6987 9502
9502 6987 11026
6987 9502 11026
5564 5875 11001
5875 5564 11001
11001 5564 5875
2300 2598 9838
9838 2300 2598
2598 2300 9838
8383 10460 13490
10460 8383 13490
13490 8383 10460
387 774 1129
774 387 1129
1129 387 774
14010 1814 10605
10605 1814 14010
1814 10605 14010
340 2646 10350
10350 340 2646
2646 340 10350
11554 4020 14126
4020 11554 14126
14126 4020 11554
12714 13448 14689
13448 12714 14689
14689 12714 13448
14883 5968 6912
6912 5968 14883
5968 6912 14883
1572 7685 12165
7685 1572 12165
12165 1572 7685
2631 6493 7774
6493 2631 7774
7774 2631 6493
8992 2499 8541
8541 2499 8992
2499 8541 8992
8781 2850 8306
2850 8306 8781
8306 2850 8781
2982 1363 13496
13496 1363 2982
1363 2982 13496
3610 3546 12996
3546 3610 12996
12996 3546 3610
4890 8127 10100
10100 4890 8127
8127 4890 10100
2101 4190 10475
4190 2101 10475
10475 2101 4190
10692 10438 12691
12691 10438 10692
10438 10692 12691
14473 5560 13135
5560 13135 14473
13135 5560 14473
13036 8671 11616
11616 8671 13036
8671 11616 13036
7993 3968 14756
14756 3968 7993
3968 7993 14756
1966 9835 14024
14024 1966 9835
9835 1966 14024
10800 8890 12518
8890 10800 12518
12518 8890 10800
9857 2595 12109
12109 2595 9857
2595 9857 12109
3016 7733 14587
7733 3016 14587
14587 3016 7733
10507 5517 12977
12977 5517 10507
5517 10507 12977
9136 11615 13107
11615 9136 13107
13107 9136 11615
10019 2715 7996
2715 7996 10019
7996 2715 10019
1132 5804 13487
13487 1132 5804
5804 1132 13487
9878 11345 14830
11345 9878 14830
14830 9878 11345
8168 10378 14132
10378 8168 14132
14132 8168 10378
13480 851 942
851 942 13480
942 851 13480
7621 5067 5634
5067 5634 7621
5634 5067 7621
14550 10908 12387
12387 10908 14550
10908 12387 14550
4591 6198 7299
7299 4591 6198
6198 4591 7299
648 2706 6818
6818 648 2706
2706 648 6818
13894 3563 12820
12820 3563 13894
3563 12820 13894
8131 4453 7455
4453 7455 8131
7455 4453 8131
8664 10973 13714
10973 8664 13714
13714 8664 10973
11242 329 5123
5123 329 11242
329 5123 11242
2994 1778 8638
1778 2994 8638
8638 1778 2994
2978 1704 2338
1704 2338 2978
2338 1704 2978
6523 2348 3193
2348 3193 6523
3193 2348 6523
9855 5088 12645
5088 9855 12645
12645 5088 9855
1717 351 10687
351 1717 10687
10687 351 1717
11822 9877 10032
10032 9877 11822
9877 10032 11822
3859 12037 14887
14887 3859 12037
12037 3859 14887
11413 2425 6008
6008 2425 11413
2425 6008 11413
9510 3706 10196
3706 9510 10196
10196 3706 9510
14512 10015 11410
10015 11410 14512
11410 10015 14512
13710 2236 6507
2236 6507 13710
6507 2236 13710
7094 4085 11101
11101 4085 7094
4085 7094 11101
2900 6997 14638
14638 2900 6997
6997 2900 14638
9587 1744 2755
2755 1744 9587
1744 2755 9587
5450 929 9233
9233 929 5450
929 5450 9233
4239 3358 7209
7209 3358 4239
3358 4239 7209
5585 1504 1747
1747 1504 5585
1504 1747 5585
5960 2191 11758
11758 2191 5960
2191 5960 11758
4735 2490 7744
7744 2490 4735
2490 4735 7744
12577 4551 12243
4551 12243 12577
12243 4551 12577
13083 63 11428
11428 63 13083
63 11428 13083
5963 8160 11108
11108 5963 8160
8160 5963 11108
6006 10302 13159
13159 6006 10302
10302 6006 13159
9870 1875 2666
1875 2666 9870
2666 1875 9870
2834 6821 8247
6821 2834 8247
8247 2834 6821
9407 953 11086
11086 953 9407
953 9407 11086
2637 5159 13478
5159 2637 13478
13478 2637 5159
2841 11659 14783
11659 2841 14783
14783 2841 11659
11141 8022 10584
10584 8022 11141
8022 10584 11141
5298 4989 8156
8156 4989 5298
4989 5298 8156
10352 7865 8840
7865 8840 10352
8840 7865 10352
12600 2103 3833
2103 3833 12600
3833 2103 12600
176 3503 3905
3905 176 3503
3503 176 3905
9461 1794 2630
2630 1794 9461
1794 2630 9461
13009 2016 8242
8242 2016 13009
2016 8242 13009
3413 6904 14735
14735 3413 6904
6904 3413 14735
13497 8593 13603
13603 8593 13497
8593 13497 13603
2934 482 4021
482 2934 4021
4021 482 2934
9614 2533 8610
8610 2533 9614
2533 8610 9614
6879 8470 10892
10892 6879 8470
8470 6879 10892
13492 2024 5909
2024 5909 13492
5909 2024 13492
103 5647 6656
6656 103 5647
5647 103 6656
2758 2255 12665
12665 2255 2758
2255 2758 12665
10024 2892 11564
11564 2892 10024
2892 10024 11564
185 5128 5357
5128 185 5357
5357 185 5128
11934 1203 12554
12554 1203 11934
1203 11934 12554
1398 8152 13061
13061 1398 8152
8152 1398 13061
12723 2953 8467
8467 2953 12723
2953 8467 12723
2873 2464 7899
2464 2873 7899
7899 2464 2873
9740 13940 14122
14122 9740 13940
13940 9740 14122
4509 4592 6847
6847 4509 4592
4592 4509 6847
7430 4862 10550
10550 4862 7430
4862 7430 10550
14044 7241 14724
14724 7241 14044
7241 14044 14724
11089 563 9685
563 9685 11089
9685 563 11089
3783 7199 7485
7199 3783 7485
7485 3783 7199
9736 6723 10624
6723 9736 10624
10624 6723 9736
2997 10690 12221
12221 2997 10690
10690 2997 12221
2553 1084 4507
4507 1084 2553
1084 2553 4507
7185 366 10132
10132 366 7185
366 7185 10132
10767 8197 13774
8197 10767 13774
13774 8197 10767
7910 10590 12702
12702 7910 10590
10590 7910 12702
10694 12296 12926
12926 10694 12296
12296 10694 12926
12601 9103 9960
9960 9103 12601
9103 9960 12601
887 5967 13909
13909 887 5967
5967 887 13909
11062 11690 12767
11690 11062 12767
12767 11062 11690
14929 4730 13677
13677 4730 14929
4730 13677 14929
211 4495 11522
11522 211 4495
4495 211 11522
11023 1172 14562
14562 1172 11023
1172 11023 14562
5507 2502 14274
14274 2502 5507
2502 5507 14274
10266 9214 14039
14039 9214 10266
9214 10266 14039
2652 2100 11158
11158 2100 2652
2100 2652 11158
6107 544 10716
10716 544 6107
544 6107 10716
13357 1766 7142
7142 1766 13357
1766 7142 13357
5728 7795 13308
13308 5728 7795
7795 5728 13308
1450 5747 14787
14787 1450 5747
5747 1450 14787
1865 6538 9890
9890 1865 6538
6538 1865 9890
5414 420 12000
420 5414 12000
12000 420 5414
9830 8348 12266
12266 8348 9830
8348 9830 12266
3865 908 14683
14683 908 3865
908 3865 14683
4763 7149 12949
7149 4763 12949
12949 4763 7149
7269 5162 11515
11515 5162 7269
5162 7269 11515
10803 6873 11901
6873 10803 11901
11901 6873 10803
8505 1231 7406
1231 7406 8505
7406 1231 8505
9197 493 7102
7102 493 9197
493 7102 9197
746 5007 9237
9237 746 5007
5007 746 9237
7449 7679 12113
12113 7449 7679
7679 7449 12113
11839 2759 6168
2759 6168 11839
6168 2759 11839
13003 9482 9797
9797 9482 13003
9482 9797 13003
13388 6894 10888
10888 6894 13388
6894 10888 13388
738 810 12700
810 738 12700
12700 738 810
8128 6765 10063
6765 8128 10063
10063 6765 8128
10433 5666 13303
13303 5666 10433
5666 10433 13303
14611 7823 12765
12765 7823 14611
7823 12765 14611
9256 2866 10161
2866 9256 10161
10161 2866 9256
7130 2252 12120
2252 7130 12120
12120 2252 7130
14146 3076 8332
3076 8332 14146
8332 3076 14146
2740 2275 3167
2275 2740 3167
3167 2275 2740
2696 7980 14303
7980 2696 14303
14303 2696 7980
9557 829 2266
829 2266 9557
2266 829 9557
3493 4493 12990
4493 3493 12990
12990 3493 4493
14130 10304 11180
10304 11180 14130
11180 10304 14130
7959 3962 13781
13781 3962 7959
3962 7959 13781
4940 12185 13844
12185 4940 13844
13844 4940 12185
199 13576 14444
13576 199 14444
14444 199 13576
1054 2645 2780
2780 1054 2645
2645 1054 2780
1052 3420 14900
3420 1052 14900
14900 1052 3420
3153 3634 12592
12592 3153 3634
3634 3153 12592
13979 1581 8873
8873 1581 13979
1581 8873 13979
6378 8590 14663
8590 6378 14663
14663 6378 8590
5562 11959 12020
12020 5562 11959
11959 5562 12020
5415 5734 10069
10069 5415 5734
5734 5415 10069
547 2265 5488
2265 547 5488
5488 547 2265
3902 3340 7048
3340 3902 7048
7048 3340 3902
364 11077 12308
12308 364 11077
11077 364 12308
8187 10662 13439
13439 8187 10662
10662 8187 13439
222 5396 13077
5396 222 13077
13077 222 5396
8546 125 712
712 125 8546
125 712 8546
593 12128 12681
12681 593 12128
12128 593 12681
14019 5505 10641
5505 10641 14019
10641 5505 14019
7441 5279 9160
9160 5279 7441
5279 7441 9160
14400 7443 10706
7443 10706 14400
10706 7443 14400
10975 4049 13910
13910 4049 10975
4049 10975 13910
13581 4299 12924
4299 12924 13581
12924 4299 13581
11146 1339 8599
1339 8599 11146
8599 1339 11146
8072 10002 13000
10002 8072 13000
13000 8072 10002
5885 3289 13477
3289 5885 13477
13477 3289 5885
12705 9982 11657
11657 9982 12705
9982 11657 12705
5775 4898 8475
4898 5775 8475
8475 4898 5775
9762 2438 13461
2438 9762 13461
13461 2438 9762
3620 8371 9345
9345 3620 8371
8371 3620 9345
12894 382 11886
382 11886 12894
11886 382 12894
6892 9730 10113
10113 6892 9730
9730 6892 10113
8303 743 6849
6849 743 8303
743 6849 8303
6763 2712 12394
12394 2712 6763
2712 6763 12394
5841 3298 7188
7188 3298 5841
3298 5841 7188
10168 7921 14609
14609 7921 10168
7921 10168 14609
740 8449 12836
8449 740 12836
12836 740 8449
7909 646 11117
11117 646 7909
646 7909 11117
864 1592 8625
1592 864 8625
8625 864 1592
1958 4201 7067
7067 1958 4201
4201 1958 7067
11643 1201 6654
6654 1201 11643
1201 6654 11643
8724 6450 12105
6450 8724 12105
12105 6450 8724
7319 2370 8999
8999 2370 7319
2370 7319 8999
6411 11221 13361
11221 6411 13361
13361 6411 11221
14197 8392 11304
11304 8392 14197
8392 11304 14197
12304 3249 9217
3249 9217 12304
9217 3249 12304
13755 1921 9377
9377 1921 13755
1921 9377 13755
3914 4311 11632
4311 3914 11632
11632 3914 4311
619 1174 13628
1174 619 13628
13628 619 1174
3861 4151 6890
4151 3861 6890
6890 3861 4151
10753 1522 2593
2593 1522 10753
1522 2593 10753
4428 10399 13196
10399 4428 13196
13196 4428 10399
14849 7288 12719
7288 12719 14849
12719 7288 14849
427 844 12116
12116 427 844
844 427 12116
9227 10602 12349
12349 9227 10602
10602 9227 12349
546 3875 4822
4822 546 3875
3875 546 4822
8158 2792 3374
2792 3374 8158
3374 2792 8158
3885 4736 13314
4736 3885 13314
13314 3885 4736
14308 6761 6983
6983 6761 14308
6761 6983 14308
1368 165 1526
165 1368 1526
1526 165 1368
11510 6989 11845
11845 6989 11510
6989 11510 11845
9490 4600 8385
4600 8385 9490
8385 4600 9490
13272 1604 10717
1604 10717 13272
10717 1604 13272
10665 2245 3056
3056 2245 10665
2245 3056 10665
10028 6171 13287
6171 10028 13287
13287 6171 10028
12436 4343 10354
4343 10354 12436
10354 4343 12436
11732 2496 13108
13108 2496 11732
2496 11732 13108
10314 3091 9707
9707 3091 10314
3091 9707 10314
12236 8498 10910
8498 10910 12236
10910 8498 12236
9517 4650 8539
4650 8539 9517
8539 4650 9517
12502 12373 14575
12373 12502 14575
14575 12373 12502
10288 2486 3597
2486 3597 10288
3597 2486 10288
9552 9040 13520
13520 9040 9552
9040 9552 13520
3032 11742 13386
11742 3032 13386
13386 3032 11742
14247 10459 12041
12041 10459 14247
10459 12041 14247
4145 1940 9794
1940 4145 9794
9794 1940 4145
2871 3534 13799
13799 2871 3534
3534 2871 13799
701 2649 12490
2649 701 12490
12490 701 2649
5749 7408 10989
7408 5749 10989
10989 5749 7408
2708 1638 4935
4935 1638 2708
1638 2708 4935
6149 1073 3915
1073 3915 6149
3915 1073 6149
282 6043 12751
12751 282 6043
6043 282 12751
1326 8359 13266
13266 1326 8359
8359 1326 13266
2311 3087 7407
7407 2311 3087
3087 2311 7407
13827 1965 5119
1965 5119 13827
5119 1965 13827
1408 10962 13536
13536 1408 10962
10962 1408 13536
14992 5236 6559
5236 6559 14992
6559 5236 14992
11031 9145 12335
9145 11031 12335
12335 9145 11031
14984 4365 6116
4365 6116 14984
6116 4365 14984
14318 3468 10541
3468 10541 14318
10541 3468 14318
8319 5441 8913
8913 5441 8319
5441 8319 8913
3592 11931 12258
12258 3592 11931
11931 3592 12258
6215 5936 12559
5936 6215 12559
12559 5936 6215
13110 3294 9394
9394 3294 13110
3294 9394 13110
10551 6971 14214
6971 10551 14214
14214 6971 10551
1821 7387 14117
14117 1821 7387
7387 1821 14117
4973 1372 12712
12712 1372 4973
1372 4973 12712
11302 2358 5893
2358 5893 11302
5893 2358 11302
11938 9472 11950
9472 11938 11950
11950 9472 11938
337 2754 7409
7409 337 2754
2754 337 7409
5535 10743 12245
12245 5535 10743
10743 5535 12245
13240 5169 7702
5169 7702 13240
7702 5169 13240
4624 2085 9361
2085 4624 9361
9361 2085 4624
155 5188 8784
5188 155 8784
8784 155 5188
1679 6229 12428
12428 1679 6229
6229 1679 12428
14113 4177 5210
4177 5210 14113
5210 4177 14113
5392 2550 3786
2550 3786 5392
3786 2550 5392
6717 8400 12338
12338 6717 8400
8400 6717 12338
3342 2457 11915
2457 3342 11915
11915 2457 3342
606 7476 11369
7476 606 11369
11369 606 7476
14822 9196 14037
9196 14037 14822
14037 9196 14822
8292 86 5090
5090 86 8292
86 5090 8292
10338 1116 10021
10021 1116 10338
1116 10021 10338
5037 2689 5477
5477 2689 5037
2689 5037 5477
13427 4407 7845
7845 4407 13427
4407 7845 13427
10599 7729 14042
7729 10599 14042
14042 7729 10599
11033 7309 11222
7309 11033 11222
11222 7309 11033
554 2525 14941
14941 554 2525
2525 554 14941
10006 13736 14333
14333 10006 13736
13736 10006 14333
5593 4007 7328
7328 4007 5593
4007 5593 7328
4009 4575 8909
4575 4009 8909
8909 4009 4575
13508 4904 6309
6309 4904 13508
4904 6309 13508
2901 9863 10222
10222 2901 9863
9863 2901 10222
12655 1474 2680
1474 2680 12655
2680 1474 12655
10744 5752 12156
12156 5752 10744
5752 10744 12156
8566 1598 6869
1598 6869 8566
6869 1598 8566
5041 7943 13324
13324 5041 7943
7943 5041 13324
11639 1647 8729
8729 1647 11639
1647 8729 11639
1460 10470 10501
10470 1460 10501
10501 1460 10470
12216 8334 9796
8334 9796 12216
9796 8334 12216
2076 3458 4734
3458 2076 4734
4734 2076 3458
626 7641 13518
13518 626 7641
7641 626 13518
5645 6708 10604
10604 5645 6708
6708 5645 10604
12199 102 13185
102 12199 13185
13185 102 12199
3761 2230 12279
2230 3761 12279
12279 2230 3761
11694 1935 14319
14319 1935 11694
1935 11694 14319
56 6382 14102
6382 56 14102
14102 56 6382
7686 7038 7460
7038 7460 7686
7460 7038 7686
9226 7392 9916
9916 7392 9226
7392 9226 9916
2626 8940 9099
8940 2626 9099
9099 2626 8940
11492 634 5753
5753 634 11492
634 5753 11492
12801 4353 11199
4353 11199 12801
11199 4353 12801
2001 7973 13920
13920 2001 7973
7973 2001 13920
8280 1415 7569
1415 7569 8280
7569 1415 8280
5136 347 7581
347 5136 7581
7581 347 5136
4424 4136 10579
4136 4424 10579
10579 4136 4424
421 157 11527
157 421 11527
11527 157 421
2685 10291 13515
10291 2685 13515
13515 2685 10291
2195 1429 9984
1429 2195 9984
9984 1429 2195
4512 11706 14804
11706 4512 14804
14804 4512 11706
9653 2952 6291
2952 6291 9653
6291 2952 9653
3181 3955 4016
4016 3181 3955
3955 3181 4016
9599 2789 6428
2789 6428 9599
6428 2789 9599
2684 4411 6889
4411 2684 6889
6889 2684 4411
8048 1399 3673
3673 1399 8048
1399 3673 8048
10164 2514 9622
9622 2514 10164
2514 9622 10164
11641 10874 11603
11603 10874 11641
10874 11603 11641
659 3740 9811
3740 659 9811
9811 659 3740
11840 7838 9195
9195 7838 11840
7838 9195 11840
2515 7390 14615
7390 2515 14615
14615 2515 7390
1653 10214 10614
10614 1653 10214
10214 1653 10614
4282 10718 13261
10718 4282 13261
13261 4282 10718
4210 11962 13966
11962 4210 13966
13966 4210 11962
4269 299 4150
299 4150 4269
4150 299 4269
8701 6301 13724
13724 6301 8701
6301 8701 13724
9392 13147 14748
14748 9392 13147
13147 9392 14748
3557 12922 14282
14282 3557 12922
12922 3557 14282
14481 8922 10418
10418 8922 14481
8922 10418 14481
9357 8711 12415
8711 9357 12415
12415 8711 9357
1711 624 1627
624 1627 1711
1627 624 1711
13403 937 1861
937 1861 13403
1861 937 13403
676 7882 8271
8271 676 7882
7882 676 8271
8290 4312 7335
4312 7335 8290
7335 4312 8290
2359 2891 11305
11305 2359 2891
2891 2359 11305
8173 8776 14054
8776 8173 14054
14054 8173 8776
4533 4107 8506
8506 4107 4533
4107 4533 8506
7736 3131 6598
6598 3131 7736
3131 6598 7736
12240 11496 12868
12868 11496 12240
11496 12240 12868
2229 3923 8528
3923 2229 8528
8528 2229 3923
10112 3405 4779
4779 3405 10112
3405 4779 10112
40 6431 13549
6431 40 13549
13549 40 6431
7898 4664 8262
4664 7898 8262
8262 4664 7898
9518 3418 8002
3418 8002 9518
8002 3418 9518
8026 302 3598
302 3598 8026
3598 302 8026
5755 197 2610
2610 197 5755
197 2610 5755
1582 3623 10619
10619 1582 3623
3623 1582 10619
12315 7422 13274
13274 7422 12315
7422 12315 13274
7851 1523 7138
7138 1523 7851
1523 7138 7851
130 2028 10489
10489 130 2028
2028 130 10489
8863 3889 4901
4901 3889 8863
3889 4901 8863
7354 7640 8849
7640 7354 8849
8849 7354 7640
14131 876 5692
876 5692 14131
5692 876 14131
436 875 4427
4427 436 875
875 436 4427
3743 9251 10838
10838 3743 9251
9251 3743 10838
4394 3012 12232
3012 4394 12232
12232 3012 4394
12367 4643 8576
8576 4643 12367
4643 8576 12367
8405 1168 6575
1168 6575 8405
6575 1168 8405
2051 2293 5612
5612 2051 2293
2293 2051 5612
1705 506 1259
506 1259 1705
1259 506 1705
10929 5245 7099
5245 7099 10929
7099 5245 10929
12411 643 3455
3455 643 12411
643 3455 12411
5179 147 1110
147 1110 5179
1110 147 5179
11998 5029 12162
5029 11998 12162
12162 5029 11998
1817 7599 13499
13499 1817 7599
7599 1817 13499
11890 7146 13893
7146 11890 13893
13893 7146 11890
2414 6727 9088
9088 2414 6727
6727 2414 9088
3242 2561 6401
2561 3242 6401
6401 2561 3242
4242 6371 8043
6371 4242 8043
8043 4242 6371
6007 9553 13890
9553 6007 13890
13890 6007 9553
202 690 4795
4795 202 690
690 202 4795
14119 10985 11624
10985 11624 14119
11624 10985 14119
12249 5345 11059
11059 5345 12249
5345 11059 12249
439 126 13475
13475 126 439
126 439 13475
6080 8720 12244
8720 6080 12244
12244 6080 8720
14782 6268 13384
13384 6268 14782
6268 13384 14782
3143 184 9096
9096 184 3143
184 3143 9096
13908 8710 13139
13139 8710 13908
8710 13139 13908
4976 4593 11767
11767 4593 4976
4593 4976 11767
10878 139 11021
139 10878 11021
11021 139 10878
8690 219 9284
219 8690 9284
9284 219 8690
4205 5677 9856
9856 4205 5677
5677 4205 9856
7452 8928 14606
8928 7452 14606
14606 7452 8928
6176 2950 12883
2950 6176 12883
12883 2950 6176
4285 3880 14752
14752 3880 4285
3880 4285 14752
6150 7652 13507
13507 6150 7652
7652 6150 13507
2955 123 14903
14903 123 2955
123 2955 14903
4369 1138 6743
6743 1138 4369
1138 4369 6743
12730 3082 6553
6553 3082 12730
3082 6553 12730
8200 4415 9034
4415 8200 9034
9034 4415 8200
7347 3775 7227
3775 7227 7347
7227 3775 7347
13900 7813 9681
9681 7813 13900
7813 9681 13900
8797 8221 12110
8221 8797 12110
12110 8221 8797
271 1223 4208
1223 271 4208
4208 271 1223
5604 6274 6479
6274 5604 6479
6479 5604 6274
4067 3456 14017
3456 4067 14017
14017 3456 4067
1614 6966 9980
9980 1614 6966
6966 1614 9980
10568 4324 14535
4324 10568 14535
14535 4324 10568
5657 3738 12285
12285 3738 5657
3738 5657 12285
8167 2180 3461
3461 2180 8167
2180 3461 8167
4678 3035 7666
7666 3035 4678
3035 4678 7666
209 1712 2509
2509 209 1712
1712 209 2509
11214 426 12392
12392 426 11214
426 11214 12392
31 8766 11072
8766 31 11072
11072 31 8766
10084 11760 14419
14419 10084 11760
11760 10084 14419
5434 1825 1991
1825 1991 5434
1991 1825 5434
4563 687 9507
687 4563 9507
9507 687 4563
7041 1036 5206
5206 1036 7041
1036 5206 7041
10440 6165 8274
8274 6165 10440
6165 8274 10440
12355 4046 5394
5394 4046 12355
4046 5394 12355
7815 3450 10845
10845 3450 7815
3450 7815 10845
13655 7919 11826
11826 7919 13655
7919 11826 13655
7579 7535 14350
14350 7535 7579
7535 7579 14350
11725 4623 11996
11996 4623 11725
4623 11725 11996
11708 5729 7555
5729 7555 11708
7555 5729 11708
11759 131 8368
8368 131 11759
131 8368 11759
4895 2914 5618
5618 2914 4895
2914 4895 5618
2587 9644 12257
12257 2587 9644
9644 2587 12257
4534 2109 5055
2109 4534 5055
5055 2109 4534
8357 7833 13767
7833 8357 13767
13767 7833 8357
4051 2038 11014
11014 2038 4051
2038 4051 11014
11633 9275 9568
9568 9275 11633
9275 9568 11633
8226 1296 9765
9765 1296 8226
1296 8226 9765
492 8770 9968
9968 492 8770
8770 492 9968
2530 1820 8115
1820 2530 8115
8115 1820 2530
2231 5719 7914
5719 2231 7914
7914 2231 5719
7690 8458 8772
8772 7690 8458
8458 7690 8772
3893 5460 13489
13489 3893 5460
5460 3893 13489
14085 1892 4315
1892 4315 14085
4315 1892 14085
11327 6096 11361
6096 11327 11361
11361 6096 11327
1438 1992 4250
4250 1438 1992
1992 1438 4250
1299 7001 14224
7001 1299 14224
14224 1299 7001
8879 12064 13905
13905 8879 12064
12064 8879 13905
11371 8845 10416
8845 10416 11371
10416 8845 11371
2330 3868 14645
14645 2330 3868
3868 2330 14645
4959 327 6906
6906 327 4959
327 4959 6906
6267 3625 5059
5059 3625 6267
3625 5059 6267
5300 178 12014
178 5300 12014
12014 178 5300
13458 128 4855
128 4855 13458
